  -42.536861,    22.220800,   -35.532898,    22.220800
  -34.836380,    22.220800,   -12.636260,    22.220800
  -11.939740,    22.220800,    -5.017700,    22.220800
   -4.280220,    22.220800,     2.641820,    22.220800
   12.677020,    22.507521,   -42.823582,    22.507521
   12.677020,    22.548479,     6.123620,    22.548479
   40.898560,    22.220701,    40.898560,    21.647459
   40.898560,    20.950941,    40.898560,    17.100899
   40.898560,    16.404381,    40.898560,    10.014820
   40.898659,    10.014720,    41.389980,    10.014720
   41.390079,    10.014820,    41.390079,    22.507421
   40.898560,     8.785820,    40.898560,     8.540260
   40.898560,     7.843740,    40.898560,     4.280420
   40.898560,     3.583900,    40.898560,     2.723940
   41.390079,     2.437220,    41.390079,     8.785820
   41.389980,     8.785920,    40.898659,     8.785920
   40.898460,     2.723840,    33.894501,     2.723840
   33.197979,     2.723840,    26.275940,     2.723840
   25.538462,     2.723840,    18.616419,     2.723840
   17.919901,     2.723840,    10.997860,     2.723840
   10.260380,     2.723840,     3.338340,     2.723840
    2.641820,     2.723840,    -4.280220,     2.723840
   28.692579,     2.437120,    29.470621,     2.437120
   29.634659,     2.437120,    31.149981,     2.437120
   31.354979,     2.437120,    32.133022,     2.437120
   32.297058,     2.437120,    41.389980,     2.437120
  -42.536961,     2.723940,   -42.536961,     3.256220
  -42.536961,     3.993700,   -42.536961,     7.843740
  -42.536961,     8.499300,   -42.536961,    16.404381
  -42.536961,    17.100899,   -42.536961,    20.664221
  -42.536961,    21.360739,   -42.536961,    22.220701
  -42.823681,    22.507421,   -42.823681,     2.437220
   33.648640,     3.420260,    33.648640,     7.884700
   33.730461,     8.089600,    33.443939,     8.089600
   33.443840,     8.089499,    33.443840,     7.843940
   33.443840,     7.679900,    33.443840,     3.584100
   33.648739,     7.884800,    33.730461,     7.884800
   33.730560,     7.884900,    33.730560,     8.089499
   35.082142,     8.089600,    34.631779,     8.089600
   34.631680,     8.089499,    34.631680,     7.884900
   -0.593920,     9.728100,    -0.593920,     9.891740
   -0.594020,     9.891840,    -0.716700,     9.891840
   -0.593920,    11.079781,    -0.593920,    11.243420
   -0.593920,    11.366500,    -0.593920,    11.448220
   -0.594020,    11.448320,    -0.716700,    11.448320
   -0.716800,    11.448220,    -0.716800,    11.079781
   -0.716700,    11.079680,    -0.594020,    11.079680
   -0.593920,    12.349540,    -0.593920,    15.421340
   -0.716800,    15.421340,    -0.716800,    12.349540
   -0.716700,    12.349440,    -0.594020,    12.349440
    6.901760,     2.928740,     6.901760,     7.720860
    6.778880,     7.720860,     6.778880,     2.928740
   14.397440,     7.720860,    14.397440,     2.928740
   14.520320,     2.928740,    14.520320,     7.720860
  -41.676701,    16.855040,   -37.335140,    16.855040
  -37.171101,    16.855040,   -36.270180,    16.855040
  -36.270081,    16.855139,   -36.270081,    17.059740
  -36.270180,    17.059839,   -41.840542,    17.059839
  -35.368862,    16.855040,   -35.082340,    16.855040
  -35.287140,    17.059839,   -35.368862,    17.059839
  -35.368961,    17.059740,   -35.368961,    16.855139
  -35.287041,    21.524382,   -35.287041,    21.155939
  -35.287041,    20.254622,   -35.287041,    19.640419
  -35.287041,    19.435421,   -35.287041,    17.059938
  -35.082241,    16.855139,   -35.082241,    18.165661
  -35.082241,    18.288738,   -35.082241,    20.254622
  -35.082241,    21.155939,   -35.082241,    21.360540
   35.368961,     8.212580,    35.368961,     8.621980
   35.368862,     8.622080,    35.082340,     8.622080
   35.082241,     8.621980,    35.082241,     8.089700
   35.368961,     9.523300,    35.368961,     9.973660
   35.082241,     9.645980,    35.082241,     9.523300
   35.082340,     9.523200,    35.368862,     9.523200
   30.863359,     7.679900,    30.863359,     2.969700
   31.027201,     2.969700,    31.027201,     7.679900
  -15.421440,     7.024540,   -15.421440,     2.723940
  -15.380480,     2.723940,   -15.380480,     7.065500
   -9.523100,     7.065600,    -8.540260,     7.065600
  -10.588260,     7.188480,   -12.799900,     7.188480
  -14.315620,     7.188480,   -18.411421,     7.188480
  -12.799900,     7.065600,   -10.588260,     7.065600
  -15.380380,     7.065600,   -14.315620,     7.065600
    3.092480,     3.584100,     3.092480,     6.860700
    3.092480,     7.024740,     3.092480,     7.843740
    3.092380,     7.843840,     2.805860,     7.843840
    2.887680,     7.679900,     2.887680,     3.543140
   -2.232320,     9.605220,    -2.232320,    11.775900
   -2.437120,    11.571100,    -2.437120,     9.810020
   -2.232220,    15.421440,    -2.150500,    15.421440
   -2.150400,    15.421540,    -2.150400,    15.544220
   -1.249180,    15.421440,    -0.716900,    15.421440
   -0.593820,    15.421440,     2.846620,    15.421440
    2.887580,    15.544320,    -1.249180,    15.544320
   -1.249280,    15.544220,    -1.249280,    15.421540
   -5.754780,    12.513280,    -4.075620,    12.513280
   -4.075520,    13.619100,    -4.075520,    12.677220
   -4.075620,    12.677120,    -5.754780,    12.677120
   -4.075520,    12.513180,    -4.075520,    11.571301
   -3.911680,    11.776100,    -3.911680,    13.414300
   -4.075420,    11.571200,    -3.420260,    11.571200
   -3.420160,    11.571301,    -3.420160,    11.775900
   -3.420260,    11.776000,    -3.911580,    11.776000
   -2.518940,    11.571200,    -2.437220,    11.571200
   -2.232420,    11.776000,    -2.518940,    11.776000
   -2.519040,    11.775900,    -2.519040,    11.571301
   -5.877760,    14.315420,    -5.877760,    12.800100
   -5.754880,    10.793060,    -5.754880,    12.513180
   -5.754880,    12.677220,    -5.754880,    14.315420
   -5.754980,    14.315520,    -5.877660,    14.315520
   -5.836800,    12.390500,    -5.836800,    12.717979
   -3.911580,    13.414400,    -3.420260,    13.414400
   -3.420160,    13.414500,    -3.420160,    13.619100
   -3.420260,    13.619200,    -4.075420,    13.619200
   -2.518940,    13.414400,    -2.232420,    13.414400
   -2.437220,    13.619200,    -2.518940,    13.619200
   -2.519040,    13.619100,    -2.519040,    13.414500
   -2.232320,    13.414500,    -2.232320,    15.421340
   -2.437120,    15.380380,    -2.437120,    13.619300
   -9.932700,    15.380480,    -4.853860,    15.380480
   -4.444060,    15.380480,    -2.437220,    15.380480
   -2.150500,    15.544320,   -12.717979,    15.544320
   -9.932800,     9.810020,    -9.932800,    12.308380
   -9.932800,    12.800100,    -9.932800,    15.380380
  -10.096640,    15.421340,   -10.096640,     9.728100
   -9.932800,    12.717979,    -9.932800,    12.390500
    3.215460,     9.891840,     3.665820,     9.891840
    3.788900,     9.891840,     9.523100,     9.891840
    9.523200,     9.891940,     9.523200,    10.137500
    9.523100,    10.137600,     3.092580,    10.137600
   10.465380,     9.891840,    10.547100,     9.891840
   10.547100,    10.137600,    10.465380,    10.137600
   10.465280,    10.137500,    10.465280,     9.891940
   27.709440,    22.220701,    27.709440,    15.298660
   27.914240,     9.973860,    27.914240,    22.220701
   18.165760,    14.929820,    18.165760,    10.014820
   18.370560,    10.014820,    18.370560,    14.929820
   -5.877760,    12.308380,    -5.877760,    10.793060
   -5.877660,    10.792960,    -5.754980,    10.792960
   10.711040,     3.584100,    10.711040,     7.270300
   10.588160,     7.270300,    10.588160,     3.584100
   18.329599,     3.584100,    18.329599,     7.720860
   18.206720,     7.720860,    18.206720,     3.584100
    3.706980,     7.720960,     4.362140,     7.720960
    4.362240,     7.721060,     4.362240,     7.843740
    4.362140,     7.843840,     3.584100,     7.843840
    3.584000,     7.843740,     3.584000,     7.721060
    6.697060,     7.720960,     6.778780,     7.720960
    6.942720,     7.721060,     6.942720,     7.843740
    6.942620,     7.843840,     6.697060,     7.843840
    6.696960,     7.843740,     6.696960,     7.721060
    9.277540,     7.720960,    10.342299,     7.720960
   10.915940,     7.720960,    12.062620,     7.720960
   12.062720,     7.721060,    12.062720,     7.843740
   12.062620,     7.843840,    10.793060,     7.843840
   10.465179,     7.843840,     9.277540,     7.843840
    9.277440,     7.843740,     9.277440,     7.721060
   14.561280,     7.721060,    14.561280,     7.843740
   14.561180,     7.843840,    14.356580,     7.843840
   14.356480,     7.843740,    14.356480,     7.721060
   16.896099,     7.720960,    18.206621,     7.720960
   18.329699,     7.720960,    19.681181,     7.720960
   19.681280,     7.721060,    19.681280,     7.843740
   19.681181,     7.843840,    16.896099,     7.843840
   16.896000,     7.843740,    16.896000,     7.721060
   22.261662,     7.843840,    21.975140,     7.843840
   21.975040,     7.843740,    21.975040,     7.721060
   -2.437220,     9.809920,    -4.362140,     9.809920
   -4.935780,     9.809920,    -9.932700,     9.809920
   -8.908800,     9.605220,    -8.908800,     9.686940
   -8.908700,     9.687040,    -8.622180,     9.687040
   -8.622080,     9.686940,    -8.622080,     9.605220
   -8.621980,     9.605120,    -4.894820,     9.605120
   -4.403100,     9.605120,    -2.232420,     9.605120
   18.083740,     9.973760,    16.035938,     9.973760
   16.035839,     9.973660,    16.035839,     9.646180
   16.035938,     9.646080,    18.001822,     9.646080
   14.233500,     9.973760,    10.874980,     9.973760
   10.547200,     9.891740,    10.547200,     9.646180
   10.547300,     9.646080,    14.233500,     9.646080
   14.233600,     9.646180,    14.233600,     9.973660
   10.629020,   -12.963840,    -4.525980,   -12.963840
   -4.280220,   -13.250560,     2.641820,   -13.250560
    3.338340,   -13.250560,    10.342299,   -13.250560
  -42.823582,   -33.075199,   -14.479460,   -33.075199
   10.629020,   -33.075199,   -12.677020,   -33.075199
  -14.274460,   -33.075199,   -12.882020,   -33.075199
  -19.558300,   -32.747520,   -12.636260,   -32.747520
   -5.017700,   -32.747520,   -11.939740,   -32.747520
    2.641820,   -32.747520,    -4.280220,   -32.747520
   10.342299,   -32.747520,     3.338340,   -32.747520
  -42.536861,   -32.747520,   -35.532898,   -32.747520
  -34.836380,   -32.747520,   -27.914339,   -32.747520
  -42.823681,   -12.963940,   -42.823681,   -18.288540
  -42.536961,   -18.370461,   -42.536961,   -14.520420
  -42.536961,   -13.823900,   -42.536961,   -13.250660
   10.342400,   -13.250660,    10.342400,   -14.110620
   10.342400,   -14.807140,    10.342400,   -18.288540
   10.629120,   -18.288540,    10.629120,   -12.963940
  -41.840542,   -27.586559,   -39.014500,   -27.586559
  -39.014301,   -27.586559,   -36.270180,   -27.586559
  -36.270081,   -27.586460,   -36.270081,   -27.381859
  -36.270180,   -27.381760,   -37.621662,   -27.381760
  -37.744740,   -27.381760,   -41.676701,   -27.381760
  -35.327999,   -25.989220,   -35.327999,   -27.381660
  -35.368961,   -27.381859,   -35.368961,   -27.586460
  -35.327999,   -27.586658,   -35.327999,   -32.092060
  -35.000320,   -32.092060,   -35.000320,   -25.907299
    9.645980,   -18.411520,     4.075620,   -18.411520
    4.075520,   -18.411619,     4.075520,   -18.616220
    4.075620,   -18.616320,     5.672860,   -18.616320
    5.795940,   -18.616320,     9.645980,   -18.616320
    3.174300,   -18.411520,     3.092580,   -18.411520
    3.174400,   -18.411619,     3.174400,   -18.616220
    3.174300,   -18.616320,     2.887780,   -18.616320
    3.092480,   -18.411421,     3.092480,   -15.339621
    3.092480,   -15.134620,     3.092480,   -15.052900
    3.092380,   -15.052800,     2.887780,   -15.052800
    2.887680,   -15.052900,     2.887680,   -18.493341
    3.092480,   -14.151580,     3.092480,   -13.946980
    2.887680,   -14.069860,     2.887680,   -14.151580
    2.887780,   -14.151680,     3.092380,   -14.151680
   -4.567040,   -24.022942,    -4.567040,   -20.541538
   -4.689920,   -20.582499,    -4.689920,   -24.145821
   -7.270400,   -25.661341,    -7.270400,   -20.336739
   -7.393280,   -20.213860,    -7.393280,   -21.155741
  -12.185600,   -14.069860,   -12.185600,   -15.175580
  -12.185600,   -15.257700,   -12.185600,   -17.059740
  -12.144640,   -17.059740,   -12.144640,   -14.069860
   -8.540260,   -17.059839,    -9.154460,   -17.059839
   -9.154560,   -17.059938,    -9.154560,   -17.182621
   -9.154460,   -17.182720,    -8.581220,   -17.182720
  -10.383460,   -17.059839,   -15.953820,   -17.059839
  -15.912860,   -17.182720,   -12.472420,   -17.182720
  -12.103580,   -17.182720,   -10.793060,   -17.182720
  -10.669980,   -17.182720,   -10.383460,   -17.182720
  -10.383360,   -17.182621,   -10.383360,   -17.059938
  -16.117760,   -13.865060,   -16.117760,   -14.847899
  -16.117661,   -14.848000,   -15.954021,   -14.848000
  -15.953920,   -14.847899,   -15.953920,   -14.069860
  -15.953920,   -13.946780,   -15.953920,   -13.824100
  -16.117760,   -16.363619,   -16.117760,   -17.100700
  -15.953920,   -17.059740,   -15.953920,   -16.363619
  -15.954021,   -16.363520,   -16.117661,   -16.363520
  -15.953820,   -14.069760,    -8.540260,   -14.069760
   -8.540260,   -13.946880,   -15.953820,   -13.946880
  -31.477760,    -8.007780,   -31.477760,   -12.963739
  -31.191040,   -13.250460,   -31.191040,    -8.294500
   -4.526080,   -12.963739,    -4.526080,    -8.007780
   -4.853760,    -8.294500,    -4.853760,   -13.250460
  -31.477859,   -12.963840,   -42.823582,   -12.963840
  -42.536861,   -13.250560,   -35.532898,   -13.250560
  -34.836380,   -13.250560,   -31.723619,   -13.250560
  -31.190941,    -8.294400,    -4.853860,    -8.294400
   -4.526180,    -8.007680,   -31.477661,    -8.007680
   19.722340,     7.761920,    20.991901,     7.761920
   20.991901,     7.802880,    19.722340,     7.802880
   20.991901,     7.720960,    19.722340,     7.720960
   20.991901,     7.843840,    19.722340,     7.843840
   21.934080,     7.721060,    21.934080,     7.843740
   19.722240,     7.721060,    19.722240,     7.843740
   21.032961,     7.721060,    21.032961,     7.843740
   22.016001,     7.720860,    22.016001,     2.928740
   22.179840,     2.969700,    22.179840,     7.679900
  -42.537060,   -27.422720,   -44.134300,   -27.422720
  -44.461979,   -27.709440,   -42.823780,   -27.709440
  -44.134399,   -27.422621,   -44.134399,   -18.575459
  -44.462078,   -18.288738,   -44.462078,   -27.709341
  -44.134300,   -18.575359,   -42.537060,   -18.575359
  -42.823780,   -18.288639,   -44.461979,   -18.288639
  -42.823681,   -27.709539,   -42.823681,   -33.075100
  -42.536961,   -32.747421,   -42.536961,   -31.887459
  -42.536961,   -31.231901,   -42.536961,   -27.709539
   10.342500,   -18.575359,    11.939740,   -18.575359
   12.226460,   -18.288639,    10.629220,   -18.288639
   11.939840,   -18.575459,    11.939840,   -27.422621
   12.226560,   -27.750301,    12.226560,   -18.288738
   11.939740,   -27.422720,    10.342500,   -27.422720
   10.629220,   -27.750401,    12.226460,   -27.750401
   10.342400,   -27.627619,    10.342400,   -31.477661
   10.342400,   -32.215137,    10.342400,   -32.747421
   10.629120,   -33.075100,    10.629120,   -27.750500
   27.709341,    15.298560,    26.153059,    15.298560
   26.153059,    15.093760,    27.709341,    15.093760
   25.661341,    15.298560,    18.493540,    15.298560
   18.534500,    15.093760,    25.661341,    15.093760
   27.709341,     9.973760,    26.071138,     9.973760
   26.153059,     9.646080,    26.357660,     9.646080
   26.357759,     9.646180,    26.357759,     9.768860
   26.357859,     9.768960,    26.644381,     9.768960
   26.644480,     9.768860,    26.644480,     9.646180
   26.644579,     9.646080,    28.037022,     9.646080
   25.743261,     9.973760,    20.500580,     9.973760
   20.500481,     9.973660,    20.500481,     9.646180
   20.500580,     9.646080,    25.661341,     9.646080
   18.698141,     9.973760,    18.452579,     9.973760
   18.534500,     9.646080,    18.698141,     9.646080
   18.698240,     9.646180,    18.698240,     9.973660
   35.368862,     9.973760,    33.730659,     9.973760
   33.361820,     9.973760,    29.839458,     9.973760
   29.839359,     9.973660,    29.839359,     9.646180
   29.839458,     9.646080,    33.279900,     9.646080
   33.812580,     9.646080,    35.082142,     9.646080
   28.037121,     9.646180,    28.037121,     9.973660
   28.037022,     9.973760,    27.914339,     9.973760
   -8.499100,     7.024640,    -6.983780,     7.024640
   -6.983680,     7.024740,    -6.983680,     7.188380
   -6.983780,     7.188480,    -9.523100,     7.188480
   -5.795740,     7.024640,    -5.673060,     7.024640
   -5.673060,     7.188480,    -5.795740,     7.188480
   -5.795840,     7.188380,    -5.795840,     7.024740
   26.275940,    22.220800,    33.197979,    22.220800
   33.894501,    22.220800,    40.898460,    22.220800
   41.389980,    22.507521,    15.175780,    22.507521
   21.974941,    22.548479,    15.175780,    22.548479
    3.338340,    22.220800,    10.260380,    22.220800
   10.997860,    22.220800,    12.677020,    22.220800
   12.677120,    22.220900,    12.677120,    22.507421
   15.175780,    22.220800,    17.919901,    22.220800
   18.616419,    22.220800,    25.538462,    22.220800
   15.175680,    22.507421,    15.175680,    22.220900
   -5.017700,     2.723840,    -8.130460,     2.723840
   -8.826981,     2.723840,   -11.939740,     2.723840
  -12.636260,     2.723840,   -15.380380,     2.723840
  -15.421540,     2.723840,   -15.749020,     2.723840
  -16.445539,     2.723840,   -19.558300,     2.723840
  -20.295778,     2.723840,   -23.408541,     2.723840
  -24.105059,     2.723840,   -27.217821,     2.723840
  -27.914339,     2.723840,   -31.027102,     2.723840
  -31.723619,     2.723840,   -34.836380,     2.723840
  -35.532898,     2.723840,   -42.536861,     2.723840
  -42.823582,     2.437120,    28.487581,     2.437120
    3.338240,     2.723940,     3.338240,     3.420060
    2.641920,     3.420060,     2.641920,     2.723940
   10.997760,     2.723940,    10.997760,     3.420060
   10.997660,     3.420160,    10.260580,     3.420160
   10.260480,     3.420060,    10.260480,     2.723940
   18.616320,     2.723940,    18.616320,     3.420060
   18.616220,     3.420160,    17.920099,     3.420160
   17.920000,     3.420060,    17.920000,     2.723940
   26.275841,     2.723940,    26.275841,     3.420060
   26.275742,     3.420160,    25.538660,     3.420160
   25.538561,     3.420060,    25.538561,     2.723940
   33.894402,     2.723940,    33.894402,     3.420060
   33.894302,     3.420160,    33.198177,     3.420160
   33.198078,     3.420060,    33.198078,     2.723940
   40.898460,     4.280320,    40.202339,     4.280320
   40.202240,     4.280220,    40.202240,     3.584100
   40.202339,     3.584000,    40.898460,     3.584000
   40.898460,     8.540160,    40.202339,     8.540160
   40.202240,     8.540060,    40.202240,     7.843940
   40.202339,     7.843840,    40.898460,     7.843840
   40.898460,    17.100800,    40.202339,    17.100800
   40.202240,    17.100700,    40.202240,    16.404579
   40.202339,    16.404480,    40.898460,    16.404480
   40.898460,    21.647360,    40.202339,    21.647360
   40.202240,    21.647261,    40.202240,    20.951139
   40.202339,    20.951040,    40.898460,    20.951040
   33.198078,    22.220701,    33.198078,    21.524580
   33.198177,    21.524481,    33.894302,    21.524481
   33.894402,    21.524580,    33.894402,    22.220701
   25.538561,    22.220701,    25.538561,    21.524580
   25.538660,    21.524481,    26.275742,    21.524481
   26.275841,    21.524580,    26.275841,    22.220701
   17.920000,    22.220701,    17.920000,    21.524580
   17.920099,    21.524481,    18.616220,    21.524481
   18.616320,    21.524580,    18.616320,    22.220701
   10.260480,    22.220701,    10.260480,    21.524580
   10.260580,    21.524481,    10.997660,    21.524481
   10.997760,    21.524580,    10.997760,    22.220701
    2.641920,    22.220701,     2.641920,    21.524580
    2.642020,    21.524481,     3.338140,    21.524481
    3.338240,    21.524580,     3.338240,    22.220701
   -4.280320,    21.524580,    -4.280320,    22.220701
   -5.017600,    22.220701,    -5.017600,    21.524580
   -5.017500,    21.524481,    -4.280420,    21.524481
  -12.636160,    22.220701,   -12.636160,    21.524580
  -12.636060,    21.524481,   -11.939940,    21.524481
  -11.939840,    21.524580,   -11.939840,    22.220701
  -35.532799,    22.220701,   -35.532799,    21.524580
  -35.532700,    21.524481,   -34.836578,    21.524481
  -34.836479,    21.524580,   -34.836479,    22.220701
  -42.536861,     7.843840,   -41.840740,     7.843840
  -41.840641,     7.843940,   -41.840641,     8.499100
  -41.840740,     8.499200,   -42.536861,     8.499200
  -42.536861,    16.404480,   -41.840740,    16.404480
  -41.840641,    16.404579,   -41.840641,    17.100700
  -41.840740,    17.100800,   -42.536861,    17.100800
  -42.536861,    20.664320,   -41.840740,    20.664320
  -41.840641,    20.664419,   -41.840641,    21.360540
  -41.840740,    21.360640,   -42.536861,    21.360640
  -42.536861,     3.256320,   -41.840740,     3.256320
  -41.840641,     3.256420,   -41.840641,     3.993500
  -41.840740,     3.993600,   -42.536861,     3.993600
  -34.836479,   -32.747421,   -34.836479,   -32.092258
  -34.836578,   -32.092159,   -35.532700,   -32.092159
  -35.532799,   -32.092258,   -35.532799,   -32.747421
  -27.217920,   -32.747421,   -27.217920,   -32.092258
  -27.218019,   -32.092159,   -27.914141,   -32.092159
  -27.914240,   -32.092258,   -27.914240,   -32.747421
  -19.558399,   -32.747421,   -19.558399,   -32.092258
  -19.558498,   -32.092159,   -20.295580,   -32.092159
  -20.295679,   -32.092258,   -20.295679,   -32.747421
  -12.636160,   -32.747421,   -12.636160,   -32.092258
  -12.636060,   -32.092159,   -11.939940,   -32.092159
  -11.939840,   -32.092258,   -11.939840,   -32.747421
   -4.280320,   -32.747421,    -4.280320,   -32.092258
   -4.280420,   -32.092159,    -5.017500,   -32.092159
   -5.017600,   -32.092258,    -5.017600,   -32.747421
    3.338240,   -32.747421,     3.338240,   -32.092258
    3.338140,   -32.092159,     2.642020,   -32.092159
    2.641920,   -32.092258,     2.641920,   -32.747421
  -42.536861,   -31.887360,   -41.881699,   -31.887360
  -41.881599,   -31.887260,   -41.881599,   -31.232100
  -41.881699,   -31.232000,   -42.536861,   -31.232000
  -31.723520,   -13.250660,   -31.723520,   -13.946780
  -31.723421,   -13.946880,   -31.027300,   -13.946880
  -31.027201,   -13.946780,   -31.027201,   -13.250660
   -5.017600,   -13.250660,    -5.017600,   -13.946780
   -5.017500,   -13.946880,    -4.280420,   -13.946880
   -4.280320,   -13.946780,    -4.280320,   -13.250660
    2.641920,   -13.250660,     2.641920,   -13.946780
    2.642020,   -13.946880,     3.338140,   -13.946880
    3.338240,   -13.946780,     3.338240,   -13.250660
  -42.536861,   -27.750401,   -41.840740,   -27.750401
  -41.840641,   -27.750301,   -41.840641,   -26.931299
  -41.840740,   -26.931200,   -42.536861,   -26.931200
  -42.536861,   -19.066879,   -41.840740,   -19.066879
  -41.840641,   -19.066780,   -41.840641,   -18.370659
  -41.840740,   -18.370560,   -42.536861,   -18.370560
   10.342299,   -26.931200,     9.646180,   -26.931200
    9.646080,   -26.931299,     9.646080,   -27.627420
    9.646180,   -27.627520,    10.342299,   -27.627520
   10.342299,   -18.288639,     9.646180,   -18.288639
    9.646080,   -18.288738,     9.646080,   -19.066780
    9.646180,   -19.066879,    10.342299,   -19.066879
   10.342299,   -31.477760,     9.646180,   -31.477760
    9.646080,   -31.477859,     9.646080,   -32.214939
    9.646180,   -32.215038,    10.342299,   -32.215038
   10.342299,   -14.110720,     9.646180,   -14.110720
    9.646080,   -14.110820,     9.646080,   -14.806940
    9.646180,   -14.807040,    10.342299,   -14.807040
  -42.536861,   -14.520320,   -41.840740,   -14.520320
  -41.840641,   -14.520220,   -41.840641,   -13.824100
  -41.840740,   -13.824000,   -42.536861,   -13.824000
  -35.532799,   -13.250660,   -35.532799,   -13.946780
  -35.532700,   -13.946880,   -34.836578,   -13.946880
  -34.836479,   -13.946780,   -34.836479,   -13.250660
  -27.463680,   -18.493341,   -27.463680,   -13.906020
  -27.627520,   -13.865060,   -27.627520,   -18.493341
  -27.750301,   -18.616320,   -25.129059,   -18.616320
  -25.251940,   -18.493441,   -27.463581,   -18.493441
  -22.138880,    -8.499300,   -22.138880,   -12.226460
  -22.138781,   -12.226560,   -21.934179,   -12.226560
  -21.934080,   -12.226460,   -21.934080,   -11.817060
  -21.934080,   -11.693980,   -21.934080,    -8.499300
  -22.138880,   -13.168740,   -22.138880,   -13.250460
  -21.934080,   -13.250460,   -21.934080,   -13.168740
  -21.934179,   -13.168640,   -22.138781,   -13.168640
  -22.097919,   -13.168740,   -22.097919,   -13.291420
  -21.975040,   -13.291420,   -21.975040,   -13.168740
  -21.933981,   -11.816960,   -20.705379,   -11.816960
  -20.705280,   -11.816860,   -20.705280,   -11.694180
  -20.705379,   -11.694080,   -21.933981,   -11.694080
  -19.804060,   -11.816960,   -19.394659,   -11.816960
  -19.394560,   -11.816860,   -19.394560,   -11.694180
  -19.394659,   -11.694080,   -19.517342,   -11.694080
  -19.681379,   -11.694080,   -19.804060,   -11.694080
  -19.804159,   -11.694180,   -19.804159,   -11.816860
  -18.493341,   -11.816960,   -15.831141,   -11.816960
  -15.831040,   -11.816860,   -15.831040,   -11.694180
  -15.831141,   -11.694080,   -17.059740,   -11.694080
  -17.264740,   -11.694080,   -18.493341,   -11.694080
  -18.493441,   -11.694180,   -18.493441,   -11.816860
  -14.929820,   -11.816960,   -14.520420,   -11.816960
  -14.520320,   -11.816860,   -14.520320,   -11.694180
  -14.520420,   -11.694080,   -14.643100,   -11.694080
  -14.807140,   -11.694080,   -14.929820,   -11.694080
  -14.929920,   -11.694180,   -14.929920,   -11.816860
  -13.619100,   -11.816960,   -12.390500,   -11.816960
  -12.390500,   -11.694080,   -13.619100,   -11.694080
  -13.619200,   -11.694180,   -13.619200,   -11.816860
  -19.845119,   -18.616220,   -19.845119,   -13.865060
  -20.008961,   -13.906020,   -20.008961,   -18.493341
  -27.340700,   -13.455360,   -26.972260,   -13.455360
  -26.767262,   -13.455360,   -25.579618,   -13.455360
  -25.538462,   -13.455360,   -24.064098,   -13.455360
  -23.449501,   -13.455360,   -21.934179,   -13.455360
  -21.893021,   -13.455360,   -20.705379,   -13.455360
  -20.500381,   -13.455360,   -20.172899,   -13.455360
  -18.616419,   -13.250560,   -21.933981,   -13.250560
  -22.138979,   -13.250560,   -30.822300,   -13.250560
  -20.172899,   -13.701120,   -20.500381,   -13.701120
  -20.705181,   -13.905920,   -20.009060,   -13.905920
  -20.500481,   -13.701020,   -20.500481,   -13.455461
  -20.705280,   -13.455461,   -20.705280,   -13.905820
  -27.463581,   -13.905920,   -26.767460,   -13.905920
  -26.972260,   -13.701120,   -27.299742,   -13.701120
  -26.767361,   -13.905820,   -26.767361,   -13.455461
  -26.972160,   -13.455461,   -26.972160,   -13.701020
  -24.064098,   -15.912960,   -25.579420,   -15.912960
  -24.064098,   -14.970880,   -25.538462,   -14.970880
  -25.538462,   -15.011840,   -24.064098,   -15.011840
  -25.538561,   -15.912860,   -25.538561,   -15.749220
  -25.579519,   -15.749220,   -25.579519,   -15.912860
  -25.538561,   -15.134620,   -25.538561,   -15.011940
  -25.538561,   -14.970779,   -25.538561,   -14.315620
  -25.579519,   -14.315620,   -25.579519,   -15.134620
  -25.538561,   -13.496220,   -25.538561,   -13.414500
  -25.579519,   -13.414500,   -25.579519,   -13.496220
  -23.449501,   -15.011840,   -21.934179,   -15.011840
  -21.934179,   -14.970880,   -23.449501,   -14.970880
  -21.893120,   -16.035740,   -21.893120,   -15.667300
  -21.934080,   -15.667300,   -21.934080,   -15.912860
  -21.934080,   -15.913060,   -21.934080,   -16.035740
  -21.893120,   -15.052700,   -21.893120,   -14.315620
  -21.934080,   -14.315620,   -21.934080,   -14.970779
  -21.893120,   -13.496220,   -21.893120,   -13.414500
  -21.934080,   -13.414500,   -21.934080,   -13.496220
  -21.934080,   -16.854940,   -21.934080,   -16.609379
  -21.893120,   -16.854940,   -21.893120,   -16.609379
  -21.934179,   -15.912960,   -23.449501,   -15.912960
  -21.934179,   -16.855040,   -23.449501,   -16.855040
  -24.064098,   -16.855040,   -26.070940,   -16.855040
  -26.071039,   -16.855139,   -26.071039,   -16.977821
  -26.070940,   -16.977921,   -25.251940,   -16.977921
  -25.128860,   -16.977921,   -22.425699,   -16.977921
  -22.302620,   -16.977921,   -21.852259,   -16.977921
  -21.852160,   -16.977821,   -21.852160,   -16.855139
  -25.251841,   -16.978020,   -25.251841,   -17.428381
  -25.251741,   -17.428480,   -25.129059,   -17.428480
  -25.128960,   -17.428381,   -25.128960,   -16.978020
  -25.251841,   -18.329699,   -25.251841,   -18.493341
  -25.128960,   -18.616220,   -25.128960,   -18.329699
  -25.129059,   -18.329599,   -25.251741,   -18.329599
  -23.449600,   -16.854940,   -23.449600,   -15.913060
  -23.449600,   -15.912860,   -23.449600,   -15.011940
  -23.449600,   -14.970779,   -23.449600,   -13.455461
  -24.063999,   -13.455461,   -24.063999,   -14.970779
  -24.063999,   -15.011940,   -24.063999,   -15.912860
  -24.063999,   -15.913060,   -24.063999,   -16.854940
  -23.941120,   -13.783140,   -23.941120,   -16.854940
  -23.531521,   -13.783140,   -23.531521,   -16.854940
  -19.722141,   -13.373440,   -18.616419,   -13.373440
  -18.616320,   -13.373340,   -18.616320,   -13.250660
  -17.428381,   -13.373440,   -16.281700,   -13.373440
  -16.117859,   -13.250560,   -17.428381,   -13.250560
  -17.428480,   -13.250660,   -17.428480,   -13.373340
    2.887580,   -18.493441,     2.805860,   -18.493441
    2.805760,   -18.493540,     2.805760,   -18.616220
    2.805860,   -18.616320,     2.887580,   -18.616320
    1.904540,   -18.493441,    -4.566940,   -18.493441
   -4.690020,   -18.493441,    -6.451100,   -18.493441
   -6.451200,   -18.493540,    -6.451200,   -18.616220
   -6.451100,   -18.616320,     1.904540,   -18.616320
    1.904640,   -18.616220,     1.904640,   -18.493540
   -8.253540,   -18.493441,    -8.376220,   -18.493441
   -8.581019,   -18.616320,    -8.253540,   -18.616320
   -8.253440,   -18.616220,    -8.253440,   -18.493540
  -17.510302,   -20.336639,   -12.554340,   -20.336639
  -12.554340,   -20.213760,   -17.633181,   -20.213760
  -37.048321,   -25.866140,   -37.048321,   -18.616419
  -37.171200,   -18.493540,   -37.171200,   -25.743261
  -12.349440,   -17.469540,   -12.349440,   -18.493341
  -12.185600,   -18.616220,   -12.185600,   -17.961060
  -12.185600,   -17.878941,   -12.185600,   -17.469540
  -27.627619,   -18.493441,   -27.750301,   -18.493441
  -27.750401,   -18.493540,   -27.750401,   -18.616220
  -28.651619,   -18.493441,   -33.116062,   -18.493441
  -33.238941,   -18.616320,   -28.651619,   -18.616320
  -28.651520,   -18.616220,   -28.651520,   -18.493540
  -30.822300,   -13.455360,   -27.791460,   -13.455360
  -12.021660,   -20.336639,    -9.113700,   -20.336639
   -8.990820,   -20.213760,   -12.021660,   -20.213760
  -16.199680,   -17.469540,   -16.199680,   -18.616220
  -16.076799,   -18.493341,   -16.076799,   -17.469540
   -5.877860,    12.800000,    -9.932700,    12.800000
   -9.932700,    12.308480,    -5.877860,    12.308480
   -9.932700,    12.390400,    -5.836900,    12.390400
   -9.932700,    12.718080,    -5.836900,    12.718080
    3.543040,     7.720860,     3.543040,     7.024740
    3.706880,     6.860900,     3.706880,     7.720860
    3.542940,     7.024640,     3.092580,     7.024640
    3.092580,     6.860800,     3.706780,     6.860800
    3.092480,    10.137700,     3.092480,    14.929820
    2.887680,    14.929820,     2.887680,    11.366500
    2.887680,    11.243420,     2.887680,    10.014820
    3.092480,    15.421540,     3.092480,    21.360540
    2.887680,    21.360540,     2.887680,    15.544420
    3.665920,     9.891740,     3.665920,     9.728100
    3.788800,     9.523300,     3.788800,     9.891740
  -16.158720,    22.015902,   -16.158720,    13.660260
  -16.035839,    13.783140,   -16.035839,    14.069660
  -16.035839,    14.233700,   -16.035839,    15.421340
  -16.035839,    15.544420,   -16.035839,    22.015902
  -10.096740,     9.728000,   -11.612060,     9.728000
  -11.612160,     9.727900,   -11.612160,     9.605220
  -11.612060,     9.605120,    -8.908900,     9.605120
  -12.513380,     9.728000,   -12.595099,     9.728000
  -12.717979,     9.605120,   -12.513380,     9.605120
  -12.513280,     9.605220,   -12.513280,     9.727900
  -12.595200,     9.728100,   -12.595200,    15.421340
  -12.718080,    15.544220,   -12.718080,    13.783140
  -12.718080,    13.660060,   -12.718080,     9.605220
  -19.763102,     7.024640,   -19.640419,     7.024640
  -19.640320,     7.024740,   -19.640320,     7.188380
  -19.640419,     7.188480,   -19.885981,     7.188480
  -18.411520,     7.188380,   -18.411520,     7.024740
  -18.411421,     7.024640,   -15.421540,     7.024640
    5.672860,   -20.213760,     3.256420,   -20.213760
    3.256420,   -20.336639,     5.795740,   -20.336639
   -8.540160,   -13.865060,    -8.540160,   -13.946780
   -8.540160,   -14.069860,    -8.540160,   -17.059740
   -8.376320,   -18.493341,    -8.376320,   -13.865060
  -19.681280,    -8.499300,   -19.681280,   -11.693980
  -19.517441,   -11.693980,   -19.517441,    -8.499300
  -18.452480,    -8.499300,   -18.452480,    -9.400220
  -18.452381,    -9.400320,   -18.165859,    -9.400320
  -18.165760,    -9.400220,   -18.165760,    -8.499300
  -18.370560,    -8.499300,   -18.370560,    -9.318300
  -18.370461,    -9.318400,   -18.247780,    -9.318400
  -18.247681,    -9.318300,   -18.247681,    -8.499300
  -17.264641,    -8.499300,   -17.264641,   -11.693980
  -17.059839,   -11.693980,   -17.059839,    -8.499300
  -21.032961,    -8.499300,   -21.032961,    -9.400220
  -21.032862,    -9.400320,   -20.746340,    -9.400320
  -20.746241,    -9.400220,   -20.746241,    -8.499300
  -20.951040,    -8.499300,   -20.951040,    -9.318300
  -20.950941,    -9.318400,   -20.828259,    -9.318400
  -20.828159,    -9.318300,   -20.828159,    -8.499300
  -14.807040,    -8.499300,   -14.807040,   -11.693980
  -14.643200,   -11.693980,   -14.643200,    -8.499300
  -13.578240,    -8.499300,   -13.578240,    -9.400220
  -13.578140,    -9.400320,   -13.291620,    -9.400320
  -13.291520,    -9.400220,   -13.291520,    -8.499300
  -13.496320,    -8.499300,   -13.496320,    -9.318300
  -13.496220,    -9.318400,   -13.373540,    -9.318400
  -13.373440,    -9.318300,   -13.373440,    -8.499300
  -12.390400,    -8.499300,   -12.390400,   -11.693980
  -12.390400,   -11.817060,   -12.390400,   -12.226460
  -12.390300,   -12.226560,   -12.185700,   -12.226560
  -12.185600,   -12.226460,   -12.185600,    -8.499300
  -12.390400,   -13.168740,   -12.390400,   -13.332380
  -12.390300,   -13.332480,   -12.308580,   -13.332480
  -12.267420,   -13.332480,   -12.185700,   -13.332480
  -12.185600,   -13.332380,   -12.185600,   -13.168740
  -12.185700,   -13.168640,   -12.390300,   -13.168640
  -12.226560,   -13.332380,   -12.226560,   -13.168740
  -12.349440,   -13.168740,   -12.349440,   -13.332380
  -16.158720,    -8.499300,   -16.158720,    -9.400220
  -16.158621,    -9.400320,   -15.872100,    -9.400320
  -15.872000,    -9.400220,   -15.872000,    -8.499300
  -16.076799,    -8.499300,   -16.076799,    -9.318300
  -16.076700,    -9.318400,   -15.954021,    -9.318400
  -15.953920,    -9.318300,   -15.953920,    -8.499300
   -8.581120,   -17.182819,    -8.581120,   -18.616220
  -12.349540,   -18.493441,   -14.069660,   -18.493441
  -14.069760,   -18.493540,   -14.069760,   -18.616220
  -14.069660,   -18.616320,   -12.185700,   -18.616320
  -14.970980,   -18.493441,   -16.076700,   -18.493441
  -16.199581,   -18.616320,   -14.970980,   -18.616320
  -14.970880,   -18.616220,   -14.970880,   -18.493540
   -4.689920,   -14.110820,    -4.689920,   -18.493341
   -4.567040,   -18.493341,    -4.567040,   -14.110820
  -27.013220,     3.584000,   -28.815260,     3.584000
  -31.928320,     3.461020,   -31.928320,     2.928740
  -30.822399,     2.928740,   -30.822399,     3.583900
  -28.119040,     3.461020,   -28.119040,     2.928740
  -27.013121,     2.928740,   -27.013121,     3.583900
  -23.203840,     2.928740,   -23.203840,     3.583900
  -23.203939,     3.584000,   -24.268702,     3.584000
  -24.268801,     3.583900,   -24.268801,     2.928740
    3.542940,     3.584000,     3.092580,     3.584000
    3.379200,     3.420060,     3.379200,     2.764900
    3.543040,     2.928740,     3.543040,     3.583900
  -41.676800,     2.928740,   -41.676800,     3.461020
  -41.676800,     3.584100,   -41.676800,     4.157340
  -41.676899,     4.157440,   -42.332062,     4.157440
  -28.119040,    22.015902,   -28.119040,    21.360739
  -28.118940,    21.360640,   -27.013220,    21.360640
  -27.013121,    21.360739,   -27.013121,    22.015902
  -20.459520,    22.015902,   -20.459520,    21.360739
  -20.459421,    21.360640,   -19.394659,    21.360640
  -19.394560,    21.360739,   -19.394560,    22.015902
  -12.840960,    22.015902,   -12.840960,    21.360739
  -12.840859,    21.360640,   -11.735140,    21.360640
  -11.735040,    21.360739,   -11.735040,    22.015902
   -5.181440,    22.015902,    -5.181440,    21.360739
   -5.181340,    21.360640,    -4.116580,    21.360640
   -4.116480,    21.360739,    -4.116480,    22.015902
    2.437120,    22.015902,     2.437120,    21.360739
    2.437220,    21.360640,     2.887580,    21.360640
    3.092580,    21.360640,     3.542940,    21.360640
    3.543040,    21.360739,     3.543040,    22.015902
   11.161500,     3.584000,    10.711140,     3.584000
   10.588059,     3.584000,    10.096740,     3.584000
   10.096640,     3.583900,    10.096640,     2.928740
   11.161600,     2.928740,    11.161600,     3.583900
   18.206621,     3.584000,    17.715300,     3.584000
   18.821020,     3.584000,    18.329699,     3.584000
   17.715200,     3.583900,    17.715200,     2.928740
   18.821119,     2.928740,    18.821119,     3.583900
   33.443741,     3.584000,    32.993378,     3.584000
   32.993279,     3.583900,    32.993279,     2.969700
   10.055680,    22.015902,    10.055680,    21.319778
   10.055780,    21.319679,    10.547100,    21.319679
  -22.425600,   -16.978020,   -22.425600,   -17.428381
  -22.425501,   -17.428480,   -22.302818,   -17.428480
  -22.302719,   -17.428381,   -22.302719,   -16.978020
  -22.425600,   -18.329699,   -22.425600,   -18.616220
  -22.302719,   -18.493341,   -22.302719,   -18.329699
  -22.302818,   -18.329599,   -22.425501,   -18.329599
  -22.425501,   -18.616320,   -19.845219,   -18.616320
  -20.009060,   -18.493441,   -22.302620,   -18.493441
   -8.417280,   -13.332380,    -8.417280,    -8.499300
   -8.540160,    -8.499300,    -8.540160,   -13.332380
   -8.540060,   -13.332480,    -8.417380,   -13.332480
  -35.082142,    21.360640,   -34.672741,    21.360640
  -34.672642,    21.360739,   -34.672642,    22.015902
  -35.286942,    21.155840,   -35.082340,    21.155840
  -35.286942,    20.254721,   -35.082340,    20.254721
  -42.332062,    16.199680,   -41.676899,    16.199680
  -41.676800,    16.199780,   -41.676800,    16.854940
  -42.332161,     8.704101,   -42.332161,    15.093659
  -42.332161,    15.257700,   -42.332161,    16.199581
  -42.332161,     4.157540,   -42.332161,     7.638940
  -42.332062,     7.639040,   -41.635941,     7.639040
  -41.635841,     7.639140,   -41.635841,     8.703900
  -41.635941,     8.704000,   -42.332062,     8.704000
  -35.737698,     2.928640,   -41.676701,     2.928640
  -31.928419,     2.928640,   -34.672543,     2.928640
  -28.119139,     2.928640,   -28.815260,     2.928640
  -28.938339,     2.928640,   -30.822300,     2.928640
  -24.268900,     2.928640,   -27.013021,     2.928640
   10.096539,     2.928640,     6.901860,     2.928640
    6.778780,     2.928640,     3.543140,     2.928640
   17.715101,     2.928640,    14.520420,     2.928640
   14.397340,     2.928640,    11.161700,     2.928640
   22.015902,     2.928640,    18.821218,     2.928640
   40.693760,     3.583900,    40.693760,     2.928740
   40.693661,     2.928640,    33.894501,     2.928640
   40.693760,     7.843740,    40.693760,     4.280420
    3.543140,    22.016001,    10.055580,    22.016001
   -4.116380,    22.016001,     2.437020,    22.016001
  -11.734940,    22.016001,    -5.181540,    22.016001
  -19.394461,    22.016001,   -16.158819,    22.016001
  -16.035740,    22.016001,   -12.841060,    22.016001
  -27.013021,    22.016001,   -25.415779,    22.016001
  -25.251741,    22.016001,   -20.459620,    22.016001
  -34.672543,    22.016001,   -28.119139,    22.016001
  -42.332161,    21.360739,   -42.332161,    22.015902
  -42.332062,    22.016001,   -35.532898,    22.016001
  -42.332161,    17.100899,   -42.332161,    19.845020
  -42.332161,    20.050018,   -42.332161,    20.664221
  -41.676800,   -27.381660,   -41.676800,   -26.767460
  -41.676899,   -26.767361,   -42.741661,   -26.767361
  -42.741760,   -26.767460,   -42.741760,   -27.217821
  -42.741859,   -27.217920,   -43.970459,   -27.217920
  -43.970558,   -27.217821,   -43.970558,   -18.780260
  -43.970459,   -18.780161,   -42.741859,   -18.780161
  -42.741760,   -18.780260,   -42.741760,   -19.271582
  -42.741661,   -19.271681,   -41.676899,   -19.271681
  -41.676800,   -19.271582,   -41.676800,   -18.165859
  -41.676899,   -18.165760,   -42.332062,   -18.165760
  -42.332161,   -18.165661,   -42.332161,   -14.725220
  -42.332062,   -14.725120,   -41.676899,   -14.725120
  -41.676800,   -14.725019,   -41.676800,   -13.455461
  -42.332161,   -31.231901,   -42.332161,   -27.750500
  -35.532898,   -32.542721,   -42.332062,   -32.542721
  -42.332161,   -32.542622,   -42.332161,   -31.887459
   -7.393380,   -32.542721,   -11.734940,   -32.542721
    3.542940,   -31.887360,     3.051620,   -31.887360
   10.342500,   -18.780161,    11.734940,   -18.780161
   11.735040,   -18.780260,    11.735040,   -27.217821
   11.734940,   -27.217920,    10.506340,   -27.217920
   10.506240,   -27.217821,    10.506240,   -26.767460
   10.506140,   -26.767361,     9.441381,   -26.767361
    9.441280,   -26.767460,     9.441280,   -27.832220
    9.441381,   -27.832319,    10.137500,   -27.832319
   10.137600,   -27.832418,    10.137600,   -31.313820
   10.137500,   -31.313919,     9.441381,   -31.313919
    9.441280,   -31.314018,     9.441280,   -32.542622
    9.441180,   -32.542721,     3.543140,   -32.542721
   10.137600,   -14.807140,    10.137600,   -15.134620
   10.137600,   -15.339621,    10.137600,   -18.288540
   -4.116480,   -14.110620,    -4.116480,   -13.455461
   -4.116380,   -13.455360,     2.437020,   -13.455360
    2.437120,   -13.455461,     2.437120,   -14.069660
    2.437220,   -14.069760,     2.887580,   -14.069760
   -5.181340,   -14.110720,    -4.690020,   -14.110720
   -4.566940,   -14.110720,    -4.116580,   -14.110720
   -5.017600,    -8.499300,    -5.017600,   -13.086620
   -5.017700,   -13.086720,    -5.181340,   -13.086720
   -5.181440,   -13.086821,    -5.181440,   -14.110620
  -30.986141,    -8.499200,   -22.138979,    -8.499200
  -21.933981,    -8.499200,   -21.033060,    -8.499200
  -20.746141,    -8.499200,   -19.681379,    -8.499200
  -19.517342,    -8.499200,   -18.452579,    -8.499200
  -18.165661,    -8.499200,   -17.264740,    -8.499200
  -17.059740,    -8.499200,   -16.158819,    -8.499200
  -15.871900,    -8.499200,   -14.807140,    -8.499200
  -14.643100,    -8.499200,   -13.578341,    -8.499200
  -13.291420,    -8.499200,   -12.390500,    -8.499200
  -12.185500,    -8.499200,    -8.540260,    -8.499200
   -8.417180,    -8.499200,    -5.017700,    -8.499200
  -30.986240,   -13.086620,   -30.986240,    -8.499300
  -30.822399,   -14.110620,   -30.822399,   -13.455461
  -30.822399,   -13.250460,   -30.822399,   -13.086821
  -31.928320,   -13.455461,   -31.928320,   -14.110620
  -31.928221,   -14.110720,   -30.822498,   -14.110720
  -34.672543,   -13.455360,   -33.239140,   -13.455360
  -33.116062,   -13.455360,   -31.928419,   -13.455360
  -41.676701,   -13.455360,   -35.737698,   -13.455360
  -35.737598,   -13.455461,   -35.737598,   -14.110620
  -35.737499,   -14.110720,   -34.672741,   -14.110720
  -34.672642,   -14.110620,   -34.672642,   -13.455461
  -30.822498,   -13.086720,   -30.986141,   -13.086720
   10.547200,    21.319580,    10.547200,    10.137700
   10.874880,     9.973860,    10.874880,    21.524382
  -19.967901,   -21.278721,   -19.558498,   -21.278721
  -19.558399,   -21.278622,   -19.558399,   -21.155939
  -19.558498,   -21.155840,   -19.845020,   -21.155840
  -17.756062,   -21.278721,   -17.510500,   -21.278721
  -17.633379,   -21.155840,   -17.756062,   -21.155840
  -17.756161,   -21.155939,   -17.756161,   -21.278622
  -17.510401,   -21.278622,   -17.510401,   -20.336739
  -17.633280,   -20.213860,   -17.633280,   -21.155741
   -9.113600,   -20.336739,    -9.113600,   -21.278622
   -8.990720,   -21.155741,    -8.990720,   -20.213860
   -9.113500,   -21.278721,    -8.417380,   -21.278721
   -8.417280,   -21.278622,    -8.417280,   -21.155939
   -8.417380,   -21.155840,    -8.990620,   -21.155840
   -7.516060,   -21.278721,    -7.393380,   -21.278721
   -7.393380,   -21.155840,    -7.516060,   -21.155840
   -7.516160,   -21.155939,    -7.516160,   -21.278622
  -33.116161,   -18.493341,   -33.116161,   -17.469540
  -33.116261,   -17.469440,   -33.238941,   -17.469440
  -33.239040,   -17.469540,   -33.239040,   -17.592220
  -33.239040,   -17.715300,   -33.239040,   -18.616220
  -33.116161,   -16.568220,   -33.116161,   -13.455461
  -33.239040,   -13.455461,   -33.239040,   -16.568220
  -33.238941,   -16.568319,   -33.116261,   -16.568319
  -19.763201,     3.420260,   -19.763201,     7.024540
  -19.886080,     7.188380,   -19.886080,     3.584100
   -8.540160,     7.065500,    -8.540160,     3.379300
   -8.499200,     3.379300,    -8.499200,     7.024540
  -21.565439,   -32.542622,   -21.565439,   -20.336739
  -21.688320,   -20.213860,   -21.688320,   -21.032862
    3.665820,     9.728000,     3.256420,     9.728000
    3.092580,     9.523200,     3.788700,     9.523200
    2.723740,     9.728000,     1.167460,     9.728000
    1.167360,     9.727900,     1.167360,     9.523300
    1.167460,     9.523200,     2.887580,     9.523200
    0.266140,     9.728000,     0.184420,     9.728000
    0.102300,     9.728000,    -0.593820,     9.728000
   -0.716800,     9.891740,    -0.716800,     9.523300
   -0.716700,     9.523200,     0.266140,     9.523200
    0.266240,     9.523300,     0.266240,     9.727900
   -1.822820,   -24.023041,    -4.566940,   -24.023041
   -4.689820,   -24.145920,    -1.822820,   -24.145920
   12.103780,     7.761920,    13.332380,     7.761920
   13.332380,     7.720960,    12.103780,     7.720960
   13.332380,     7.843840,    12.103780,     7.843840
   14.315520,     7.721060,    14.315520,     7.843740
   12.103680,     7.721060,    12.103680,     7.843740
   13.332581,     7.720960,    13.414300,     7.720960
   13.414400,     7.721060,    13.414400,     7.843740
   13.414300,     7.843840,    13.332581,     7.843840
   15.585381,     7.761920,    16.813980,     7.761920
   15.585381,     7.843840,    16.813980,     7.843840
   15.585381,     7.720960,    16.813980,     7.720960
   14.602240,     7.843740,    14.602240,     7.721060
   16.895901,     7.843840,    16.814178,     7.843840
   16.814079,     7.843740,    16.814079,     7.721060
   16.814178,     7.720960,    16.895901,     7.720960
   15.585180,     7.843840,    15.503460,     7.843840
   15.503360,     7.843740,    15.503360,     7.721060
   15.503460,     7.720960,    15.585180,     7.720960
    7.966820,     7.761920,     9.195420,     7.761920
    7.966820,     7.843840,     9.195420,     7.843840
    7.966820,     7.720960,     9.195420,     7.720960
    6.983680,     7.843740,     6.983680,     7.721060
    9.277340,     7.843840,     9.195621,     7.843840
    9.195520,     7.843740,     9.195520,     7.721060
    9.195621,     7.720960,     9.277340,     7.720960
    7.966620,     7.843840,     7.884900,     7.843840
    7.884800,     7.843740,     7.884800,     7.721060
    7.884900,     7.720960,     7.966620,     7.720960
    4.403300,     7.761920,     5.672860,     7.761920
    5.672860,     7.720960,     4.403300,     7.720960
    5.672860,     7.843840,     4.403300,     7.843840
    6.615140,     7.720960,     6.696860,     7.720960
    6.615040,     7.721060,     6.615040,     7.843740
    6.615140,     7.843840,     6.696860,     7.843840
    4.403200,     7.721060,     4.403200,     7.843740
    5.713920,     7.721060,     5.713920,     7.843740
   -7.393280,   -21.278820,    -7.393280,   -32.542622
   -7.270400,   -32.747421,    -7.270400,   -31.600739
   -7.270400,   -31.477661,    -7.270400,   -25.784420
   -1.699740,   -20.336639,     0.798620,   -20.336639
    0.798720,   -20.336540,     0.798720,   -20.213860
    0.798620,   -20.213760,    -1.904540,   -20.213760
    2.601060,   -20.336639,     2.723740,   -20.336639
    2.723740,   -20.213760,     2.601060,   -20.213760
    2.600960,   -20.213860,     2.600960,   -20.336540
    2.928640,   -25.989220,     2.928640,   -31.477661
    2.928640,   -31.600739,     2.928640,   -32.051102
    3.051520,   -31.887260,     3.051520,   -25.989220
   -1.822720,   -24.146019,    -1.822720,   -25.661341
   -7.270300,   -25.784321,    -4.935780,   -25.784321
   -4.362140,   -25.784321,    -1.699940,   -25.784321
   -1.822820,   -25.661440,    -4.362140,   -25.661440
   -4.935780,   -25.661440,    -7.270300,   -25.661440
  -12.677120,   -14.069860,   -12.677120,   -15.257500
  -12.185700,   -15.175680,   -12.636060,   -15.175680
  -12.636160,   -15.175580,   -12.636160,   -14.069860
  -12.677020,   -15.257600,   -12.185700,   -15.257600
  -19.886179,     3.584000,   -20.459421,     3.584000
  -20.459520,     3.583900,   -20.459520,     2.928740
  -19.845119,   -21.155741,   -19.845119,   -20.582499
  -19.968000,   -20.582499,   -19.968000,   -21.278622
  -20.172899,   -20.213760,   -21.688221,   -20.213760
  -21.565340,   -20.336639,   -20.172899,   -20.336639
  -37.621761,   -27.381660,   -37.621761,   -27.258980
  -37.621861,   -27.258881,   -37.744541,   -27.258881
  -37.744640,   -27.258980,   -37.744640,   -27.381660
  -37.621761,   -26.357660,   -37.621761,   -25.866339
  -37.171299,   -25.743361,   -37.744541,   -25.743361
  -37.744640,   -25.743460,   -37.744640,   -26.357660
  -37.744541,   -26.357759,   -37.621861,   -26.357759
  -37.621662,   -25.866240,   -37.048420,   -25.866240
  -33.239140,   -17.592319,   -33.320862,   -17.592319
  -33.320961,   -17.592419,   -33.320961,   -17.715101
  -33.320862,   -17.715200,   -33.239140,   -17.715200
  -34.222179,   -17.592319,   -34.959259,   -17.592319
  -34.836479,   -18.616220,   -34.836479,   -17.715300
  -34.836380,   -17.715200,   -34.222179,   -17.715200
  -34.222080,   -17.715101,   -34.222080,   -17.592419
  -34.959358,   -17.592419,   -34.959358,   -18.493341
  -34.959457,   -18.493441,   -37.171101,   -18.493441
  -37.048222,   -18.616320,   -34.836578,   -18.616320
   -0.593820,    11.243520,     0.102300,    11.243520
    0.184420,    11.243520,     2.887580,    11.243520
    2.887580,    11.366400,    -0.593820,    11.366400
   34.631779,     7.884800,    40.202141,     7.884800
   40.202141,     8.212480,    35.369061,     8.212480
  -23.080860,   -34.263039,   -21.893219,   -34.263039
  -21.688419,   -34.467838,   -23.285662,   -34.467838
  -23.080959,   -33.075298,   -23.080959,   -34.262939
  -23.285761,   -34.467739,   -23.285761,   -33.075298
  -21.688320,   -33.075298,   -21.688320,   -34.467739
  -21.893120,   -34.262939,   -21.893120,   -33.075298
  -19.394461,   -32.542721,   -12.841060,   -32.542721
  -12.840960,   -32.542622,   -12.840960,   -31.887459
  -12.840859,   -31.887360,   -11.735140,   -31.887360
  -11.735040,   -31.887459,   -11.735040,   -32.542622
  -21.565340,   -32.542721,   -20.459620,   -32.542721
  -20.459520,   -32.542622,   -20.459520,   -31.887459
  -20.459421,   -31.887360,   -19.394659,   -31.887360
  -19.394560,   -31.887459,   -19.394560,   -32.542622
  -14.274460,   -34.263039,   -12.882020,   -34.263039
  -12.677220,   -34.467838,   -14.479259,   -34.467838
  -14.274560,   -33.075298,   -14.274560,   -34.262939
  -14.479360,   -34.467739,   -14.479360,   -33.075298
  -12.677120,   -33.075298,   -12.677120,   -34.467739
  -12.881920,   -34.262939,   -12.881920,   -33.075298
   31.027300,     7.680000,    32.337822,     7.680000
   32.337921,     7.680100,    32.337921,     7.843740
   33.239140,     7.680000,    33.443741,     7.680000
   33.443741,     7.843840,    33.239140,     7.843840
   33.239040,     7.843740,    33.239040,     7.680100
  -27.422621,   -20.541439,   -24.801378,   -20.541439
  -24.514660,   -20.213760,   -27.299742,   -20.213760
  -21.893120,   -21.360739,   -21.893120,   -32.747421
  -22.056860,   -21.032961,   -21.688419,   -21.032961
  -27.217821,   -32.747520,   -20.295778,   -32.747520
  -24.801279,   -20.541538,   -24.801279,   -21.360540
  -24.801180,   -21.360640,   -24.473700,   -21.360640
  -24.514561,   -21.032862,   -24.514561,   -20.213860
  -24.473600,   -21.360540,   -24.473600,   -21.033060
  -22.056959,   -21.033060,   -22.056959,   -21.360540
  -22.056860,   -21.360640,   -21.893219,   -21.360640
  -35.000320,   -25.538462,   -35.000320,   -21.360739
  -35.327999,   -20.541538,   -35.327999,   -25.005981
  -35.327900,   -25.006081,   -35.205219,   -25.006081
  -35.205120,   -25.006180,   -35.205120,   -25.292702
  -35.205219,   -25.292801,   -35.327900,   -25.292801
  -35.327999,   -25.292900,   -35.327999,   -25.456541
  -33.116062,   -20.541439,   -27.668579,   -20.541439
  -27.832418,   -20.213760,   -33.443741,   -20.213760
  -33.443840,   -20.213860,   -33.443840,   -21.032862
  -33.116161,   -21.360540,   -33.116161,   -20.541538
  -33.443939,   -21.032961,   -33.894302,   -21.032961
  -33.894402,   -21.033060,   -33.894402,   -21.360540
  -33.894302,   -21.360640,   -33.116261,   -21.360640
  -34.795620,   -21.032961,   -35.205021,   -21.032961
  -35.000221,   -21.360640,   -34.795620,   -21.360640
  -34.795521,   -21.360540,   -34.795521,   -21.033060
    5.672960,   -18.616419,     5.672960,   -18.739101
    5.673060,   -18.739201,     5.795740,   -18.739201
    5.795840,   -18.739101,     5.795840,   -18.616419
    5.672960,   -19.763300,     5.672960,   -20.213661
    5.795840,   -20.336540,     5.795840,   -19.763300
    5.795740,   -19.763201,     5.673060,   -19.763201
   27.709440,    15.093659,    27.709440,     9.973860
  -12.595099,    15.421440,   -12.390500,    15.421440
  -12.185500,    15.421440,   -10.096740,    15.421440
  -16.158621,    13.660160,   -14.643300,    13.660160
  -14.643200,    13.660260,   -14.643200,    13.782940
  -14.643300,    13.783040,   -14.725019,    13.783040
  -14.848100,    13.783040,   -16.035740,    13.783040
  -12.840859,    13.660160,   -12.718180,    13.660160
  -12.718180,    13.783040,   -12.840859,    13.783040
  -12.840960,    13.782940,   -12.840960,    13.660260
    3.543040,   -32.542622,     3.543040,   -31.887459
   -7.270300,   -31.600639,     2.928540,   -31.600639
    2.928540,   -31.477760,    -7.270300,   -31.477760
  -35.205120,   -21.032862,   -35.205120,   -20.582499
  -20.459620,     2.928640,   -23.203741,     2.928640
   -1.822720,   -20.336739,    -1.822720,   -24.022942
   -1.699840,   -25.784222,    -1.699840,   -20.336739
   41.635841,     7.393180,    41.635841,     0.594020
   41.431042,     0.594020,    41.431042,     7.393180
   42.823681,     0.594020,    42.823681,     7.393180
   43.028481,     7.393180,    43.028481,     0.594020
   41.390179,    10.055680,    44.257179,    10.055680
   44.461979,    10.260480,    41.390179,    10.260480
   41.390179,     7.393280,    44.461979,     7.393280
   44.257278,    10.055580,    44.257278,     7.598180
   44.257179,     7.598080,    41.390179,     7.598080
   44.462078,     7.393380,    44.462078,    10.260380
    3.051520,   -25.456541,     3.051520,   -20.582499
    2.928640,   -20.582499,     2.928640,   -25.456541
  -35.737598,     3.461020,   -35.737598,     2.928740
  -34.672642,     2.928740,   -34.672642,     3.461020
  -27.832418,    15.257600,   -34.918301,    15.257600
  -35.450977,    15.257600,   -37.171101,    15.257600
  -37.212059,    15.093760,   -35.450977,    15.093760
  -34.918301,    15.093760,   -28.938339,    15.093760
  -28.815260,    15.093760,   -27.832418,    15.093760
  -37.335041,    16.854940,   -37.335041,    16.199780
  -37.334942,    16.199680,   -37.171299,    16.199680
  -37.171200,    16.199780,   -37.171200,    16.445341
  -37.171200,    16.732260,   -37.171200,    16.854940
  -37.171299,    15.298560,   -37.334942,    15.298560
  -21.852259,     9.768960,   -22.957981,     9.768960
  -22.957981,     9.850880,   -21.852259,     9.850880
  -22.957981,     9.687040,   -21.852259,     9.687040
  -21.852160,     9.850780,   -21.852160,     9.687140
  -16.199780,     9.768960,   -17.264542,     9.768960
  -17.264542,     9.850880,   -16.199780,     9.850880
  -17.264542,     9.687040,   -16.199780,     9.687040
  -19.640320,     9.850780,   -19.640320,     9.687140
  -18.493540,     9.768960,   -19.599260,     9.768960
  -19.599260,     9.850880,   -18.493540,     9.850880
  -19.599260,     9.687040,   -18.493540,     9.687040
  -18.411619,     9.850880,   -18.493341,     9.850880
  -18.493441,     9.850780,   -18.493441,     9.687140
  -18.493341,     9.687040,   -18.411619,     9.687040
  -17.346659,     9.768960,   -18.411421,     9.768960
  -18.411421,     9.850880,   -17.346659,     9.850880
  -18.411421,     9.687040,   -17.346659,     9.687040
  -17.264740,     9.850880,   -17.346460,     9.850880
  -17.346560,     9.850780,   -17.346560,     9.687140
  -17.346460,     9.687040,   -17.264740,     9.687040
  -24.146019,     9.768960,   -25.292702,     9.768960
  -25.292702,     9.850880,   -24.146019,     9.850880
  -25.292702,     9.687040,   -24.146019,     9.687040
  -24.145920,     9.850780,   -24.145920,     9.687140
  -23.040100,     9.768960,   -24.104860,     9.768960
  -24.104860,     9.850880,   -23.040100,     9.850880
  -24.104860,     9.687040,   -23.040100,     9.687040
  -22.958179,     9.850880,   -23.039902,     9.850880
  -23.040001,     9.850780,   -23.040001,     9.687140
  -23.039902,     9.687040,   -22.958179,     9.687040
  -25.251841,    16.896099,   -25.251841,    22.015902
  -25.415680,    22.015902,   -25.415680,    16.896099
  -25.415581,    16.896000,   -25.251940,    16.896000
  -28.815359,     2.928740,   -28.815359,     3.461020
  -28.815359,     3.584100,   -28.815359,     3.829660
  -28.815458,     3.829760,   -28.938141,     3.829760
  -28.938240,     3.829660,   -28.938240,     2.928740
  -28.815359,     4.730980,   -28.815359,     5.181340
  -28.938240,     5.345180,   -28.938240,     4.730980
  -28.938141,     4.730880,   -28.815458,     4.730880
  -16.117760,     9.850980,   -16.117760,    10.751900
  -16.035839,    10.751900,   -16.035839,     9.850980
  -16.199680,    10.751900,   -16.199680,     9.850980
  -16.199581,    13.619200,   -16.035938,    13.619200
  -16.035839,     9.687140,   -16.035839,     9.850780
  -16.035938,     9.850880,   -16.199581,     9.850880
  -16.199680,     9.850780,   -16.199680,     9.687140
  -16.117760,    11.735140,   -16.117760,    12.636060
  -16.035839,    12.636060,   -16.035839,    11.735140
  -16.199680,    12.636060,   -16.199680,    11.735140
  -16.035938,    11.735040,   -16.199581,    11.735040
  -16.117760,    10.793060,   -16.117760,    11.693980
  -16.035839,    11.693980,   -16.035839,    10.793060
  -16.199680,    11.693980,   -16.199680,    10.793060
  -16.035938,    10.792960,   -16.199581,    10.792960
  -25.374720,    10.915740,   -25.374720,     9.850980
  -25.292801,    10.915740,   -25.292801,     9.850980
  -25.415680,    10.915740,   -25.415680,     9.850980
  -25.292900,    15.339520,   -25.415581,    15.339520
  -25.292801,     9.687140,   -25.292801,     9.850780
  -25.292900,     9.850880,   -25.415581,     9.850880
  -25.415680,     9.850780,   -25.415680,     9.687140
  -25.374720,    15.298460,   -25.374720,    14.233700
  -25.292801,    15.298460,   -25.292801,    14.233700
  -25.415680,    15.298460,   -25.415680,    14.233700
  -25.292900,    14.233600,   -25.415581,    14.233600
  -25.374720,    14.192540,   -25.374720,    13.127780
  -25.292801,    14.192540,   -25.292801,    13.127780
  -25.415680,    14.192540,   -25.415680,    13.127780
  -25.292900,    13.127680,   -25.415581,    13.127680
  -25.374720,    11.980700,   -25.374720,    10.956901
  -25.292801,    11.980700,   -25.292801,    10.956901
  -25.415680,    11.980700,   -25.415680,    10.956901
  -25.292900,    10.956800,   -25.415581,    10.956800
  -25.374720,    13.086620,   -25.374720,    12.062820
  -25.292801,    13.086620,   -25.292801,    12.062820
  -25.415680,    13.086620,   -25.415680,    12.062820
  -25.292801,    11.980900,   -25.292801,    12.062620
  -25.292900,    12.062720,   -25.415581,    12.062720
  -25.415680,    12.062620,   -25.415680,    11.980900
  -34.672543,     3.461120,   -31.928419,     3.461120
  -30.822498,     3.584000,   -41.676701,     3.584000
  -41.676701,     3.461120,   -35.737698,     3.461120
  -28.815260,     3.461120,   -28.119139,     3.461120
  -31.518820,    18.288639,   -35.082142,    18.288639
  -35.082142,    18.165760,   -31.641699,    18.165760
  -31.518721,    16.855139,   -31.518721,    18.288540
  -31.641600,    18.165661,   -31.641600,    16.855139
  -31.641500,    16.855040,   -31.518820,    16.855040
  -16.117760,    12.718180,   -16.117760,    13.619100
  -16.035839,    13.660060,   -16.035839,    12.718180
  -16.199680,    13.660060,   -16.199680,    12.718180
  -16.035839,    12.636260,   -16.035839,    12.717979
  -16.035938,    12.718080,   -16.199581,    12.718080
  -16.199680,    12.717979,   -16.199680,    12.636260
  -27.750401,     5.181540,   -27.750401,     9.523100
  -27.750401,     9.973860,   -27.750401,    13.168540
  -27.873280,    13.045660,   -27.873280,     5.345380
  -28.815359,    13.168740,   -28.815359,    13.660060
  -28.815458,    13.660160,   -28.938141,    13.660160
  -28.938240,    13.660060,   -28.938240,    13.045860
  -28.815359,    14.561380,   -28.815359,    15.093659
  -28.938240,    15.093659,   -28.938240,    14.561380
  -28.938141,    14.561280,   -28.815458,    14.561280
  -27.873379,     5.345280,   -28.938141,     5.345280
  -28.815260,     5.181440,   -27.750500,     5.181440
  -28.938141,    13.045760,   -27.873379,    13.045760
  -27.750500,    13.168640,   -28.815260,    13.168640
   22.179939,     7.680000,    22.261662,     7.680000
   22.261761,     7.680100,    22.261761,     7.843740
   24.678499,     7.680000,    30.863260,     7.680000
   32.337822,     7.843840,    24.678499,     7.843840
   24.678400,     7.843740,    24.678400,     7.680100
  -37.335140,    15.257600,   -42.332062,    15.257600
  -42.332062,    15.093760,   -37.212257,    15.093760
    2.805760,     7.843740,     2.805760,     7.680100
    2.805860,     7.680000,     2.887580,     7.680000
    1.863580,     7.843840,    -4.403100,     7.843840
   -4.403200,     7.843740,    -4.403200,     7.680100
   -4.403100,     7.680000,     1.863580,     7.680000
   -5.345380,     7.843840,    -5.672860,     7.843840
   -5.427200,     3.543140,    -5.427200,     7.679900
   -5.427100,     7.680000,    -5.345380,     7.680000
   -5.345280,     7.680100,    -5.345280,     7.843740
   -5.672960,     7.843740,    -5.672960,     7.188580
   -5.672960,     7.024540,    -5.672960,     2.723940
   -4.157440,     2.846820,    -4.157440,     3.542940
   -4.157540,     3.543040,    -5.427100,     3.543040
    2.600960,     2.764900,     2.600960,     3.420060
    2.887580,     3.543040,     2.519140,     3.543040
    2.519040,     3.542940,     2.519040,     2.846820
    2.518940,     2.846720,    -4.157340,     2.846720
    2.601060,     3.420160,     3.379100,     3.420160
    2.928640,     3.501980,     2.928640,     3.420260
  -10.792960,   -17.182819,   -10.792960,   -17.878941
  -10.670080,   -17.960861,   -10.670080,   -17.182819
  -10.793060,   -17.879040,   -10.874780,   -17.879040
  -10.874880,   -17.879139,   -10.874880,   -17.960861
  -10.874780,   -17.960960,   -10.670180,   -17.960960
  -12.062820,   -17.879040,   -12.185500,   -17.879040
  -12.185500,   -17.960960,   -12.062820,   -17.960960
  -12.062720,   -17.960861,   -12.062720,   -17.879139
  -14.725120,    13.783140,   -14.725120,    15.544220
  -14.848000,    15.421340,   -14.848000,    14.233700
  -14.848000,    14.069660,   -14.848000,    13.783140
  -14.725220,    15.544320,   -16.035740,    15.544320
  -16.035740,    15.421440,   -14.848100,    15.421440
  -14.848100,    14.233600,   -16.035740,    14.233600
  -16.035740,    14.069760,   -14.848100,    14.069760
   32.133121,     2.437020,    32.133121,     1.658980
   32.296959,     1.454180,    32.296959,     2.437020
   31.150080,     2.437020,    31.150080,     1.454180
   31.354879,     1.658980,    31.354879,     2.437020
   29.470720,     2.437020,    29.470720,     1.658980
   29.634560,     1.454180,    29.634560,     2.437020
   28.487680,     2.437020,    28.487680,     1.454180
   28.692480,     1.658980,    28.692480,     2.437020
   28.487780,     1.454080,    29.634460,     1.454080
   29.470621,     1.658880,    28.692579,     1.658880
   31.150179,     1.454080,    32.296860,     1.454080
   32.133022,     1.658880,    31.354979,     1.658880
    3.092580,   -15.339520,    10.137500,   -15.339520
   10.137500,   -15.134720,     3.092580,   -15.134720
  -39.587940,    20.049919,   -42.332062,    20.049919
  -42.332062,    19.845119,   -39.792740,    19.845119
  -39.792641,    19.845020,   -39.792641,    19.435619
  -39.587841,    19.640419,   -39.587841,    20.049820
  -39.792542,    19.435520,   -35.287140,    19.435520
  -35.287140,    19.640320,   -39.587742,    19.640320
    0.102400,    11.243420,     0.102400,     9.728100
    0.184320,     9.728100,     0.184320,    11.243420
   30.863260,     2.969600,    26.439779,     2.969600
   26.439680,     2.969700,    26.439680,     3.583900
   26.439581,     3.584000,    25.374819,     3.584000
   25.374720,     3.583900,    25.374720,     2.969700
   25.374620,     2.969600,    22.179939,     2.969600
   32.993179,     2.969600,    31.027300,     2.969600
   -7.270300,   -20.336639,    -5.918820,   -20.336639
   -5.918720,   -20.336540,    -5.918720,   -20.213860
   -5.918820,   -20.213760,    -7.393180,   -20.213760
   -5.017500,   -20.336639,    -4.935780,   -20.336639
   -4.362140,   -20.336639,    -2.805860,   -20.336639
   -2.805760,   -20.336540,    -2.805760,   -20.213860
   -2.805860,   -20.213760,    -4.362140,   -20.213760
   -4.935780,   -20.213760,    -5.017500,   -20.213760
   -5.017600,   -20.213860,    -5.017600,   -20.336540
   -1.904640,   -20.213860,    -1.904640,   -20.336540
   -1.904540,   -20.336639,    -1.822820,   -20.336639
   -5.017500,    22.220800,    -4.280420,    22.220800
   -4.280320,     2.723940,    -4.280320,     3.420060
   -4.280420,     3.420160,    -5.017500,     3.420160
   -5.017600,     3.420060,    -5.017600,     2.723940
   -8.130560,     2.723940,    -8.130560,     3.420060
   -8.826880,     3.420060,    -8.826880,     2.723940
  -11.939840,     2.723940,   -11.939840,     3.420060
  -11.939940,     3.420160,   -12.636060,     3.420160
  -12.636160,     3.420060,   -12.636160,     2.723940
  -15.749120,     2.723940,   -15.749120,     3.420060
  -15.749220,     3.420160,   -16.445341,     3.420160
  -16.445440,     3.420060,   -16.445440,     2.723940
  -19.558399,     2.723940,   -19.558399,     3.420060
  -19.558498,     3.420160,   -20.295580,     3.420160
  -20.295679,     3.420060,   -20.295679,     2.723940
  -23.408640,     2.723940,   -23.408640,     3.420060
  -23.408739,     3.420160,   -24.104860,     3.420160
  -24.104959,     3.420060,   -24.104959,     2.723940
  -27.217920,     2.723940,   -27.217920,     3.420060
  -27.218019,     3.420160,   -27.914141,     3.420160
  -27.914240,     3.420060,   -27.914240,     2.723940
  -31.027201,     2.723940,   -31.027201,     3.420060
  -31.027300,     3.420160,   -31.723421,     3.420160
  -31.723520,     3.420060,   -31.723520,     2.723940
  -34.836479,     2.723940,   -34.836479,     3.420060
  -34.836578,     3.420160,   -35.532700,     3.420160
  -35.532799,     3.420060,   -35.532799,     2.723940
  -13.496220,    -8.499200,   -13.373540,    -8.499200
  -23.941021,   -16.855040,   -23.531620,   -16.855040
  -10.588160,     7.188380,   -10.588160,     7.065700
   -9.523200,     7.065700,    -9.523200,     7.188380
  -12.800000,     7.065700,   -12.800000,     7.188380
  -14.315520,     7.065700,   -14.315520,     7.188380
    6.410340,    22.835199,    12.677020,    22.835199
   15.175780,    22.835199,    21.688221,    22.835199
   21.688320,    22.835299,    21.688320,    26.111900
   21.688320,    29.716579,    21.688320,    29.880220
   21.975040,    29.716579,    21.975040,    29.880220
   21.688320,    30.863459,    21.688320,    34.140060
   21.975040,    22.548578,    21.975040,    25.825180
   21.975040,    31.191139,    21.975040,    34.467739
   21.688221,    34.140160,     6.410340,    34.140160
   21.974941,    29.880320,    21.688419,    29.880320
   21.974941,    34.467838,     6.123620,    34.467838
    6.410240,    34.140060,     6.410240,    22.835299
    6.123520,    34.467739,     6.123520,    22.548578
   12.677120,    22.548578,    12.677120,    22.835100
   15.175680,    22.548578,    15.175680,    22.835100
   21.688419,    29.716480,    21.974941,    29.716480
   21.688419,    26.112000,    26.808220,    26.112000
   21.975140,    25.825279,    27.094940,    25.825279
   26.808319,    26.112099,    26.808319,    30.863260
   27.095039,    25.825378,    27.095039,    31.190941
   26.808220,    30.863359,    21.688419,    30.863359
   27.094940,    31.191040,    21.975140,    31.191040
   -8.540360,     3.420160,    -8.826780,     3.420160
   -8.130660,     3.420160,    -8.499000,     3.420160
