54.3480,34.7400,54.3480,36.0000
14.9570,45.0440,14.3530,45.0440
13.2230,45.1340,11.3990,45.1340
13.2230,45.0440,11.3990,45.0440
27.7110,47.7250,11.3990,47.6550
11.3990,47.6550,11.3990,47.2620
15.2100,45.1340,14.3530,45.1340
15.0580,38.3690,15.0580,45.0440
14.9570,38.3690,14.9570,45.0440
11.3080,47.7560,11.3080,47.2620
11.3080,45.3960,11.3080,38.3690
11.3990,38.3690,11.3990,45.0440
1.2157,38.5210,1.2157,38.3900
19.5150,19.0220,19.1210,19.0220
15.5830,19.0220,15.1890,19.0220
10.6730,19.0220,10.2790,19.0220
6.7507,19.0220,6.3575,19.0220
26.9750,19.0220,24.0310,19.0220
2.0928,19.0220,5.5711,19.0220
9.4930,19.0220,7.5371,19.0220
12.6390,19.0220,14.4030,19.0220
17.9420,19.0220,18.3350,19.0220
21.6720,19.0220,20.3010,19.0220
10.2790,19.1030,10.4000,19.2240
10.4810,19.0220,10.6730,19.2140
6.7507,19.2240,6.3575,19.2240
10.4710,18.9310,10.3700,19.0220
10.6420,18.9310,10.5520,19.0220
22.3070,41.5550,22.6100,41.8480
31.2000,19.0220,34.9300,19.0220
34.8090,19.0220,34.8090,17.6610
34.8090,17.6610,31.3210,17.6610
31.3210,17.6610,31.3210,19.0220
31.6130,18.2560,31.6130,19.0220
31.9050,17.9530,34.2140,17.9530
34.5170,18.2560,34.5170,19.0220
31.9050,17.9530,31.9050,18.2560
31.9050,18.2560,31.6130,18.2560
34.5170,18.2560,34.2140,18.2560
34.2140,18.2560,34.2140,17.9530
11.3990,45.1340,11.3990,45.3960
15.0580,45.0440,15.2100,45.0440
16.3490,45.1340,17.0040,45.1340
16.3490,45.0440,17.0040,45.0440
5.5207,33.4090,5.5207,33.5900
3.6555,33.4090,3.6555,33.5900
32.4900,48.1590,34.8490,48.1690
33.0650,19.2240,33.9120,19.2240
1.4375,38.0770,1.4375,33.1570
0.9334,38.3690,0.9334,33.1570
1.4476,19.2240,5.5711,19.2240
1.4476,19.6670,0.9334,19.6670
1.4476,19.2240,1.4476,19.6670
1.4375,28.9430,0.9334,28.9430
1.4375,28.3580,0.9334,28.3580
1.4375,28.9430,1.4375,28.6500
1.4375,33.1570,0.9334,33.1570
17.1550,19.2240,17.9420,19.2240
11.9430,19.2240,12.6390,19.2240
12.6390,19.2240,12.6390,19.0220
17.9420,19.2240,17.9420,19.0220
21.6720,19.2240,21.6720,19.0220
27.7620,19.2240,28.2560,19.2240
22.3680,19.2240,23.2450,19.2240
23.2450,19.2240,23.2450,19.0220
26.9750,19.2240,26.9750,19.0220
32.2180,19.2240,32.2180,19.0220
33.9120,19.2240,33.9120,19.0220
10.9850,48.0580,10.9850,47.6150
11.2780,47.7560,11.2780,47.3220
6.5491,38.0770,7.3959,38.0770
0.9334,38.3690,3.8471,38.3690
5.7123,38.3690,7.3959,38.3690
4.6839,38.3690,4.9763,38.3690
32.0460,48.1490,32.0360,50.5080
32.0360,50.5080,32.4800,50.5080
32.4800,50.5080,32.4900,48.1590
29.9800,48.1390,29.9700,50.4980
29.9700,50.4980,30.4130,50.4980
30.4130,50.4980,30.4230,48.1490
24.3840,48.1190,24.3740,50.4780
24.3740,50.4780,24.8180,50.4780
24.8180,50.4780,24.8280,48.1190
22.4690,48.1090,22.4580,50.4680
22.4580,50.4680,22.9020,50.4680
22.9020,50.4680,22.9120,48.1090
19.6760,48.0980,19.6660,50.4480
19.6660,50.4480,20.0990,50.4580
20.0990,50.4580,20.1190,48.0980
27.1870,48.1290,27.1770,50.4880
27.1770,50.4880,27.6200,50.4880
27.6200,50.4880,27.6310,48.1290
16.8730,48.0780,16.8630,50.4370
16.8630,50.4370,17.3070,50.4370
17.3070,50.4370,17.3170,48.0780
14.9570,48.0680,14.9470,50.4270
14.9470,50.4270,15.3910,50.4270
15.3910,50.4270,15.4010,48.0780
20.1190,48.0980,22.4690,48.1090
11.2780,47.7560,37.8740,47.8870
21.6120,38.3690,23.3050,38.3690
17.1550,38.0770,17.6190,38.0770
11.8520,38.0770,12.6990,38.0770
11.0050,38.3690,12.6990,38.3690
16.3080,38.3690,17.6190,38.3690
21.6120,38.0770,21.6120,38.3690
15.4010,48.0780,16.8730,48.0780
10.9850,48.0580,14.9570,48.0680
17.3170,48.0780,19.6760,48.0980
27.7620,38.0770,30.5440,38.0770
22.4580,38.0770,23.3050,38.0770
27.6310,48.1290,29.9800,48.1390
22.9120,48.1090,24.3840,48.1190
24.8280,48.1190,27.1870,48.1290
30.4230,48.1490,32.0460,48.1490
54.1970,36.0000,54.1970,34.7400
60.3570,38.4400,60.3570,18.8510
57.7760,28.5800,59.8320,28.5800
57.7760,28.7210,59.8320,28.7210
60.3570,18.8510,43.6710,18.8510
57.4730,23.8110,59.8320,23.8110
57.4730,19.2240,57.4730,22.7520
57.2820,19.2240,57.2820,22.7420
43.6710,19.0220,43.6710,18.8510
57.2920,22.7520,57.4730,22.7520
57.2820,23.8610,57.2820,23.7400
57.2820,23.7400,57.4730,23.7400
57.7760,28.7210,57.7760,28.5800
60.3570,38.4400,38.1660,38.4400
37.6420,48.1790,37.6320,50.5380
37.6320,50.5380,38.0750,50.5380
38.0750,50.5380,38.0860,48.1790
34.8490,48.1690,34.8290,50.5180
34.8290,50.5180,35.2730,50.5280
35.2730,50.5280,35.2830,48.1690
37.8740,47.8870,37.8740,38.3690
38.1660,47.8870,38.1660,38.4400
38.0860,48.1790,41.3020,48.1990
35.2830,48.1690,37.6420,48.1790
54.3480,36.0000,54.1970,36.0000
54.3480,37.8950,54.3480,37.5730
54.3480,37.5730,54.1970,37.5730
54.1970,37.5730,54.1970,37.8950
57.1810,19.7880,57.1810,19.6870
2.6675,28.6500,3.0204,28.6500
2.6675,28.4690,3.0204,28.4690
24.4240,38.3690,24.1420,38.3690
5.9643,28.4690,5.9643,28.6500
3.0204,28.4690,3.0204,28.6500
5.9643,28.6500,6.6700,28.6500
11.7610,19.2240,11.7610,28.4690
11.9430,19.2240,11.9430,28.4690
11.4890,28.6500,11.4890,28.4690
7.9505,28.6500,7.9505,28.4690
7.6581,28.6500,7.6581,28.4690
6.6700,28.6500,6.6700,28.4690
7.6581,28.4690,7.9505,28.4690
7.6581,28.6500,7.9505,28.6500
11.4890,28.6500,19.6150,28.6500
1.4375,28.4690,1.4375,28.3580
21.4810,28.4690,21.4810,28.6500
19.6150,28.4690,19.6150,28.6500
21.4810,28.6500,22.7510,28.6500
11.4890,28.4690,11.7610,28.4690
11.9430,28.4690,19.6150,28.4690
21.4810,28.4690,22.3680,28.4690
22.5490,28.4690,22.7510,28.4690
43.6710,19.2240,38.3680,19.2240
4.6839,38.0770,4.9763,38.0770
5.7123,38.0770,6.5491,38.0770
26.9750,19.2240,27.7620,19.2240
32.2180,19.2240,33.0650,19.2240
37.8740,19.2240,38.3680,19.2240
11.0050,38.0770,11.8520,38.0770
16.3080,38.0770,17.1550,38.0770
21.6120,38.0770,22.4580,38.0770
12.6990,38.3690,16.3080,38.3690
16.3080,38.0770,12.6990,38.0770
11.0050,38.3690,7.3959,38.3690
7.3959,38.0770,11.0050,38.0770
14.9370,45.0230,14.3530,45.0230
14.3530,45.0230,14.3530,45.1440
11.4090,45.0230,13.2230,45.0230
13.2230,45.0230,13.2230,45.1440
13.2230,45.1440,11.4090,45.1440
16.4290,38.0770,16.4290,36.8970
16.2380,38.0770,16.2380,36.8970
1.4476,33.5900,3.6555,33.5900
1.4476,33.4090,3.6555,33.4090
5.5207,33.4090,16.4290,33.4090
5.5207,33.5900,16.2380,33.5900
21.6120,38.0770,18.5970,38.0770
23.3050,38.3690,23.7390,38.3690
26.1380,38.0770,23.3050,38.0770
3.8471,38.3690,4.6839,38.3690
3.8471,38.0770,4.6839,38.0770
4.9763,38.0770,5.7123,38.0770
4.9763,38.3690,5.7123,38.3690
27.7110,47.7150,11.4090,47.6350
11.4090,47.6350,11.4090,47.2620
27.7110,47.8360,27.7110,47.4530
28.0040,45.2860,27.7110,45.2860
28.0040,47.4530,27.7110,47.4530
27.7110,45.2860,27.7110,38.3690
26.1380,38.0770,26.1380,38.3690
0.9334,28.3580,0.9334,28.9430
0.9334,39.1560,1.2157,39.1560
0.9334,44.0660,1.2258,44.0660
11.2880,47.7560,11.2880,47.2620
11.2880,47.2620,11.4090,47.2620
11.2880,45.3960,11.2880,38.3690
11.4090,38.3690,11.4090,45.0230
15.0780,38.3690,15.0780,45.0230
14.9370,38.3690,14.9370,45.0230
15.2100,45.1440,14.3530,45.1440
1.2157,39.1560,1.2157,38.3900
0.9334,39.1560,0.9334,38.3900
0.9334,38.3900,1.2157,38.3900
0.9334,47.6150,0.9334,44.0660
1.2258,47.3220,1.2258,44.0660
20.1800,44.7210,20.1800,41.9590
20.2100,42.0590,20.2100,44.5190
19.9080,41.4140,19.9080,42.7450
21.8940,41.9590,21.8940,44.7210
21.8540,44.5190,21.8540,42.0590
21.8540,41.9990,20.2400,41.9990
20.2100,42.0590,21.8540,42.0590
21.8940,41.9590,20.2400,41.9590
19.1210,44.8520,20.2000,44.8520
19.5350,44.5700,19.0710,44.5700
19.5350,43.0170,17.5690,43.0170
19.5350,43.0170,19.5350,44.5700
17.5690,43.0170,17.5690,44.5700
19.0710,44.6910,19.0710,44.5700
18.0430,44.5700,17.5690,44.5700
21.8540,44.5190,21.4300,44.5190
21.4300,44.5190,21.4300,44.6200
21.4300,44.6200,21.8540,44.6200
21.8540,44.6200,21.8540,44.7210
21.4810,44.8520,21.4810,45.1440
21.4300,45.1440,21.4300,44.8520
21.4810,44.8520,21.4810,45.1440
20.2400,44.7210,20.2400,44.6200
20.2510,44.6200,20.2510,44.5190
21.4810,44.8520,22.3070,44.8520
20.2000,44.8520,20.2000,45.1440
20.2000,45.1440,20.2000,44.8520
20.2510,44.8520,20.2510,45.1440
17.3570,41.1220,17.3570,38.3690
19.9080,42.7450,17.3070,42.7450
22.3070,41.4140,22.3070,44.8520
23.7390,41.1220,17.3570,41.1220
19.9080,42.7450,19.9080,44.7410
17.3070,42.7450,17.3070,44.8520
18.5970,38.2580,18.5970,38.3690
23.7390,41.1220,23.7390,38.3690
27.5600,19.2240,27.5600,28.4690
27.7310,19.2240,27.7310,28.6500
25.7150,28.4690,25.7150,28.6500
22.7710,28.4690,22.7710,28.6500
25.7150,28.4690,26.4510,28.4690
26.4510,28.4690,26.4510,28.6500
26.4510,28.6500,25.7150,28.6500
27.5600,28.4690,27.4290,28.4690
27.4290,28.4690,27.4290,28.6500
27.4290,28.6500,27.7310,28.6500
22.5490,28.4690,22.7710,28.4690
53.9750,28.4690,53.9750,28.6500
52.9970,28.4690,52.9970,28.6500
52.9970,28.6500,52.1100,28.6500
52.9970,28.4690,52.1100,28.4690
45.0420,28.4690,45.0420,28.6500
52.1100,28.4690,52.1100,28.6500
45.0420,28.4690,41.9770,28.4690
45.0420,28.6500,41.8060,28.6500
41.8060,19.2240,41.8060,28.6500
41.9770,19.2240,41.9770,28.4690
59.8320,24.0130,57.2820,24.0130
57.2820,24.0130,57.2820,23.8610
57.2820,21.5020,56.4450,21.5020
57.1810,21.3210,56.4450,21.3210
55.3960,28.6500,53.9750,28.6500
55.2150,28.4690,53.9750,28.4690
57.2820,24.0130,57.2820,27.4910
57.2820,29.9710,54.1970,29.9710
54.1970,29.9710,54.1970,30.9390
57.4630,24.0130,57.4630,27.4910
57.4630,30.1530,54.3780,30.1530
54.3780,30.1530,54.3780,30.9390
57.4630,28.4790,57.2820,28.4790
57.4630,27.4910,57.2820,27.4910
57.4630,28.4790,57.4630,28.8020
57.2820,28.4790,57.2820,29.9710
54.3780,30.9390,54.1970,30.9390
54.1970,34.7400,54.1970,32.8040
54.1970,32.8040,54.3780,32.8040
54.3780,32.8040,54.3780,34.7400
23.7390,38.3690,18.5970,38.3690
21.7830,19.2240,21.7830,28.4690
21.9540,19.2240,21.9540,28.4690
0.9334,19.6670,0.9334,20.5440
1.4375,30.2030,0.9334,30.2030
18.5970,38.3690,18.5970,38.0770
17.6190,38.3690,17.6190,38.0770
0.9334,20.5440,1.2459,20.5440
1.2459,22.1170,0.9334,22.1170
0.9334,22.1170,0.9334,28.6500
0.9334,29.9210,0.9334,30.2030
43.6710,19.2240,60.0140,19.2240
60.0140,19.2240,60.0140,38.0770
1.4375,38.0770,3.8471,38.0770
37.8740,38.3690,35.1620,38.3690
38.1660,47.8870,41.4730,47.9070
17.3070,44.8520,17.9920,44.8520
17.9920,45.1440,17.9920,44.8520
18.0430,44.8520,18.0430,45.1440
17.9920,45.1440,17.9920,44.8520
19.0710,45.1440,19.0710,44.8520
19.1210,44.8520,19.1210,45.1440
19.1210,45.1440,19.1210,44.8520
17.1550,19.2240,16.3690,19.2240
16.3690,19.2240,16.3690,19.0220
21.6720,19.2240,22.3680,19.2240
28.2560,19.0220,28.2560,19.2240
11.4590,19.0220,11.4590,19.2240
5.5711,19.2240,5.5711,19.0220
11.4590,19.2240,11.7610,19.2240
43.6710,19.0220,37.8740,19.0220
37.8740,19.0220,37.8740,19.2240
32.2180,19.0220,33.9120,19.0220
26.9750,19.0220,28.2560,19.0220
21.6720,19.0220,23.2450,19.0220
16.3690,19.0220,17.9420,19.0220
11.4590,19.0220,12.6390,19.0220
18.2640,19.2240,18.1330,19.2240
6.7507,19.2240,6.7507,19.5770
6.7507,19.5770,6.3575,19.5770
6.3575,19.5770,6.3575,19.2240
20.3010,18.9310,20.3010,19.2240
19.5150,18.9310,19.5150,19.2240
19.1210,18.9310,19.1210,19.2240
18.3350,18.9310,18.3350,19.2240
19.5150,19.2240,19.1210,19.2240
19.5150,18.9310,19.1210,18.9310
16.3690,18.9310,16.3690,19.2240
15.5830,18.9310,15.5830,19.2240
15.1890,18.9310,15.1890,19.2240
14.4030,18.9310,14.4030,19.2240
15.5830,19.2240,15.1890,19.2240
15.5830,18.9310,15.1890,18.9310
11.4590,18.9310,11.4590,19.2240
10.6730,18.9310,10.6730,19.2240
10.2790,18.9310,10.2790,19.2240
9.4930,18.9310,9.4930,19.2240
10.6730,19.2240,10.2790,19.2240
10.6730,18.9310,10.2790,18.9310
7.5371,18.9310,7.5371,19.2240
6.7507,18.9310,6.7507,19.2240
6.3575,18.9310,6.3575,19.2240
5.5711,18.9310,5.5711,19.2240
6.7507,18.9310,6.3575,18.9310
24.0310,18.9310,24.0310,19.2240
23.2450,18.9310,23.2450,19.2240
26.9750,19.2240,24.0310,19.2240
28.2560,18.9310,24.0310,18.9310
5.5711,18.9310,0.9233,18.9310
7.5371,19.2240,9.4930,19.2240
9.4930,18.9310,7.5371,18.9310
11.4590,18.9310,14.4030,18.9310
12.6390,19.2240,14.4030,19.2240
18.3350,19.2240,17.9420,19.2240
16.3690,18.9310,18.3350,18.9310
20.3010,19.2240,21.6720,19.2240
20.3010,18.9310,23.2450,18.9310
31.2000,19.0220,31.2000,19.2240
28.2560,18.9310,28.2560,19.2240
32.2180,19.2240,31.2000,19.2240
34.9300,19.0220,34.9300,19.2240
37.8740,18.9310,37.8740,19.2240
33.9120,19.2240,34.9300,19.2240
37.8740,18.9310,43.6710,18.9310
55.4060,19.2540,55.4060,21.3210
55.2350,19.2240,55.2350,28.4590
55.4060,21.5020,55.4060,28.6400
57.1000,19.3350,56.0010,19.3350
57.1200,19.2940,56.0210,19.2940
57.1000,20.1410,57.1000,19.3350
57.1410,20.1210,57.1410,19.3140
55.4570,21.5020,55.4570,21.3210
56.4450,21.5020,56.4450,21.3210
28.0040,47.8360,28.0040,47.4530
28.0040,45.2860,28.0040,38.3690
24.0210,41.4140,22.6100,41.4140
22.3070,41.4140,19.9080,41.4140
17.0750,41.4140,17.0750,38.3690
19.6150,41.4140,19.6150,42.4420
19.6150,42.4420,17.0040,42.4420
17.0040,42.4420,17.0040,45.1440
17.0040,45.1440,17.9920,45.1440
19.1210,45.1440,20.2000,45.1440
21.4810,45.1440,22.3070,45.1440
19.6150,41.4140,17.0750,41.4140
21.4810,45.1440,24.3240,45.1440
24.0210,41.4140,24.0210,38.3690
27.7620,38.0770,27.5600,38.0770
27.5600,38.0770,27.5600,38.3690
27.5600,38.3690,30.5440,38.3690
17.6190,38.3690,17.6190,38.0770
1.4375,29.9210,1.4375,30.2030
26.1380,38.3690,26.1380,45.1440
26.1380,45.1440,25.7550,45.1440
24.0210,38.3690,25.8460,38.3690
25.8460,38.3690,25.8460,44.8520
22.6100,44.8520,22.6100,41.4140
25.7550,44.8520,25.7550,45.1440
24.3240,45.1440,24.3240,44.8520
24.3240,44.8520,22.6100,44.8520
35.0910,38.0770,59.7620,38.0770
31.2000,19.2240,31.2000,17.5400
31.2000,17.5400,34.9300,17.5400
34.9300,17.5400,34.9300,19.2240
22.3070,44.2170,22.1660,44.2170
22.1660,44.2370,22.3070,44.2370
22.3070,44.6300,22.1660,44.6300
22.1660,44.6500,22.3070,44.6500
22.1860,44.2370,22.1860,44.6300
22.2170,44.2370,22.2170,44.6300
17.3070,44.2170,17.4480,44.2170
17.4480,44.2370,17.3070,44.2370
17.3070,44.6300,17.4480,44.6300
17.4480,44.6500,17.3070,44.6500
17.4280,44.2370,17.4280,44.6300
17.3970,44.2370,17.3970,44.6300
1.2459,19.6670,1.2459,20.5440
1.2459,22.1170,1.2459,28.3580
11.4090,45.1440,11.4090,45.3960
15.0780,45.0230,15.2100,45.0230
15.2100,45.0230,15.2100,45.1440
17.0040,45.0230,16.3490,45.0230
16.3490,45.0230,16.3490,45.1440
16.3490,45.1440,17.0040,45.1440
55.4060,19.2540,57.1810,19.2540
57.1810,19.2540,57.1810,21.3210
22.3070,41.7870,19.9080,41.7870
22.3070,41.6560,19.9080,41.6560
1.0342,19.0220,1.0342,19.6670
0.9233,18.9310,0.9233,19.4560
0.9233,19.4560,1.0342,19.4560
1.0342,19.0220,5.5711,19.0220
0.9334,19.4560,0.9334,19.6670
19.7570,42.7450,19.7570,44.7410
60.0140,28.8020,57.4630,28.8020
60.0140,28.9830,57.4630,28.9830
57.4630,28.9830,57.4630,30.1530
32.4090,38.3690,32.4090,38.0770
30.5440,38.3690,30.5440,38.0770
32.4090,38.3690,35.1620,38.3690
32.4090,38.0770,35.1620,38.0770
16.4290,36.8970,16.2380,36.8970
16.2380,33.5900,16.2380,35.9190
16.2380,35.9190,16.4290,35.9190
16.4290,35.9190,16.4290,32.4410
11.4090,45.3960,11.2880,45.3960
54.3480,34.9310,57.9470,34.9310
54.1970,34.7400,57.7760,34.7400
1.4375,29.9210,0.9334,29.9210
0.9334,43.0880,1.2258,43.0880
0.9334,43.0880,0.9334,41.5150
0.9334,41.5150,1.2258,41.5150
1.2258,41.5150,1.2258,43.1080
45.7480,34.7400,54.1970,34.7400
45.8990,34.9310,45.8990,36.2020
45.7480,36.2020,45.7480,34.7400
45.7480,38.0770,45.7480,37.7640
45.8990,36.2020,45.7480,36.2020
45.7580,37.7640,45.8990,37.7640
45.8990,37.7640,45.8990,38.0770
46.3630,34.7400,46.3630,32.4410
1.5484,32.4410,16.4290,32.4410
54.1970,33.1870,52.6640,33.1870
52.6640,33.1870,52.6640,32.4410
43.7210,32.4410,43.7210,38.0770
46.3630,32.4410,52.6640,32.4410
43.7210,32.4410,33.1550,32.4410
33.1550,32.4410,33.1550,38.0770
57.9470,33.4590,59.8320,33.4590
57.7760,33.2680,59.8320,33.2680
57.9470,33.4590,57.9470,34.9310
57.7760,33.2680,57.7760,34.7400
6.3575,27.1580,6.3575,28.4690
6.5289,27.1580,6.5289,28.4690
2.6675,28.6500,2.6675,28.4690
1.6795,28.6500,1.6795,28.4690
6.5289,20.8670,6.3575,20.8670
6.5289,22.7320,6.3575,22.7320
6.5289,25.2930,6.3575,25.2930
6.5289,27.1580,6.3575,27.1580
