10.9775,-14.5303,18.7863,-14.1017
10.8584,-14.3398,18.7625,-13.9113
10.9775,-14.5065,18.7386,-14.0779
10.9537,-14.4827,18.7386,-14.0541
-2.4737,10.8959,-2.4022,6.5630
0.6689,-46.6701,0.4070,-46.5511
-7.3541,11.2530,-6.6161,11.2768
-3.5926,10.8959,-0.1643,10.9435
0.7403,-10.6735,0.1690,-16.0778
0.9070,-10.6497,0.3356,-15.9349
-1.0452,-15.9587,-1.0452,-16.0778
18.4053,-8.3642,19.8576,-4.6503
10.5489,-16.0301,10.6680,-15.6492
10.6680,-15.6492,10.4299,-15.5778
10.2394,-15.5540,9.8823,-16.6491
18.0006,-2.7933,20.1195,-3.6265
20.0719,-3.7694,20.1909,-3.8170
20.1909,-3.8170,20.3575,-3.3885
32.6659,11.5149,32.0231,11.4911
26.4998,7.8724,27.1188,9.4437
27.1426,9.5627,27.3807,10.1579
27.8330,11.3006,27.8806,11.4197
27.1426,9.5627,31.2851,7.9438
27.1188,9.4437,31.2375,7.8248
25.9999,6.6344,30.1185,5.0155
30.0709,4.8965,25.9523,6.5154
25.9523,6.5154,25.3571,4.9441
24.8571,3.7061,28.9758,2.0872
28.9282,1.9682,24.8095,3.5871
24.8095,3.5871,24.2143,2.0158
23.7144,0.7778,25.7618,-0.0316
22.5478,-2.1981,23.6668,0.6588
23.6668,0.6588,25.7142,-0.1507
26.0951,-0.1507,27.8330,-0.8411
26.0475,-0.2697,27.7854,-0.9601
22.0717,-3.4599,26.1665,-5.0788
26.1189,-5.1740,22.0241,-3.5789
22.0241,-3.5789,21.4051,-5.1264
20.4052,-7.6738,20.8813,-6.5072
19.9290,-8.9356,24.0239,-10.5307
19.8814,-9.0308,24.0001,-10.6497
18.7148,-13.9113,18.6196,-11.9353
18.6196,-11.9353,19.2624,-10.2450
19.2624,-10.2450,19.3814,-10.2926
19.3814,-10.2926,18.7386,-11.9591
23.6906,-11.4115,24.1429,-10.2450
24.8571,-8.4356,25.3333,-7.2214
26.0475,-5.4121,26.8569,-3.3170
27.6664,-1.2696,28.1187,-0.1031
28.8091,1.6825,29.0710,2.3253
29.7614,4.1108,30.4518,5.8488
31.1661,7.6343,31.4041,8.2771
33.3087,11.9434,32.4993,9.8722
23.1906,-13.9113,21.3813,-14.0065
2.1212,6.6344,2.0497,10.6340
6.6922,6.7058,6.5969,11.0626
20.3575,-3.3885,20.2147,-3.3408
21.7622,0.2541,20.6670,-2.5552
20.6670,-2.5552,20.5480,-2.4838
21.8574,0.4921,23.4287,4.4679
-15.3772,-28.4814,-12.9012,-31.1954
-17.6627,-2.7219,-22.7099,-2.8647
-17.5437,-6.6977,-22.6146,-6.8405
-17.4484,-10.6735,-22.4956,-10.7925
18.6672,-49.9317,18.0244,-49.8127
17.6435,-49.7413,16.5246,-49.5032
-8.3779,-36.2187,-5.8067,-37.4329
-4.7353,-37.9328,-2.1642,-39.1470
2.9544,-46.6939,2.5973,-46.6225
2.1688,-46.5511,0.8118,-46.2654
0.8118,-46.2654,-0.1405,-45.8131
24.3810,6.8963,26.1903,11.5625
14.6438,-49.1223,14.2629,-49.0270
14.0010,-48.9794,13.1915,-48.8128
-2.1165,-44.8608,-3.7831,-44.0751
-4.5449,-38.1709,-2.2118,-39.2661
-8.1636,-36.4330,-5.8781,-37.5281
-11.9966,-34.4808,-9.4492,-35.6950
-11.8061,-34.6951,-9.4968,-35.8140
-17.5199,-31.8382,-13.0917,-33.9570
-15.4486,-32.9571,-13.1393,-34.0523
-18.6150,-31.3382,-19.7816,-30.7669
-19.7816,-30.7669,-19.8292,-30.8859
19.7147,-9.1260,19.8338,-9.1736
26.3808,7.9200,27.2855,10.2055
27.7140,11.3483,27.8092,11.6101
25.9523,6.8011,25.2380,4.9917
24.0953,2.0634,24.8095,3.8728
23.6668,0.9445,22.4288,-2.1743
21.2860,-5.1026,22.0002,-3.2694
20.3099,-7.6262,20.8575,-6.1977
-17.3294,-10.5068,-17.4484,-10.5068
9.9299,10.7769,10.0014,6.6344
9.8109,10.7531,9.8585,6.7534
12.5487,11.3483,13.1201,6.7058
20.4528,11.3006,20.5242,6.9439
17.4769,11.2530,17.5483,6.8963
17.3340,11.2530,17.4292,6.8963
25.9761,11.3959,24.2619,7.0153
22.2383,-47.4320,21.7384,-49.2889
22.6668,-47.5748,22.1669,-49.3842
21.7384,-49.2889,22.0479,-49.3603
22.6668,-47.5748,22.5002,-47.5272
22.4288,-47.4796,22.2383,-47.4320
11.7631,-36.2425,13.1439,-36.7187
11.6441,-36.6711,12.9773,-37.1234
14.9295,-37.3377,15.8103,-37.6472
14.7866,-37.7424,15.6437,-38.0281
17.5959,-38.2661,20.1671,-39.1470
17.8102,-38.7899,20.0242,-39.5517
11.6441,-36.6711,9.8109,-36.0521
11.7631,-36.2425,9.9538,-35.6473
9.8109,-36.0521,9.9299,-35.7426
11.7631,-36.2425,11.6917,-36.4092
11.6917,-36.4806,11.6441,-36.6711
9.5728,-18.8632,9.0491,-20.3154
23.4049,-13.3637,23.1906,-13.9113
24.5714,-10.3640,24.0953,-11.5782
25.7380,-7.3643,25.2618,-8.6023
26.9522,-4.2217,26.4284,-5.6025
28.5234,-0.2459,28.0473,-1.4363
29.4519,2.1586,29.2139,1.5158
30.8566,5.7059,30.1661,3.9204
31.8088,8.1105,31.5470,7.4915
32.0945,10.0627,32.6659,11.5149
8.3825,-20.9344,9.1443,-18.7204
26.0475,-5.4121,25.3333,-7.2214
26.4284,-5.6025,25.7380,-7.3643
25.3333,-7.2214,25.6428,-7.3405
26.4284,-5.6025,26.2618,-5.5311
26.2141,-5.4835,26.0475,-5.4121
26.8569,-3.3170,27.6664,-1.2696
26.9522,-4.2217,28.0473,-1.4363
27.6664,-1.2696,27.9521,-1.3887
26.9522,-4.2217,27.1188,-3.4123
27.0236,-3.3885,26.8569,-3.3170
29.7614,4.1108,29.0710,2.3253
30.1661,3.9204,29.4519,2.1586
29.0710,2.3253,29.3567,2.2062
30.1661,3.9204,29.9995,3.9918
29.9519,4.0394,29.7614,4.1108
32.0945,10.0627,31.4041,8.2771
32.4993,9.8722,31.8088,8.1105
31.4041,8.2771,31.7136,8.1581
32.4993,9.8722,32.3326,9.9436
32.2850,9.9912,32.0945,10.0627
30.0709,11.4673,29.8090,11.4673
29.4281,11.4673,27.8806,11.4197
31.9755,11.9434,33.3087,11.9434
-22.7099,-3.0075,-22.6622,-5.1978
-23.1622,-2.1981,-23.0908,-5.1978
-22.6622,-5.1978,-22.9717,-5.1978
-23.1622,-2.1981,-22.9955,-3.0314
-22.9003,-3.0075,-22.7099,-3.0075
-22.6146,-6.9596,-22.5432,-9.1736
-23.0670,-6.1739,-22.9717,-9.1736
-22.5432,-9.1736,-22.8765,-9.1736
-23.0670,-6.1739,-22.9003,-7.0072
-22.8765,-6.9596,-22.6146,-6.9596
-22.5432,-15.0540,-22.6860,-17.2443
-22.9241,-14.2208,-23.1146,-17.2205
-22.6860,-17.2443,-23.0193,-17.2205
-22.9241,-14.2208,-22.8289,-15.0778
-22.7337,-15.0540,-22.5432,-15.0540
-23.4717,-22.2915,-23.4003,-21.2677
-23.1860,-18.2680,-23.1146,-17.2205
-22.8289,-19.1013,-22.9717,-21.2915
-23.1860,-18.2680,-23.4003,-21.2677
-22.9717,-21.2915,-23.3050,-21.2677
-23.1860,-18.2680,-23.1146,-19.1013
-23.0193,-19.0775,-22.8289,-19.1013
-23.1146,-23.1247,-23.2574,-25.3150
-23.4717,-22.2915,-23.6860,-25.2912
-23.2574,-25.3150,-23.5907,-25.3150
-23.4717,-22.2915,-23.3765,-23.1485
-23.3050,-23.1247,-23.1146,-23.1247
-23.6860,-25.2912,-23.7574,-26.3387
-23.3288,-26.4339,-23.2574,-25.3150
-23.8050,-33.1952,-23.7574,-32.3381
-23.7098,-31.8620,-23.6383,-30.8859
-23.6145,-30.4574,-23.5431,-29.3622
-23.9716,-29.3384,-24.2335,-33.1476
-24.3526,-34.7665,-22.4242,-35.6950
-23.8050,-33.1952,-23.8764,-34.2189
-23.4717,-34.7189,-22.9479,-34.9569
-15.5677,-32.9095,-17.5913,-37.1948
-17.9246,-37.3615,-18.3293,-37.1710
-11.9251,-34.6474,-13.9488,-38.9328
-14.2583,-39.0994,-14.6868,-38.8851
-10.6396,-40.8135,-11.0443,-40.6231
-4.6401,-38.1233,-6.6875,-42.3848
-7.2827,-42.4086,-7.4018,-42.3610
-20.5196,-36.5996,-22.4242,-35.6950
-16.8771,-38.3376,-17.7817,-37.8852
-13.2107,-40.0755,-14.1392,-39.6232
-9.5920,-41.7896,-10.4967,-41.3611
-5.9495,-43.5276,-6.8780,-43.0752
-2.3070,-45.2655,-3.2355,-44.8132
-18.3293,-37.1472,-20.3291,-36.2187
-17.8055,-37.8852,-20.5196,-36.5996
-20.3291,-36.2187,-20.4720,-36.5044
-17.8055,-37.8852,-18.4960,-37.4091
-18.4245,-37.3377,-18.3293,-37.1472
-14.6868,-38.8851,-16.6866,-37.9567
-14.1392,-39.6232,-16.8771,-38.3376
-16.6866,-37.9567,-16.8295,-38.2423
-14.1392,-39.6232,-14.8296,-39.1232
-14.7582,-39.0756,-14.6868,-38.8851
-11.0443,-40.6231,-13.0441,-39.6708
-10.4967,-41.3611,-13.2107,-40.0755
-13.0441,-39.6708,-13.1631,-39.9565
-10.4967,-41.3611,-11.1871,-40.8611
-11.1395,-40.7897,-11.0443,-40.6231
-7.4018,-42.3610,-9.4016,-41.4087
-6.8780,-43.0752,-9.5920,-41.7896
-9.4016,-41.4087,-9.5444,-41.6944
-6.8780,-43.0752,-7.5446,-42.5991
-7.4970,-42.5277,-7.4018,-42.3610
-3.7831,-44.0751,-5.7591,-43.1466
-3.2355,-44.8132,-5.9495,-43.5276
-5.7591,-43.1466,-5.9019,-43.4323
-3.2355,-44.8132,-3.9259,-44.3132
-3.8545,-44.2656,-3.7831,-44.0751
-0.1405,-45.8131,-2.1165,-44.8608
0.4070,-46.5511,-2.3070,-45.2655
-2.1165,-44.8608,-2.2594,-45.1465
0.4070,-46.5511,-0.2834,-46.0511
-0.2120,-45.9797,-0.1405,-45.8131
5.1209,-47.1463,7.0255,-47.5510
2.0735,-46.9558,0.6689,-46.6701
6.1446,-47.8129,5.0256,-47.5748
10.6204,-48.7176,9.0967,-48.4081
14.5724,-49.5508,13.0963,-49.2413
18.5958,-50.3603,16.4293,-49.9317
2.9544,-46.6939,5.1209,-47.1463
2.0735,-46.9558,5.0256,-47.5748
5.1209,-47.1463,5.0495,-47.4558
2.0735,-46.9558,2.9306,-46.9796
2.9306,-46.8844,2.9544,-46.6939
7.0255,-47.5510,9.1919,-47.9795
6.1446,-47.8129,9.0967,-48.4081
9.1919,-47.9795,9.1205,-48.3128
6.1446,-47.8129,7.0017,-47.8129
6.9778,-47.7415,7.0255,-47.5510
19.4767,-14.1256,18.8101,-14.1494
21.3574,-13.5780,21.5479,-13.5780
21.8336,-13.5542,22.8811,-13.5066
22.8811,-13.5066,22.9763,-13.2209
9.7157,-36.0045,9.8109,-36.0521
-17.4246,-10.7925,-22.4956,-10.9116
19.4291,-13.6970,18.8339,-13.7208
2.2402,6.7772,2.1688,10.6340
6.8112,6.7058,6.7398,11.0626
12.6916,11.1816,13.2154,6.8249
20.5718,11.3006,20.6670,6.9439
-15.4486,-32.9571,-17.4961,-37.2424
-11.8061,-34.6951,-13.8535,-38.9804
-4.5449,-38.1709,-6.5685,-42.4324
-16.1628,-27.6481,-15.9962,-27.8386
8.3825,-20.9344,7.6683,-23.0057
9.0491,-20.3154,8.0730,-23.1485
7.6683,-23.0057,7.9777,-23.1247
9.0491,-20.3154,8.6444,-21.0535
8.5729,-21.0059,8.3825,-20.9344
9.8823,-16.6491,9.1443,-18.7204
10.5489,-16.0301,9.5728,-18.8632
9.1443,-18.7204,9.4538,-18.8156
10.5489,-16.0301,10.1204,-16.7682
10.0490,-16.6967,9.8823,-16.6491
-3.6164,11.3244,-0.9738,11.3721
2.3354,10.9911,3.6924,11.0149
2.0259,11.4197,2.8830,11.4435
5.8827,11.4911,6.7874,11.5149
5.8827,11.0388,6.7874,11.0626
8.7396,11.1102,9.6443,11.1102
12.6916,11.1816,14.4533,11.2054
12.6202,11.6101,14.2391,11.6339
14.7390,11.2054,15.0485,11.2054
20.4528,11.3006,21.4765,11.3244
21.7384,11.3244,22.4764,11.3483
20.4528,11.7292,21.6431,11.7530
24.6667,11.3721,25.9761,11.3959
22.4526,11.3483,24.6667,11.3721
21.6431,11.7530,24.6429,11.8006
24.6667,11.3721,24.6429,11.7054
21.6431,11.7530,22.4764,11.6101
22.4526,11.5387,22.4526,11.3483
15.0485,11.2054,17.2626,11.2530
14.2391,11.6339,17.2388,11.6816
17.2626,11.2530,17.2388,11.5625
14.2391,11.6339,15.0723,11.4911
15.0485,11.3959,15.0485,11.2054
-0.1643,10.9435,2.0497,10.9911
-0.9738,11.3721,2.0259,11.4197
2.0497,10.9911,2.0259,11.3244
-0.9738,11.3721,-0.1405,11.2292
-0.1643,11.1578,-0.1643,10.9435
3.6924,11.0149,5.8827,11.0388
2.8830,11.4435,5.8827,11.4911
5.8827,11.0388,5.8827,11.3721
2.8830,11.4435,3.7162,11.3006
3.6924,11.2054,3.6924,11.0149
14.5009,-1.7696,14.8104,-4.1503
1.6926,-26.3863,1.8117,-26.4339
2.0735,-25.2436,2.1926,-25.2912
1.7402,-26.6244,1.6926,-26.7196
1.5974,-26.6958,1.6926,-26.3863
6.9540,6.5868,6.9540,6.7058
-15.9962,-27.8386,-15.8772,-27.7195
-15.8772,-27.7195,-16.0200,-27.5767
-15.3772,-28.4814,-15.2820,-28.3861
-15.2820,-28.3861,-12.7822,-31.1002
-8.0922,-33.9332,-8.0446,-33.7904
-7.2827,-34.3379,-7.2351,-34.1951
23.2620,4.4679,21.2146,-0.7459
17.7625,-0.9125,17.6673,4.8251
20.5242,-2.4838,21.1670,-0.9125
20.2147,-3.3408,20.1671,-3.4599
20.1671,-3.4599,18.0482,-2.6504
20.0719,-3.7694,20.1195,-3.6265
9.8347,-35.5997,9.9538,-35.6473
-24.1383,-34.6474,-23.0670,-35.1474
-24.1621,-34.6712,-23.0908,-35.1712
-22.7575,-1.9600,-22.3527,-1.9600
22.4526,5.0631,22.4526,4.8965
6.8826,-25.2198,7.6683,-23.0057
0.7879,-28.9575,1.2879,-27.5291
1.2879,-27.5291,1.4069,-27.5767
1.4069,-27.5767,1.0022,-28.7194
17.5721,-1.2458,17.4531,4.8251
17.3102,4.8251,17.3102,4.9679
16.4055,4.8012,16.4055,4.9441
19.8576,-4.6503,19.7386,-4.6026
19.7386,-4.6026,18.3101,-8.2690
15.4056,-8.7689,15.2866,-7.6976
15.2866,-7.6976,12.2631,-8.0785
12.2631,-8.0785,12.4059,-9.1498
12.4059,-9.1498,12.2869,-9.1736
12.2869,-9.1736,12.1440,-8.1023
12.1440,-8.1023,11.6917,-8.1499
11.6917,-8.1499,11.8345,-9.2213
13.5248,-3.2932,11.8583,-3.5075
13.4772,-3.2456,11.8345,-3.4599
10.1918,-3.6742,10.1680,-3.5313
10.1680,-3.7218,10.1442,-3.5551
13.4772,-2.9361,10.1204,-3.3647
13.4296,-2.9837,10.1680,-3.4123
10.1680,-3.4361,13.4534,-3.0075
10.1680,-3.4123,10.1680,-3.5313
10.1204,-3.3885,10.1442,-3.5551
11.8583,-3.5075,10.1680,-3.7218
11.8345,-3.4599,10.2156,-3.6742
11.8107,-3.4361,13.4772,-3.2218
13.4772,-2.9361,13.5010,-3.1028
13.5010,-3.1028,13.5248,-3.2694
13.4772,-3.2456,13.4772,-3.1028
13.4772,-3.1028,13.4534,-2.9837
9.8823,-6.8167,10.1680,-9.0546
7.8825,-7.0310,7.5730,-9.3403
11.6441,-8.8641,11.3346,-6.6263
9.7157,-6.7929,10.0252,-9.1022
11.1441,-4.7931,11.1679,-5.0074
11.1679,-5.0074,11.2870,-5.0074
11.2870,-5.0074,11.2632,-4.7693
11.4060,-5.9120,11.2870,-5.9358
18.0482,-2.6504,18.4768,-1.2458
9.3348,-2.1743,9.2157,-1.3172
9.2157,-1.3172,11.7155,-1.0077
11.7155,-1.0077,11.8345,-1.8648
11.8107,-0.8887,11.9298,-1.8410
8.9300,0.9207,9.6443,1.0159
8.8586,1.0635,9.6205,1.1587
9.1205,-1.2458,11.8107,-0.8887
11.6917,-8.0309,11.4060,-5.9120
11.2870,-5.9358,11.3584,-6.4596
14.8104,-4.1503,8.4301,-4.9836
18.4053,-8.3642,15.4056,-8.7689
18.3101,-8.2690,17.4292,-8.3880
7.5730,-9.3403,7.8825,-9.2927
11.9298,-1.8410,14.4533,-1.5077
14.4533,-1.5077,14.0486,1.5873
9.3348,-2.1743,11.8345,-1.8648
15.4770,-8.6737,14.5248,-1.3887
8.1920,-4.9597,8.2396,-4.6264
8.2396,-4.6264,8.0968,-4.6026
8.5015,-5.1264,11.1441,-4.7931
7.9301,-5.8406,8.0968,-4.6026
8.6682,-6.8167,7.7873,-6.9358
7.7873,-6.9358,7.3826,-9.8164
7.3826,-9.8164,11.8345,-9.2213
8.4301,-2.1029,8.2158,-3.6742
8.2158,-3.6742,8.3587,-3.6980
8.3587,-3.6980,8.5253,-2.6266
8.8348,-2.5076,14.5009,-1.7696
13.1439,1.4682,14.0486,1.5873
13.1201,1.6111,13.7391,1.6825
14.5248,-1.3172,14.1676,1.4682
10.6918,1.1349,11.8107,1.2778
10.6680,1.3016,11.7869,1.4444
18.3577,-1.4125,17.0483,-5.4835
11.2632,-4.7693,13.3820,-4.4836
13.7629,-4.4360,14.5486,-4.3408
14.8581,-4.4836,15.2628,-7.5785
15.2628,-7.5785,11.6917,-8.0309
8.8110,-1.6981,8.4777,-1.6505
8.9062,-1.6267,8.5967,-1.5791
8.4777,-1.6505,8.8586,1.0635
-2.2832,6.5630,-2.3546,10.8959
13.8343,1.8729,14.4295,1.9444
6.1208,-29.8622,4.4543,-30.0764
6.0732,-29.8384,4.4305,-30.0526
2.9306,-31.3144,2.7640,-30.1241
2.8830,-31.3144,2.7401,-30.1241
6.0732,-29.5289,2.7163,-29.9574
6.0256,-29.5527,2.7640,-29.9812
2.7640,-30.0050,2.7640,-30.1241
2.7163,-29.9574,2.7401,-30.1241
4.4543,-30.0764,2.7878,-30.2907
4.4305,-30.0526,2.8116,-30.2669
6.0732,-29.5289,6.0970,-29.6955
6.0970,-29.6955,6.1208,-29.8622
6.0732,-29.8146,6.0494,-29.6955
6.0494,-29.6955,6.0494,-29.5765
0.9784,-29.1480,1.2879,-31.5287
1.1689,-31.8620,0.7879,-28.9575
7.2635,-28.3385,0.9784,-29.1480
2.5735,-28.5052,1.0022,-28.7194
1.3831,-31.5049,1.4307,-31.8382
2.3116,-31.3858,2.3354,-31.7191
5.2875,-28.2433,7.0731,-28.0052
23.2620,4.4679,23.4287,4.4679
0.9070,-10.6497,5.1209,-10.1021
-1.4737,-2.1029,-1.1404,-2.0553
-1.1404,-2.0553,-1.0928,-2.3886
-4.6401,-38.1233,-4.7830,-38.0519
-1.0928,-39.6708,-1.1404,-39.7898
-2.1642,-39.1470,-2.2118,-39.2661
-4.7353,-37.9328,-4.7830,-38.0519
-5.8067,-37.4329,-5.8781,-37.5281
-8.3779,-36.2187,-8.4255,-36.3140
-9.4492,-35.6950,-9.4968,-35.8140
-11.9966,-34.4808,-12.0680,-34.5998
-13.0917,-33.9570,-13.1393,-34.0523
-15.5677,-32.9095,-17.5675,-31.9572
-11.9251,-34.6474,-12.0680,-34.5998
-8.2826,-36.3854,-8.4255,-36.3140
19.8576,-8.7451,19.9766,-8.7927
20.3099,-7.6262,20.4052,-7.6738
20.8575,-6.1977,20.9765,-6.2453
21.2860,-5.1026,21.4051,-5.1264
22.0002,-3.2694,22.1193,-3.3170
22.4288,-2.1743,22.5478,-2.1981
23.6668,0.9445,23.7620,0.8968
24.0953,2.0634,24.2143,2.0158
24.8095,3.8728,24.9047,3.8251
25.2380,4.9917,25.3571,4.9441
25.9523,6.8011,26.0713,6.7772
26.3808,7.9200,26.4998,7.8724
1.9783,6.5154,1.9783,6.6344
6.5255,6.5868,6.5255,6.7058
17.2626,6.7772,17.2626,6.8963
20.3813,6.8249,20.3813,6.9439
24.1191,6.8725,24.0953,7.0153
25.9999,6.6344,26.0713,6.7772
24.8571,3.7061,24.9047,3.8251
23.7144,0.7778,23.7620,0.8968
22.0717,-3.4599,22.1193,-3.3170
20.9051,-6.3882,20.9765,-6.2453
19.8338,-9.1736,19.8814,-9.0308
19.9290,-8.9356,19.9766,-8.7927
19.8576,-8.7451,19.7147,-9.1260
7.3350,-25.2674,8.0730,-23.1485
10.3109,-43.0276,9.2872,-48.0033
10.4299,-43.0752,9.4062,-48.0271
18.7863,-39.1232,18.3339,-41.3373
6.8112,-41.8372,5.6922,-47.2653
18.3339,-41.3373,17.8340,-41.1706
14.2867,-42.3848,14.3343,-42.2658
2.7878,-41.0040,2.7878,-41.1230
5.8113,-47.2891,6.9302,-41.8849
14.1915,-44.3846,13.2868,-48.8366
13.4058,-48.8604,14.3105,-44.4084
17.3578,-45.4560,16.5246,-49.5032
2.4783,-41.0754,2.7878,-41.1230
22.6668,-47.5748,22.7383,-47.2415
22.7383,-47.2415,22.5002,-47.1701
21.5003,-50.1936,21.7384,-49.2889
20.8337,-50.8364,21.7384,-51.0269
21.7384,-51.0269,22.1669,-49.3842
-5.4258,-25.2674,-5.4496,-25.1483
-5.4496,-25.1483,-5.5448,-25.0769
-5.6400,-25.0531,-5.7591,-25.0769
-5.7591,-25.0769,-5.8305,-25.1721
-5.8305,-25.3626,-5.7353,-25.4578
-5.6400,-25.4816,-5.5210,-25.4578
-5.5210,-25.4578,-5.4496,-25.3626
3.0496,3.3014,3.0734,2.8490
3.0734,2.8490,3.3591,2.8729
3.3591,2.8729,3.3115,3.3252
3.3115,3.3252,3.0496,3.3014
5.4066,-14.4827,5.2637,-14.8874
7.3111,-24.0294,6.8350,-23.8627
7.5254,-31.1002,7.8349,-31.0763
2.3354,-31.7191,3.2877,-31.6001
3.5734,-31.5525,7.5016,-31.0525
7.8349,-31.0049,9.1443,-30.8383
7.3826,-30.7430,2.3592,-31.3858
10.3823,-48.2414,10.4537,-47.8843
10.4537,-47.8843,10.1680,-47.8367
10.1680,-47.8367,10.0966,-48.1700
10.0966,-48.1700,9.1919,-47.9795
14.0010,-48.9794,14.0486,-48.6461
14.0486,-48.6461,14.3343,-48.6937
14.3343,-48.6937,14.2629,-49.0270
18.3815,-46.1702,18.4530,-45.8369
18.4530,-45.8369,18.8101,-45.9083
18.8101,-45.9083,18.7386,-46.2654
18.7386,-46.2654,18.3815,-46.1702
18.0244,-49.8127,18.0720,-49.5270
18.0720,-49.5270,17.6911,-49.4318
17.6911,-49.4318,17.6435,-49.7413
14.4295,1.9444,14.4771,1.4920
14.4771,1.4920,14.1676,1.4682
21.2146,-0.7459,18.5244,-1.1030
21.1670,-0.9125,18.4768,-1.2458
19.5243,4.8489,19.5243,4.3489
20.5718,5.0155,20.5718,4.8727
19.5243,4.3489,19.1434,4.3489
19.1434,4.3489,19.1434,4.8489
21.8336,-13.5542,21.7860,-13.1971
21.7860,-13.1971,21.5241,-13.2447
21.5241,-13.2447,21.5479,-13.5780
21.7384,11.3244,21.7622,10.9673
21.7622,10.9673,21.4765,10.9673
21.4765,10.9673,21.4765,11.3244
29.8090,11.4673,29.8090,11.1102
29.8090,11.1102,29.4281,11.1102
29.4281,11.1102,29.4281,11.4673
8.5253,-2.6266,8.8586,-2.5790
8.1920,-4.9597,8.4301,-4.9359
9.9299,10.7769,9.6443,10.7531
9.6443,10.7531,9.6443,11.1102
2.3354,10.9911,2.3354,10.6340
2.3354,10.6340,2.0497,10.6340
-5.8067,10.8483,-5.7829,10.4912
-5.7829,10.4912,-6.0924,10.4912
-6.0924,10.4912,-6.0924,10.8483
-2.5451,6.4201,-2.5451,6.5392
-19.1626,1.0635,-19.1626,0.8730
-19.1626,0.8730,-18.7102,0.8968
-18.7102,0.8968,-18.7102,1.0873
17.3578,-38.9566,17.7149,-39.0756
17.7149,-39.0756,17.8102,-38.7899
8.1444,-35.4093,8.0254,-35.7426
24.0239,-40.9088,23.9286,-40.8373
23.8334,-40.8135,23.7382,-40.8611
23.7382,-40.8611,23.6668,-40.9564
23.6668,-41.0516,23.7382,-41.1468
23.7382,-41.1468,23.8334,-41.1944
23.9286,-41.1706,24.0239,-41.0992
2.0735,-41.3135,2.1688,-46.5511
2.5973,-46.6225,2.4783,-41.0754
-10.6396,-40.8135,-10.5205,-40.5755
-10.3301,-40.6469,-8.2826,-36.3854
-8.1636,-36.4330,-10.2110,-40.7183
-10.5205,-40.5755,-9.9729,-40.8373
-7.2827,-42.4086,-7.1637,-42.1467
-7.1637,-42.1467,-6.5685,-42.4324
-14.2583,-39.0994,-14.1392,-38.8375
-14.1392,-38.8375,-13.5917,-39.0994
-17.9246,-37.3615,-17.8055,-37.0996
-17.8055,-37.0996,-17.2580,-37.3615
-22.4956,5.8488,-22.5194,5.9678
-22.5194,5.9678,-22.6146,6.0630
-22.6146,6.0630,-22.7337,6.0868
-22.7337,6.0868,-22.8527,6.0630
-22.8527,6.0630,-22.9479,5.9678
-22.9479,5.9678,-22.9717,5.8488
-22.9717,5.8488,-22.9479,5.7297
-22.9479,5.7297,-22.8527,5.6345
-22.8527,5.6345,-22.7337,5.6107
-22.7337,5.6107,-22.6146,5.6345
-22.6146,5.6345,-22.5194,5.7297
-22.5194,5.7297,-22.4956,5.8488
-19.8292,-30.8859,-19.4721,-31.0525
-19.4721,-31.0525,-19.8054,-31.7191
-19.8054,-31.7191,-19.5197,-31.8620
-19.5197,-31.8620,-21.3528,-35.7188
-18.6626,-31.4335,-18.7816,-31.3858
-18.7816,-31.3858,-19.0435,-31.8858
-19.0435,-31.8858,-19.3292,-31.7430
-19.3292,-31.7430,-21.2576,-35.7664
22.6907,-47.1463,23.1668,-45.4083
22.5240,-47.0987,22.9763,-45.3607
23.3335,-44.7655,24.4286,-40.6945
23.1668,-44.7179,24.2143,-40.7897
22.6668,-47.1463,23.1430,-45.4083
23.3335,-44.7417,23.5239,-44.0037
23.5477,-43.9561,23.9524,-42.3848
23.9763,-42.3372,24.0715,-41.9563
24.0953,-41.8849,24.4048,-40.6945
22.6430,-47.1463,23.1192,-45.4083
23.3096,-44.7417,23.5001,-44.0037
23.5239,-43.9323,23.9286,-42.3848
23.9524,-42.3134,24.0477,-41.9563
24.0715,-41.8849,24.3810,-40.7183
10.6204,-15.5540,10.9775,-14.5065
10.6204,-15.6016,10.9775,-14.5303
10.4299,-15.5302,10.8584,-14.3398
10.5966,-15.5302,10.9537,-14.4827
-23.6145,-30.4574,-23.2336,-30.4812
-23.2336,-30.4812,-23.2574,-30.9097
-23.2574,-30.9097,-23.6383,-30.8859
-22.6622,-22.5295,-22.6860,-22.9581
-22.5432,-9.3641,-22.1385,-9.3403
-22.1385,-9.3403,-22.1385,-9.7688
-22.1385,-9.7688,-22.5432,-9.7926
-22.6622,-5.4597,-22.2575,-5.4359
-22.2575,-5.4359,-22.2337,-5.8644
-22.2337,-5.8644,-22.6384,-5.8644
-22.3527,-1.5315,-22.3527,-1.9600
-24.0431,-34.4808,-23.9002,-34.1951
-23.9002,-34.1951,-23.3526,-34.4570
-23.3526,-34.4570,-23.4955,-34.7427
5.2399,-27.6957,1.7879,-26.5053
1.7402,-26.6244,4.9542,-27.7433
2.6211,-28.1480,2.6687,-28.5528
5.1447,-27.8147,5.1923,-28.2195
5.2399,-27.6957,5.2875,-28.2433
5.1923,-28.2195,2.6687,-28.5528
5.1447,-27.8147,2.6211,-28.1480
4.9542,-27.7433,2.5259,-28.0528
2.5259,-28.0528,2.5735,-28.5052
-15.9486,1.3254,-14.4963,1.4682
-14.4963,1.4682,-13.9726,6.1106
-15.9486,1.3730,-14.5201,1.4920
-14.5201,1.4920,-13.9964,6.1106
-17.4008,1.3254,-16.9009,1.3730
-16.9009,1.3730,-16.9009,1.2540
-15.9962,1.3254,-16.0200,1.4444
-15.9486,1.3254,-15.9486,1.4682
30.4518,5.8488,31.1661,7.6343
30.8566,5.7059,31.5470,7.4915
31.1661,7.6343,31.4517,7.5153
30.8566,5.7059,30.7137,5.7773
30.6423,5.7773,30.4518,5.8488
28.1187,-0.1031,28.8091,1.6825
28.5234,-0.2459,29.2139,1.5158
28.8091,1.6825,29.1186,1.5635
28.5234,-0.2459,28.3568,-0.1745
28.2854,-0.1745,28.1187,-0.1031
24.1429,-10.2450,24.8571,-8.4356
24.5714,-10.3640,25.2618,-8.6023
24.8571,-8.4356,25.1428,-8.5546
24.5714,-10.3640,24.4048,-10.2926
24.3334,-10.3164,24.1429,-10.2450
22.9763,-13.2209,23.6906,-11.4115
23.4049,-13.3637,24.0953,-11.5782
23.6906,-11.4115,24.0001,-11.5306
23.4049,-13.3637,23.2382,-13.2923
23.1668,-13.2923,22.9763,-13.2209
19.4291,-13.6970,21.3574,-13.5780
19.4767,-14.1256,21.3813,-14.0065
21.3574,-13.5780,21.3574,-13.9113
19.4767,-14.1256,19.4767,-13.9589
19.4291,-13.8875,19.4291,-13.6970
12.9773,-37.1234,14.7866,-37.7424
13.1439,-36.7187,14.9295,-37.3377
14.7866,-37.7424,14.9057,-37.4567
13.1439,-36.7187,13.0725,-36.8853
13.0249,-36.9329,12.9773,-37.1234
21.8574,-40.1707,20.0242,-39.5517
21.9526,-39.7660,20.1671,-39.1470
20.0242,-39.5517,20.1433,-39.2422
21.9526,-39.7660,21.9050,-39.9089
21.9050,-39.9803,21.8574,-40.1707
14.6438,-49.1223,16.5246,-49.5032
14.5724,-49.5508,16.4293,-49.9317
16.5246,-49.5032,16.4531,-49.8127
14.5724,-49.5508,14.6200,-49.3603
14.5962,-49.3127,14.6438,-49.1223
8.7396,11.1102,6.7874,11.0626
8.6920,11.5387,6.7874,11.5149
6.7874,11.0626,6.7874,11.3959
8.6920,11.5387,8.6920,11.3721
8.7396,11.3006,8.7396,11.1102
32.0231,11.4911,30.0709,11.4673
31.9755,11.9434,30.0709,11.8958
30.0709,11.4673,30.0709,11.8006
31.9755,11.9434,31.9755,11.7530
32.0231,11.7054,32.0231,11.4911
-5.8067,10.8483,-3.5926,10.8959
-6.6161,11.2768,-3.6164,11.3244
-3.5926,10.8959,-3.6164,11.2292
-6.6161,11.2768,-5.7829,11.1340
-5.8067,11.0388,-5.8067,10.8483
-6.0924,10.8483,-6.9494,10.8245
9.9299,10.7769,9.9061,11.1340
14.4533,11.2054,14.4533,10.8483
14.4533,10.8483,14.7390,10.8483
14.7390,10.8483,14.7390,11.2054
18.5244,11.2768,20.4528,11.3006
18.5482,11.7054,20.4528,11.7292
20.4528,11.3006,20.4528,11.6339
18.5482,11.7054,18.5482,11.5387
18.5244,11.4673,18.5244,11.2768
18.5482,11.7054,17.2388,11.6816
18.5244,11.2768,17.2626,11.2530
21.1194,-50.4555,21.2146,-50.0984
21.2146,-50.0984,21.5003,-50.1936
10.3823,-48.2414,10.6680,-48.2890
-6.5685,-42.4324,-6.6875,-42.6943
-6.6875,-42.6943,-5.7591,-43.1466
-9.4016,-41.4087,-10.0920,-41.0754
-10.0920,-41.0754,-9.9729,-40.8373
-13.0441,-39.6708,-13.7107,-39.3613
-13.7107,-39.3613,-13.5917,-39.0994
-16.6866,-37.9567,-17.3770,-37.6234
-17.3770,-37.6234,-17.2580,-37.3615
-22.4242,-35.6950,-23.0908,-35.1950
-24.0431,-34.4808,-23.4955,-34.7427
-24.3526,-34.7665,-24.2335,-33.1476
-24.1383,-34.6474,-24.0669,-33.6475
-24.1621,-34.6712,-24.0907,-33.6475
-23.8050,-33.1952,-24.1383,-33.1714
-24.1859,-33.1952,-24.2097,-33.5761
-24.1621,-33.1952,-24.1859,-33.5761
-22.6622,-22.5295,-23.0670,-22.5057
-23.0670,-22.5057,-22.9717,-21.2915
-22.6860,-22.9581,-23.0908,-22.9343
-23.0908,-22.9343,-23.1146,-23.1485
-22.8289,-19.1013,-22.8051,-18.9584
-22.8051,-18.9584,-22.4242,-18.9822
-22.4242,-18.9822,-22.3765,-18.4823
-22.3765,-18.4823,-22.7813,-18.4585
-22.7813,-18.4585,-22.6860,-17.2443
-22.4956,-10.9116,-22.4480,-13.1256
-22.9479,-10.1259,-22.8765,-13.1495
-22.4480,-13.1256,-22.7575,-13.1495
-22.9479,-10.1259,-22.7813,-10.9592
-22.6860,-10.9354,-22.4956,-10.9116
-22.7575,-1.5315,-22.3527,-1.5315
15.6437,-38.0281,17.4531,-38.6709
15.8103,-37.6472,17.5959,-38.2661
17.4531,-38.6709,17.5483,-38.3614
15.8103,-37.6472,15.7389,-37.8138
15.6913,-37.8614,15.6437,-38.0281
2.0497,10.9911,2.0497,10.6340
11.1679,11.3244,11.1679,11.1578
11.1679,11.1578,9.9061,11.1340
20.9289,-50.4079,21.1194,-50.4555
18.6672,-49.9317,20.9289,-50.4079
18.5958,-50.3603,20.8337,-50.8364
18.6434,-50.1698,20.4052,-50.5269
18.6434,-50.1936,20.4052,-50.5507
20.9289,-50.4079,20.8575,-50.7174
20.8099,-50.7650,20.4528,-50.6936
20.8337,-50.7412,20.4528,-50.6697
18.5958,-50.3603,18.6434,-50.1936
18.6196,-50.1222,18.6672,-49.9317
10.6680,-48.2890,13.1915,-48.8128
10.6204,-48.7176,13.0963,-49.2413
10.6442,-48.5271,12.6678,-48.9318
10.6442,-48.5509,12.6440,-48.9556
13.1915,-48.8128,13.1201,-49.1223
13.0963,-49.1699,12.7154,-49.0985
13.0963,-49.1461,12.7154,-49.0747
10.6204,-48.7176,10.6442,-48.5509
10.6204,-48.4795,10.6680,-48.2890
-22.9241,-14.2208,-22.8527,-13.5304
18.4530,-1.1268,18.4053,-0.9125
18.5244,-1.1030,18.4768,-0.8173
18.4053,-0.9125,18.0482,-0.9601
18.4768,-0.8173,17.7625,-0.9125
18.0482,-0.9601,18.0958,-1.2696
-0.4976,-10.3878,-3.0688,-10.7211
-1.8070,0.3017,-1.4737,-2.1029
9.2395,-2.1981,9.1205,-1.2458
8.9300,0.9207,8.5967,-1.5791
14.9057,-1.3410,14.5248,-1.3887
14.9771,-1.2458,14.5248,-1.3172
14.9057,-1.3410,14.9533,-1.6743
14.9533,-1.6743,18.0958,-1.2696
14.9771,-1.2458,15.0009,-1.5791
15.0009,-1.5791,17.5721,-1.2458
9.2395,-2.1981,8.8348,-2.2457
8.8348,-2.2457,8.9062,-1.6267
8.5491,-35.4331,9.7157,-35.8378
8.6920,-35.2902,9.7157,-35.6473
8.6920,-35.2902,9.7157,-35.6473
8.6682,-35.3140,9.7157,-35.6712
1.4307,-31.8382,1.1689,-31.8620
13.1201,1.6111,13.1439,1.4682
9.6443,1.0159,9.6205,1.1587
10.6918,1.1349,10.6680,1.3016
11.7869,1.4444,11.8107,1.2778
-7.2827,-34.3379,-3.7116,-36.0283
-3.7831,-35.9330,-6.3542,-34.6951
-5.7591,-29.2194,-5.7829,-29.5289
-6.3542,-34.6951,-5.8781,-30.0050
-6.4257,-34.5760,-5.9495,-30.1002
-5.8781,-30.0050,-6.4733,-30.1002
-6.4733,-30.1002,-6.4257,-29.6955
-6.4257,-29.6955,-5.7591,-29.6003
-7.2351,-34.1951,-6.4257,-34.5760
-5.9495,-30.1002,-6.5447,-30.1717
-6.5447,-30.1717,-6.4971,-29.6241
-6.4971,-29.6241,-5.7829,-29.5289
-5.6638,-29.6955,-2.3546,-29.2670
-1.7356,-29.1718,-1.4261,-29.1480
22.2621,-40.1231,22.3574,-39.8850
22.3574,-39.8850,21.9764,-39.7660
-22.4956,-10.9116,-22.5432,-9.7926
-22.5432,-9.3641,-22.5432,-9.1736
-22.6146,-6.9596,-22.6384,-5.8644
-22.6622,-5.4597,-22.6622,-5.1978
-22.7099,-3.0075,-22.7575,-1.9600
-22.8527,-13.5304,-22.8765,-13.1495
-22.9479,-10.1259,-22.9717,-9.1736
-23.0670,-6.1739,-23.0908,-5.1978
-13.9488,6.2773,-13.9488,6.1106
5.2875,-10.0783,5.7399,-6.8643
5.8589,-5.9597,5.8827,-5.6502
6.0017,-4.7455,6.1208,-3.8646
6.2398,-2.9837,6.5969,-0.3649
6.6445,-0.0793,7.2873,4.8012
6.3589,-1.5553,6.5017,-0.4364
6.5731,-0.0078,6.7160,1.0873
6.0017,-3.9360,4.8114,-4.1027
4.6923,-4.1265,2.4545,-4.4122
5.9779,-4.0789,2.5973,-4.5312
2.6449,-5.9120,2.4545,-4.4122
5.2399,-9.6022,5.5970,-6.8405
5.7161,-5.9597,5.7399,-5.8406
5.8827,-4.7455,5.9779,-4.0789
6.1208,-2.9599,6.3112,-1.6267
2.8354,-1.9600,2.9544,-2.8885
2.9544,-9.4117,3.0734,-9.3879
3.0734,-9.3879,3.1449,-9.9831
3.1449,-9.9831,3.5972,-9.9355
3.5972,-9.9355,3.5258,-9.3403
3.5258,-9.3403,3.6448,-9.3165
3.6448,-9.3165,3.6924,-9.7926
3.6924,-9.7926,5.2399,-9.6022
2.1450,-2.0553,2.2164,-2.6504
2.2164,-2.6504,2.3354,-2.6266
2.3354,-2.6266,2.2640,-2.0314
2.7878,-2.5790,2.8354,-2.9123
2.8354,-2.9123,2.9544,-2.8885
2.9544,-9.4117,3.0258,-10.0069
3.0258,-10.0069,0.6451,-10.3164
-0.1167,-9.8164,-0.5215,-6.8405
3.9543,-5.8168,4.7638,-5.7216
4.7638,-5.7216,5.7399,-5.8406
2.5973,-4.5312,2.7640,-5.8644
2.7640,-5.8644,4.7638,-5.6025
4.7638,-5.6025,5.7637,-5.7216
-0.9976,-3.0790,-0.5691,-6.3406
-0.5691,-6.3406,2.6449,-5.9120
-0.2358,-2.3648,-0.1643,-2.9599
0.5737,-9.7212,0.6451,-10.3164
-0.5691,-6.4120,-0.5215,-6.7691
-1.0928,-2.3886,5.8351,-1.4839
-0.2358,-2.3648,2.1450,-2.0553
2.2640,-2.0314,2.7163,-1.9838
2.8354,-1.9600,5.8351,-1.5791
4.5257,-2.9599,4.6447,-2.9361
5.8351,-1.4839,6.3589,-1.5553
5.8351,-1.5791,6.3112,-1.6267
-0.5215,-6.7691,3.5734,-6.2215
3.5734,-6.2215,3.5258,-5.8882
3.5258,-5.8882,-0.5691,-6.4120
5.7161,-5.9597,5.8589,-5.9597
5.5970,-6.8405,5.7399,-6.8643
3.5734,-6.2930,-0.5215,-6.8405
3.9543,-6.8643,4.1210,-8.0547
4.1210,-8.0547,4.2400,-8.0309
4.2400,-8.0309,3.9543,-5.8168
6.0017,-3.8408,6.1208,-3.8646
6.1208,-2.9599,6.2398,-2.9837
4.8114,-4.1027,4.6447,-2.9361
4.6923,-4.1265,4.5257,-2.9599
5.7637,-5.6264,5.8827,-5.6502
5.8827,-4.7455,6.0017,-4.7455
3.5734,-6.2930,3.6448,-6.8881
3.6448,-6.8881,3.9543,-6.8643
16.9293,-45.1941,17.0959,-44.6941
17.4292,-43.7418,17.5245,-43.4799
16.9531,-45.1941,17.1197,-44.6941
17.4292,-43.7418,17.5245,-43.4799
17.5245,-43.8371,17.4054,-43.7894
17.4292,-43.7418,17.5483,-43.7656
17.2388,-44.6703,17.1197,-44.6465
17.0959,-44.6941,17.2150,-44.7417
-2.3784,-15.9349,-1.0452,-16.0778
-0.1405,-16.0301,-0.1643,-16.1730
1.5022,-16.3396,3.0734,-16.5063
1.6688,-16.1968,2.9782,-16.3396
-2.3784,-15.8159,-1.0452,-15.9587
-0.1405,-16.0301,0.1690,-16.0778
-10.0920,-15.1255,-9.9015,-13.3875
-9.9015,-13.3875,-9.7825,-13.4113
-9.7825,-13.4113,-9.9491,-15.0302
-8.3302,0.6112,-8.4969,-1.0077
-8.6159,-0.9839,-8.4255,0.7540
-1.8070,0.3017,6.7160,1.0873
-4.1878,-3.1504,-4.1402,-2.7219
-3.9735,0.1588,-4.1164,-1.1744
-3.9735,-1.1744,-3.8307,0.2779
-5.5924,-15.4826,-5.4258,-13.7923
-5.4258,-13.7923,-5.2829,-13.7923
-5.2829,-13.7923,-5.4734,-15.6016
-5.2829,-12.6019,-5.2829,-12.4590
-5.2591,-12.3400,-5.1639,-11.4591
-5.1163,-10.9592,-5.0925,-10.6259
-5.0925,-10.6259,-4.9734,-10.6259
-4.9734,-10.6259,-4.9972,-10.9592
-5.0448,-11.4829,-5.1639,-12.6019
-4.9734,-9.4355,-4.9496,-9.2927
-4.9258,-9.1736,-4.8068,-7.8166
-4.6877,-7.8404,-4.8544,-9.4355
-4.6401,-6.2691,-4.6163,-6.1263
-4.6163,-6.0073,-4.4735,-4.6741
-4.3544,-4.6979,-4.5211,-6.2930
-4.3068,-3.1266,-4.2830,-2.9837
-4.2830,-2.8647,-4.2592,-2.7219
-10.0920,-15.1255,-5.4734,-15.6016
-9.9491,-15.0302,-5.5924,-15.4826
-8.9969,-11.9353,-5.2591,-12.3400
-9.3063,-8.8403,-4.9496,-9.2927
-4.9734,-9.4355,-4.8544,-9.4355
-9.2825,-8.6975,-4.9258,-9.1736
-8.9730,-5.6740,-4.6163,-6.1263
-8.9730,-5.5549,-4.6163,-6.0073
-8.6635,-2.5314,-4.2830,-2.9837
-8.6397,-2.4124,-4.2830,-2.8647
-8.3302,0.6112,-3.9735,0.1588
-8.4255,0.7540,-3.8307,0.2779
-15.4962,-0.7220,-15.6391,-0.7459
-15.6391,-0.7459,-15.3296,-12.3162
-13.4250,-14.7922,-10.0920,-15.1255
-4.8068,-11.5068,-4.7592,-10.9830
-4.7592,-10.9830,-4.9972,-10.9592
-5.1163,-10.9592,-5.4734,-10.9116
-5.4734,-10.9116,-5.5210,-11.4353
-5.5210,-11.4353,-5.1639,-11.4591
-5.0448,-11.4829,-4.8068,-11.5068
-8.9969,-11.9353,-8.9492,-11.5306
-8.9492,-11.5306,-9.5920,-11.4829
-5.1639,-12.6019,-5.2829,-12.6019
-3.6878,-15.7921,-3.5688,-15.8159
-3.5688,-15.8159,-3.0926,-11.1734
-3.0926,-11.1734,0.7403,-10.6735
-2.3784,-15.9349,-2.3784,-15.8159
-22.6860,-22.7676,-17.7817,-23.1247
-17.7817,-23.1247,-17.9484,-25.4578
-17.9008,-26.6482,-17.9246,-26.9339
-18.0436,-26.7910,-23.3288,-26.4339
-17.7817,-23.0057,-22.6860,-22.6486
-17.4961,-19.1965,-22.4004,-18.8632
-17.3294,-14.7922,-22.1623,-14.9350
-18.0198,-26.6482,-18.0436,-26.7910
-17.6389,-22.8628,-17.7579,-22.8628
-17.5437,-21.6725,-17.6627,-21.6487
-17.6389,-22.8628,-17.8294,-25.4578
-17.8294,-25.4578,-17.9484,-25.4578
-17.7579,-22.8628,-17.7579,-23.0057
-17.9008,-26.6482,-18.0198,-26.6482
2.9782,-16.3396,4.5733,-11.6972
4.5733,-11.6972,4.7400,-11.7448
4.7400,-11.7448,3.0734,-16.5063
5.1209,-10.1021,4.8828,-10.8401
4.8828,-10.8401,5.0256,-10.8878
5.0256,-10.8878,5.2875,-10.0783
23.0002,-45.2893,23.2620,-45.3369
23.2620,-45.3369,23.3811,-44.8370
23.3811,-44.8370,23.1430,-44.7655
17.4531,-38.6709,17.3578,-38.9566
11.1203,-41.1706,12.5487,-36.9806
12.6678,-37.0282,11.2393,-41.1944
14.1915,-42.2182,15.6199,-38.0281
17.0245,-43.1943,18.4530,-39.0042
17.1436,-43.2181,17.8340,-41.1706
14.0724,-42.1705,15.5009,-38.0043
8.1682,-40.1469,9.6681,-35.7902
9.0015,-40.4326,9.1205,-40.0993
9.1205,-40.0993,8.7396,-39.9803
22.3812,-39.9803,24.4286,-40.6945
22.3335,-40.1469,24.2143,-40.7897
24.4048,-40.6945,24.2619,-40.6469
24.1905,-40.6231,23.5001,-40.3850
23.4287,-40.3612,22.4050,-40.0041
24.3810,-40.7183,24.2381,-40.6707
24.1905,-40.6469,23.5001,-40.4088
23.4287,-40.3850,22.3812,-40.0279
7.2635,-41.8611,7.2159,-41.9801
5.4542,-39.3613,5.5018,-39.2422
11.3346,-41.3611,11.3822,-41.2421
10.7394,-43.0514,10.7156,-43.1705
8.1682,-40.1469,6.6445,-39.6232
6.6445,-39.6232,6.5969,-39.7422
6.5969,-39.7422,8.2872,-40.3136
8.5491,-40.4088,9.8109,-40.8373
9.8109,-40.8373,9.8585,-40.7183
9.8585,-40.7183,9.0015,-40.4326
9.7157,-36.0045,8.3111,-40.1707
8.6444,-40.2898,8.7396,-39.9803
14.0724,-42.1705,12.5249,-41.6468
12.5249,-41.6468,12.4773,-41.7658
12.4773,-41.7658,14.2867,-42.3848
17.0245,-43.1943,15.4532,-42.6467
15.4532,-42.6467,15.4294,-42.7657
15.4294,-42.7657,17.8578,-43.5990
14.1915,-42.2182,14.3343,-42.2658
17.1436,-43.2181,17.8816,-43.4799
10.7394,-43.0514,8.4063,-42.2658
8.4063,-42.2658,8.3587,-42.3848
8.3587,-42.3848,10.3109,-43.0276
10.4299,-43.0752,10.7156,-43.1705
14.6438,-44.4084,11.8821,-43.4561
11.8821,-43.4561,11.8345,-43.5752
11.8345,-43.5752,14.1915,-44.3846
14.3105,-44.4084,14.5962,-44.5037
16.6436,-49.5270,17.5007,-45.3845
17.5007,-45.3845,15.7627,-44.7893
15.7627,-44.7893,15.7389,-44.9084
15.7389,-44.9084,17.3578,-45.4560
10.9537,-41.2183,11.3346,-41.3611
11.3822,-41.2421,11.2393,-41.1944
10.9775,-41.1230,11.1203,-41.1706
5.4542,-39.3613,5.2161,-39.2661
5.5018,-39.2422,5.3589,-39.1946
14.6438,-44.4084,14.5962,-44.5037
7.2159,-41.9801,6.9302,-41.8849
6.8112,-41.8372,3.9543,-41.3373
3.9543,-41.3373,3.9781,-41.2183
3.9781,-41.2183,6.8588,-41.7182
6.8588,-41.7182,7.2635,-41.8611
17.8816,-43.4799,17.8578,-43.5990
-2.3784,-29.1956,-1.7356,-29.1003
2.7878,-2.5790,2.7163,-1.9838
-13.9488,6.4678,-7.9017,6.5630
-13.9488,6.2773,-7.9017,6.3963
-13.9250,6.4439,-13.2584,6.4678
-13.1869,6.4678,-11.0919,6.4916
-11.0443,6.4916,-10.5443,6.5154
-10.4967,6.5154,-8.4017,6.5392
-8.3302,6.5392,-7.9017,6.5630
-13.9250,6.4201,-13.2584,6.4439
-13.1869,6.4439,-11.0919,6.4678
-11.0443,6.4678,-10.5443,6.4916
-10.4967,6.4916,-8.4017,6.5154
-8.3302,6.5154,-7.9017,6.5392
-16.0438,6.2535,-16.0438,6.0868
-16.0438,6.0868,-13.9488,6.1106
11.1679,-6.4834,11.3584,-6.4596
8.6920,-6.9358,7.8825,-7.0310
11.3346,-6.6263,11.1917,-6.6263
9.8823,-6.8167,10.3109,-6.7453
11.1917,-6.6263,11.1679,-6.4834
10.3109,-6.7453,10.2871,-6.6024
10.2871,-6.6024,9.5490,-6.6977
9.5490,-6.6977,9.5728,-6.8167
8.6682,-6.8167,8.6920,-6.9358
9.5728,-6.8167,9.7157,-6.7929
-23.0432,-35.1474,-22.9479,-34.9569
-22.9479,-34.9569,-20.9481,-35.9092
-20.9481,-35.9092,-20.8291,-35.6712
-20.8291,-35.6712,-20.2815,-35.9330
-20.2815,-35.9330,-20.4005,-36.1711
-20.4005,-36.1711,-20.3053,-36.2187
8.5015,-5.1264,8.5729,-5.7692
8.5729,-5.7692,7.9301,-5.8406
10.1680,-9.0546,11.6441,-8.8641
7.9063,-9.3641,10.0252,-9.1022
26.1903,11.5625,27.8092,11.6101
26.1903,11.7530,27.8806,11.7768
26.1903,11.7292,27.8092,11.7768
26.1903,11.7054,27.8092,11.7530
24.6429,11.8006,26.1189,11.8244
26.1189,11.8244,26.1189,11.5625
30.0709,11.8958,27.9045,11.8720
27.9045,11.8720,27.9045,11.6101
18.8339,-13.7208,18.7386,-11.9591
18.8101,-14.1494,18.8101,-13.9113
5.2161,-39.2661,6.7398,-34.8141
5.3589,-39.1946,6.8112,-34.9569
8.5491,-35.4331,8.3825,-35.8616
8.3825,-35.8616,8.0254,-35.7426
22.3335,-40.1469,22.2859,-40.3136
22.2859,-40.3136,21.8574,-40.1707
22.9763,-45.3607,22.8097,-45.3131
22.8097,-45.3131,23.0002,-44.6465
23.0002,-44.6465,23.1906,-44.6941
22.5240,-47.0987,22.3574,-47.0510
22.3574,-47.0510,22.2383,-47.4320
-22.9717,-26.9815,-22.9479,-26.5768
-22.9479,-26.5768,-17.9246,-26.9339
2.0735,-25.2436,3.0734,-22.3867
3.0734,-22.3867,3.1925,-22.4343
3.4544,-21.2677,3.5734,-21.2915
5.0733,-17.0062,6.0732,-14.1017
3.5734,-21.2915,4.5733,-18.3871
3.4544,-21.2677,4.5495,-18.1014
4.5495,-18.1014,4.6685,-18.1490
4.9542,-16.9586,5.0733,-17.0062
10.4775,-15.5064,6.0017,-13.9589
10.2394,-15.5540,6.0732,-14.1017
7.2635,-24.1246,3.0973,-22.6962
8.7634,-19.8393,4.5733,-18.3871
8.8110,-19.7203,4.6209,-18.2918
3.0973,-22.6962,2.1926,-25.2912
6.4541,-23.7199,3.1449,-22.5771
3.1449,-22.5771,3.1925,-22.4343
6.0017,-13.9589,5.7637,-14.6017
5.6208,-15.0302,4.9542,-16.9586
6.8350,-23.8627,6.9540,-23.5056
6.9540,-23.5056,6.5731,-23.3866
6.5731,-23.3866,6.4541,-23.7199
5.7637,-14.6017,5.4066,-14.4827
5.4066,-14.4827,5.2637,-14.8874
5.2637,-14.8874,5.6208,-15.0064
9.8347,-35.5997,9.7395,-35.8378
5.2637,4.7536,5.6922,4.7774
6.5731,4.7774,7.2873,4.8012
-1.4737,4.5394,2.4068,4.5870
2.4068,4.5870,2.4068,4.4679
2.4068,4.4679,3.6210,4.4917
-1.5690,4.6584,2.4545,4.7060
3.5020,4.7298,4.3590,4.7536
5.2637,4.6346,5.4066,4.6346
5.4066,4.6346,5.4780,1.0397
5.4780,1.0397,-1.9023,0.3731
-1.9023,0.3731,-1.4737,4.5394
6.5731,4.7774,6.5969,4.6584
6.5969,4.6584,7.1445,4.6822
7.1445,4.6822,6.6683,1.1587
6.6683,1.1587,5.5970,1.0635
5.5970,1.0635,5.5494,4.6584
5.5494,4.6584,5.6922,4.6584
5.6922,4.6584,5.6922,4.7774
5.2637,4.7536,5.2637,4.6346
4.3590,4.7536,4.3590,4.6346
1.9783,6.5154,2.4068,6.5154
6.5255,6.5868,6.9540,6.5868
9.8585,6.7534,8.1682,6.7296
8.1682,6.7296,8.1682,6.6106
8.1682,6.6106,10.0014,6.6344
13.1201,6.7058,16.0722,6.7534
16.0722,6.7534,16.0722,6.8725
16.0722,6.8725,13.2154,6.8249
17.2626,6.7772,19.1910,6.8011
19.1910,6.8011,19.1910,6.9201
19.1910,6.9201,17.5483,6.8963
20.3813,6.8249,22.9049,6.8725
22.9049,6.8725,22.9049,6.9915
22.9049,6.9915,20.6670,6.9439
24.1191,6.8725,24.3810,6.8963
-7.4018,6.4678,-3.7592,6.5392
-3.7592,6.5392,-3.7592,6.4201
-3.7592,6.4201,-7.9017,6.3487
-2.5451,6.5392,-2.4022,6.5630
-2.2832,6.5630,0.7641,6.6106
0.7641,6.6106,0.7641,6.4916
0.7641,6.4916,-2.5451,6.4201
1.9783,6.6344,2.1212,6.6344
3.5972,6.8011,3.5972,6.6582
3.5972,6.6582,5.3351,6.6820
5.3351,6.6820,5.3351,6.5630
5.3351,6.5630,3.4782,6.5392
3.4782,6.5392,3.4782,6.6582
6.5255,6.7058,6.6922,6.7058
6.8112,6.7058,6.9540,6.7058
17.2626,6.8963,17.4292,6.8963
20.3813,6.9439,20.5242,6.9439
24.0953,7.0153,24.2619,7.0153
13.6915,4.8965,16.4055,4.9441
20.5718,5.0155,22.4526,5.0631
13.6915,4.7536,16.4055,4.8012
17.3102,4.8251,17.4531,4.8251
17.6673,4.8251,19.1434,4.8489
19.5243,4.8489,19.6671,4.8489
19.6671,4.8489,19.6671,5.0155
19.6671,5.0155,17.3102,4.9679
20.5718,4.8727,22.4526,4.8965
6.7398,-34.8141,8.5491,-35.4331
6.8112,-34.9569,8.1444,-35.4093
-15.2582,-16.3872,-15.3772,-16.3634
-16.0200,-27.5767,-15.5439,-20.7916
-15.5439,-20.7916,-4.9972,-21.8867
-11.9728,-20.9344,-8.5207,-21.2915
-8.4017,-21.3154,-4.9734,-21.6725
-11.9728,-20.9344,-11.5442,-16.7682
-11.6633,-16.8634,-12.0918,-20.9344
-7.9493,-17.1253,-8.2350,-17.1015
-8.0922,-17.2443,-8.5207,-21.2915
-7.9731,-17.2443,-8.4017,-21.3154
-4.9972,-21.8867,-4.9734,-21.6725
2.0735,-41.3135,0.3118,-40.4802
0.3118,-40.4802,0.3594,-40.3612
0.3594,-40.3612,1.0736,-40.6945
1.0736,-40.6945,2.7878,-41.0040
-0.7595,-39.9565,-0.9024,-39.8850
-0.9024,-39.8850,-3.0688,-44.4322
-1.0214,-39.8374,-3.1641,-44.3608
-1.0928,-39.6708,-0.7119,-39.8374
-1.0214,-39.8374,-1.1404,-39.7660
-0.7119,-39.8374,-0.7595,-39.9565
-14.0440,6.2773,-14.0440,6.5392
-14.0440,6.5392,-15.9724,6.5154
-23.1146,-1.1506,-23.3288,6.3011
-23.3288,6.3011,-17.4008,6.4201
-22.9479,-1.1506,-23.1384,6.1345
-23.1384,6.1345,-15.9962,6.2535
-17.3770,6.4201,-15.9962,6.4439
-23.3050,6.3011,-22.7813,6.3011
-22.7337,6.3011,-20.9005,6.3249
-20.8291,6.3249,-20.4482,6.3487
-20.4005,6.3487,-19.2340,6.3725
-19.1864,6.3725,-17.4484,6.3963
-17.3770,6.3963,-16.4961,6.4201
-16.4247,6.4201,-16.0676,6.4201
-23.2812,6.2773,-22.7813,6.2773
-22.7337,6.2773,-20.9005,6.3011
-20.8291,6.3011,-20.4482,6.3249
-20.4005,6.3249,-19.2340,6.3487
-19.1864,6.3487,-17.4484,6.3725
-17.3770,6.3725,-16.4961,6.3963
-16.4247,6.3963,-16.0676,6.3963
-15.9724,6.2535,-15.9724,6.5154
-23.1146,-1.0792,-23.1146,-0.7220
-23.1146,-0.6506,-23.1384,0.4921
-23.1622,0.5635,-23.2098,3.1109
-23.2336,3.1823,-23.2336,3.5633
-23.2336,3.6109,-23.3050,5.8012
-23.3050,5.8488,-23.3050,6.3011
-23.0908,-1.0792,-23.0908,-0.7220
-23.0908,-0.6506,-23.1146,0.4921
-23.1384,0.5635,-23.1860,3.1109
-23.2098,3.1823,-23.2098,3.5633
-23.2098,3.6109,-23.2574,5.8012
-23.2812,5.8488,-23.2812,6.2773
6.8826,-25.2198,6.9540,-25.6245
7.3826,-25.5769,7.3350,-25.2674
7.7635,-29.1241,7.9539,-30.4812
7.5730,-29.1480,7.7635,-30.4335
7.7635,-29.1718,7.9301,-30.4574
7.7397,-29.1718,7.9063,-30.4335
7.7635,-30.4335,7.7873,-30.6954
7.5730,-29.1003,7.8349,-29.0765
7.8349,-29.0765,7.7635,-28.5528
7.2397,-27.8147,6.9540,-25.6245
7.7635,-28.5528,7.3826,-25.5769
7.4540,-27.7671,7.2397,-26.0768
7.4778,-27.7671,7.2635,-26.0768
6.9540,-25.6245,7.2635,-25.5769
7.7635,-28.5528,7.5016,-27.7433
7.4302,-27.7909,7.2397,-27.8147
7.2397,-27.8147,7.0493,-27.8386
7.0493,-27.8386,7.0731,-28.0052
7.3111,-25.6007,7.3826,-25.9816
7.2873,-25.6007,7.3588,-25.9816
-23.1622,-2.1981,-23.2098,-1.1744
-23.2098,-1.1744,-22.9479,-1.1744
-22.9479,-1.0792,-22.7813,-1.0792
-22.7575,-1.1506,-22.7575,-1.5315
-22.9955,0.9683,-22.9955,1.1825
-23.0432,1.1825,-17.4008,1.3254
-1.3071,-28.6956,-1.1881,-28.7432
-1.4261,-29.1480,-3.7831,-35.9330
-1.1881,-28.7432,-3.7116,-36.0283
-9.9015,-13.3875,-10.2824,-12.1257
-10.2824,-12.1257,-9.7825,-12.1972
-9.8777,-13.3875,-10.2586,-12.1495
-10.2586,-12.1495,-9.7825,-12.1972
-9.5682,-10.2212,-9.9491,-8.9594
-9.9491,-8.9594,-9.4492,-9.0308
-9.5682,-10.2212,-9.9253,-8.9832
-9.9253,-8.9832,-9.4492,-9.0308
-5.2829,-12.4590,-9.6396,-12.0067
-9.6396,-12.0067,-9.6635,-12.2210
-9.6635,-12.2210,-9.7825,-12.1972
-9.7825,-12.1972,-9.5682,-10.2212
-9.5682,-10.2212,-9.4492,-10.2450
-9.4492,-10.2450,-9.5920,-11.4829
-9.2587,-7.0786,-9.6158,-5.8168
-9.6158,-5.8168,-9.1159,-5.8644
-9.2349,-7.0786,-9.5920,-5.8406
-9.5920,-5.8406,-9.1159,-5.8882
-9.3063,-8.8403,-9.3302,-9.0546
-9.3302,-9.0546,-9.4492,-9.0308
-9.4492,-9.0308,-9.2587,-7.0786
-9.2587,-7.0786,-9.1159,-7.0786
-9.1159,-7.0786,-9.2825,-8.6975
-8.9254,-3.9360,-9.2825,-2.6742
-9.2825,-2.6742,-8.8064,-2.7219
-8.9016,-3.9360,-9.2825,-2.6742
-9.2825,-2.6742,-8.8064,-2.7219
-8.9730,-5.6740,-8.9969,-5.8882
-8.9969,-5.8882,-9.1159,-5.8882
-9.1159,-5.8882,-8.9254,-3.9360
-8.9254,-3.9360,-8.8064,-3.9360
-8.8064,-3.9360,-8.9730,-5.5549
-8.7350,-2.1743,-9.1159,-0.9363
-9.1159,-0.9363,-8.6159,-0.9839
-8.7350,-2.1981,-9.0921,-0.9363
-9.0921,-0.9363,-8.6159,-0.9839
-8.6159,-0.9839,-8.4969,-1.0077
-8.6635,-2.5314,-8.6635,-2.7457
-8.6635,-2.7457,-8.8064,-2.7219
-8.8064,-2.7219,-8.7350,-2.1743
-8.7350,-2.1743,-8.6159,-2.1981
-8.6159,-2.1981,-8.6397,-2.4124
-15.2106,-12.7685,-16.0914,-12.8876
-16.0914,-12.8876,-16.1152,-12.4352
-16.1152,-12.4352,-15.2344,-12.3162
-12.2108,-11.9115,-12.1870,-12.4114
-12.1870,-12.4114,-12.8774,-12.5067
-12.8774,-12.5067,-12.8774,-12.0067
-12.8774,-12.0067,-12.2108,-11.9115
-16.1152,-12.4352,-15.1867,-12.3162
-15.1867,-12.3162,-15.1867,-12.7685
-15.1867,-12.7685,-16.0914,-12.8876
-16.0914,-12.8876,-16.1152,-12.4352
-17.7341,-13.1018,-17.7579,-12.6495
-17.7341,-13.1018,-18.4245,-13.1733
-18.4245,-13.1733,-18.4245,-12.7209
-18.4245,-12.7209,-17.7579,-12.6495
13.7391,1.6825,13.5487,3.1823
13.8343,1.8729,13.6677,3.2062
13.6677,3.2062,13.5487,3.1823
13.6915,4.7536,13.6915,4.8965
18.0006,-2.7933,17.0721,-5.6740
17.0721,-5.6740,17.4292,-8.3880
18.4530,-1.1268,16.9769,-5.6502
16.9769,-5.6502,17.3578,-8.4356
17.3578,-8.4356,15.8103,-8.6261
15.8103,-8.6975,15.5247,-8.7213
-23.4003,-27.1720,-23.5431,-29.3622
-23.7574,-26.3387,-23.9716,-29.3384
-23.5431,-29.3622,-23.8526,-29.3384
-23.7574,-26.3387,-23.6621,-27.1720
-23.5907,-27.1720,-23.4003,-27.1720
-23.5431,-29.4813,-22.6146,-29.5527
-22.6146,-29.5527,-20.9243,-30.3621
-20.9243,-30.3621,-20.8767,-30.2431
-20.8767,-30.2431,-22.5908,-29.4336
-22.5908,-29.4336,-23.5431,-29.3622
-23.4003,-27.1720,-23.3765,-26.9577
-23.3765,-26.9577,-22.9717,-26.9815
-22.9955,0.9683,-22.7337,0.9683
-22.7337,0.9683,-22.7337,0.5159
-22.7337,0.5159,-22.4480,0.5159
-22.4480,0.5159,-22.4480,0.9683
-22.4480,0.9683,-19.1626,1.0635
0.6927,-24.4817,0.6689,-24.3627
0.6689,-24.3627,0.5737,-24.2675
0.5737,-24.2675,0.4546,-24.2437
0.4546,-24.2437,0.3356,-24.2675
0.3356,-24.2675,0.2404,-24.3627
0.2404,-24.3627,0.2166,-24.4817
0.2166,-24.4817,0.2404,-24.6008
0.2404,-24.6008,0.3356,-24.6960
0.3356,-24.6960,0.4546,-24.7198
0.4546,-24.7198,0.5737,-24.6960
0.5737,-24.6960,0.6689,-24.6008
0.6689,-24.6008,0.6927,-24.4817
-17.3770,-19.0537,-17.4961,-19.0537
-17.4961,-19.1965,-17.4961,-19.0537
-17.7341,-20.6011,-17.6389,-19.3155
-17.6389,-19.3155,-22.4242,-18.9822
-22.5432,-15.0540,-17.3532,-14.9112
-17.3532,-14.9112,-17.3056,-16.4587
-17.3056,-16.4587,-17.4008,-17.8633
-17.4008,-17.8633,-17.2818,-17.8633
-17.2818,-17.8633,-17.1628,-16.1492
-17.3294,-14.7922,-17.4008,-12.1495
-17.4008,-12.1495,-17.2818,-12.1495
-17.2818,-12.1495,-17.1866,-15.8159
-17.3056,-10.9354,-17.4246,-10.9354
-17.4246,-6.5548,-17.5437,-6.5548
-17.5437,-2.5790,-17.6627,-2.5790
-17.4246,-10.9354,-17.4246,-10.7925
-17.4484,-10.6735,-17.4484,-10.5068
-17.3056,-10.9354,-17.3294,-10.5068
-17.4246,-6.5548,-17.3532,-9.3165
-17.3532,-9.3165,-17.4722,-9.3165
-17.4722,-9.3165,-17.5437,-6.8167
-17.5437,-6.8167,-22.6146,-6.9596
-17.5437,-6.6977,-17.5437,-6.5548
-17.5437,-2.5790,-17.4484,-5.3407
-17.4484,-5.3407,-17.5913,-5.3407
-17.5913,-5.3407,-17.6389,-2.8647
-17.6389,-2.8647,-22.7099,-2.9837
-17.6627,-2.7219,-17.6627,-2.5790
-16.9009,1.2540,-17.6389,1.1825
-17.6389,1.1825,-17.5675,-1.3887
-17.5675,-1.3887,-17.6865,-1.3887
-17.6865,-1.3887,-17.7579,1.1111
-17.7579,1.1111,-18.7102,1.0873
-22.4480,-13.1256,-21.8290,-13.1256
-21.8290,-13.1256,-21.8766,-13.6970
-21.8766,-13.6970,-22.0909,-13.6970
-22.0909,-13.6970,-22.1623,-14.9350
-11.5442,-16.7682,-11.8061,-16.7205
-11.6633,-16.8634,-11.8061,-16.8396
-13.0441,-16.6015,-15.3772,-16.3634
-13.0441,-16.6015,-15.3772,-16.3634
-9.4730,-16.9586,-11.5442,-16.7682
-11.5442,-16.7682,-9.4730,-16.9824
-8.0922,-17.2443,-8.2350,-17.2205
-4.5449,-17.4824,-5.0448,-17.4348
-4.5449,-17.6014,-5.0448,-17.5538
-7.9731,-17.2443,-6.2590,-17.4348
-6.2352,-17.3157,-7.9493,-17.1253
4.6209,-18.2918,4.6685,-18.1490
20.8813,-6.5072,23.3573,-7.4833
23.3573,-7.4833,23.3096,-7.6024
23.3096,-7.6024,23.6429,-7.7214
23.6429,-7.7214,23.6668,-7.6024
23.6668,-7.6024,24.9762,-8.1261
25.0238,-8.0071,23.7144,-7.4833
23.7144,-7.4833,23.7858,-7.3643
23.7858,-7.3643,23.4525,-7.2214
23.4525,-7.2214,23.4049,-7.3643
23.4049,-7.3643,20.9051,-6.3882
25.7142,-0.1507,25.6666,-0.2697
25.6666,-0.2697,25.9999,-0.3887
25.9999,-0.3887,26.0475,-0.2697
26.0951,-0.1507,26.1427,-0.0316
26.1427,-0.0316,25.8094,0.0874
25.8094,0.0874,25.7618,-0.0316
27.4521,5.2060,27.7616,5.0869
27.7616,5.0869,27.9045,5.4440
27.9045,5.4440,27.5950,5.5631
27.5950,5.5631,27.4521,5.2060
27.7140,11.3483,27.8330,11.3006
27.2855,10.2055,27.3807,10.1579
18.6196,-47.1463,18.5006,-47.1225
18.5006,-47.1225,18.1911,-48.5985
18.1911,-48.5985,18.3101,-48.6223
18.3101,-48.6223,18.6196,-47.1463
-5.5686,-29.1718,-4.3782,-17.6728
-5.7591,-29.1718,-4.5449,-17.4824
-5.5924,-29.1480,-5.2115,-25.6245
-5.2115,-25.4816,-4.4020,-17.7443
-5.6162,-29.1480,-5.2353,-25.6245
-5.2353,-25.4816,-4.4259,-17.7443
8.8110,-1.6981,8.7634,-2.1505
8.7634,-2.1505,8.4301,-2.1029
-18.6150,-31.3382,-18.6626,-31.4335
-17.5199,-31.8382,-17.5675,-31.9572
11.1679,11.4911,12.5964,11.5149
11.1679,11.3244,12.5964,11.3483
11.1679,11.4911,12.5487,11.5149
11.1679,11.4673,12.5487,11.4911
12.6202,11.3483,12.6202,11.6101
8.6920,11.5387,11.0965,11.5863
11.0965,11.5863,11.0965,11.3244
7.9539,-30.4812,9.4062,-30.2907
7.9301,-30.5050,9.3824,-30.3145
7.9063,-30.5288,9.3586,-30.3383
9.1919,-30.5050,7.7873,-30.6954
9.2872,-30.8621,8.6682,-35.3140
9.3110,-30.8621,8.6920,-35.2902
9.4062,-30.2907,8.6920,-35.2902
9.1919,-30.5050,8.5015,-35.4093
9.3824,-30.3145,9.3110,-30.8621
9.3586,-30.3383,9.2872,-30.8621
-23.7574,-32.3381,-23.1860,-32.3857
-23.1860,-32.3857,-23.1384,-31.9096
-23.1384,-31.9096,-23.7098,-31.8620
-7.1161,9.3961,-7.3303,7.2058
-7.4494,10.2293,-7.7589,7.2534
-7.3303,9.3961,-7.4970,7.7057
-7.3541,9.3961,-7.5208,7.7057
-7.3303,7.2058,-7.6398,7.2296
-7.7113,7.2772,-7.6636,7.6581
-7.6874,7.2772,-7.6398,7.6581
-7.4494,10.2293,-7.3780,9.3961
-7.3065,9.4199,-7.1161,9.3961
-7.4494,10.2293,-7.3541,11.2530
-6.9494,10.8245,-7.1161,9.3961
-7.3303,7.2058,-7.4018,6.4678
-7.8303,6.5630,-7.7589,7.2534
8.6444,-40.2898,8.3111,-40.1707
8.2872,-40.3136,8.3349,-40.1945
8.3349,-40.1945,8.5967,-40.2898
8.5967,-40.2898,8.5491,-40.4088
6.5969,-0.3649,6.4541,-0.3649
6.4541,-0.3649,6.4779,-0.0793
6.4779,-0.0793,6.6445,-0.0793
6.5017,-0.4364,6.3589,-0.4126
6.3589,-0.4126,6.4065,0.0160
6.4065,0.0160,6.5731,-0.0078
21.6669,0.2779,21.7622,0.5397
21.7622,0.5397,21.8574,0.4921
3.2877,-31.6001,3.2639,-31.4573
3.2639,-31.4573,3.5496,-31.4096
3.5496,-31.4096,3.5734,-31.5525
-13.4488,-14.6493,-10.0682,-15.0064
-15.1867,-12.3162,-15.4962,-0.7220
-1.8785,0.2302,-1.5452,-2.2933
-1.5452,-2.3886,-0.4976,-10.3878
-17.1866,-15.8159,-17.3056,-15.8159
-17.3056,-15.8159,-17.2818,-16.0778
-17.2818,-16.0778,-17.1628,-16.0778
-3.6878,-15.7921,-2.3070,-2.3648
-2.3070,-2.3648,-2.1880,-2.3648
-2.1880,-2.3648,-2.1404,-2.1029
-2.1404,-2.1029,-2.2832,-2.1029
-2.2832,-2.1029,-1.5690,4.6584
-3.0688,-10.7211,-2.2118,-2.4838
-2.2118,-2.4838,-1.5452,-2.3886
-1.8785,0.2302,-2.1404,-2.3886
-2.1404,-2.3886,-1.5452,-2.2933
-4.5449,-17.6014,-4.5449,-17.4824
-14.5201,-9.1260,-12.7822,-0.2459
-12.7346,-0.2221,-14.4963,-9.1260
-13.4726,-9.3403,-11.6395,-0.0078
-11.5918,0.0160,-13.4250,-9.3403
-15.1391,-11.4115,-12.9251,-0.2697
-15.1153,-11.4115,-12.9012,-0.2697
-11.4728,0.0398,-13.7583,-11.6258
-11.4490,0.0398,-13.7345,-11.6258
-4.7592,-7.5309,-4.8068,-7.8166
-4.6401,-7.5309,-4.6877,-7.8404
-4.6877,-7.8404,-4.6639,-7.5309
-4.4497,-4.3884,-4.4735,-4.6741
-4.3068,-4.3884,-4.3544,-4.6979
-4.3306,-4.3884,-4.3544,-4.6979
-4.1402,-1.4601,-4.1164,-1.1744
-4.0211,-1.4839,-3.9735,-1.1744
-4.0211,-1.4839,-3.9973,-1.1744
-11.8061,-16.7205,-11.8061,-16.8396
-6.2590,-17.4348,-6.2352,-17.3157
-12.9965,-16.6015,-13.0203,-16.7205
-13.0441,-16.6015,-13.0679,-16.7205
-8.2350,-17.1015,-8.2350,-17.2205
-9.4254,-16.9824,-9.4254,-17.1015
-9.4730,-16.9586,-9.4968,-17.1015
-5.0448,-17.4348,-5.0448,-17.5538
-13.3774,-14.6255,-13.7583,-11.6258
-13.3536,-14.6255,-13.7345,-11.6258
-13.4488,-14.6493,-13.4250,-14.7922
-5.5686,-29.2194,-5.7591,-29.2194
-1.3309,-28.7670,-1.5452,-28.6956
-1.5452,-28.6956,-5.5686,-29.2194
9.4538,3.6347,9.4300,3.7537
9.4300,3.7537,9.3348,3.8490
9.3348,3.8490,9.2157,3.8728
9.2157,3.8728,9.0967,3.8490
9.0967,3.8490,9.0015,3.7537
9.0015,3.7537,8.9777,3.6347
8.9777,3.6347,9.0015,3.5157
9.0015,3.5157,9.0967,3.4204
9.0967,3.4204,9.2157,3.3966
9.2157,3.3966,9.3348,3.4204
9.3348,3.4204,9.4300,3.5157
9.4300,3.5157,9.4538,3.6347
-4.5925,2.3729,-4.6163,2.4919
-4.6163,2.4919,-4.7115,2.5872
-4.7115,2.5872,-4.8306,2.6348
-4.8306,2.6348,-4.9496,2.6110
-4.9496,2.6110,-5.0448,2.5396
-5.0448,2.5396,-5.1163,2.4443
-5.1163,2.4443,-5.1163,2.3015
-5.1163,2.3015,-5.0448,2.2062
-5.0448,2.2062,-4.9496,2.1348
-4.9496,2.1348,-4.8306,2.1110
-4.8306,2.1110,-4.7115,2.1586
-4.7115,2.1586,-4.6163,2.2539
-4.6163,2.2539,-4.5925,2.3729
13.8105,-13.6970,13.7867,-13.5780
13.7867,-13.5780,13.6915,-13.4828
13.6915,-13.4828,13.5725,-13.4351
13.5725,-13.4351,13.4534,-13.4589
13.4534,-13.4589,13.3582,-13.5304
13.3582,-13.5304,13.2868,-13.6256
13.2868,-13.6256,13.2868,-13.7684
13.2868,-13.7684,13.3582,-13.8637
13.3582,-13.8637,13.4534,-13.9351
13.4534,-13.9351,13.5725,-13.9589
13.5725,-13.9589,13.6915,-13.9113
13.6915,-13.9113,13.7867,-13.8161
13.7867,-13.8161,13.8105,-13.6970
-15.8534,-31.1716,-15.8772,-31.0287
-15.8772,-31.0287,-15.9724,-30.9097
-15.9724,-30.9097,-16.0914,-30.8383
-16.0914,-30.8383,-16.2581,-30.8145
-16.2581,-30.8145,-16.4009,-30.8621
-16.4009,-30.8621,-16.4961,-30.9573
-16.4961,-30.9573,-16.5676,-31.1002
-16.5676,-31.1002,-16.5676,-31.2430
-16.5676,-31.2430,-16.4961,-31.3858
-16.4961,-31.3858,-16.3771,-31.4811
-16.3771,-31.4811,-16.2581,-31.5287
-16.2581,-31.5287,-16.0914,-31.5049
-16.0914,-31.5049,-15.9724,-31.4335
-15.9724,-31.4335,-15.8772,-31.3144
-15.8772,-31.3144,-15.8534,-31.1716
-11.6157,-30.6240,-11.6395,-30.4812
-11.6395,-30.4812,-11.7347,-30.3621
-11.7347,-30.3621,-11.8537,-30.2907
-11.8537,-30.2907,-12.0204,-30.2669
-12.0204,-30.2669,-12.1632,-30.3145
-12.1632,-30.3145,-12.2584,-30.4097
-12.2584,-30.4097,-12.3299,-30.5526
-12.3299,-30.5526,-12.3299,-30.6954
-12.3299,-30.6954,-12.2584,-30.8383
-12.2584,-30.8383,-12.1394,-30.9335
-12.1394,-30.9335,-12.0204,-30.9811
-12.0204,-30.9811,-11.8537,-30.9573
-11.8537,-30.9573,-11.7347,-30.8859
-11.7347,-30.8859,-11.6395,-30.7669
-11.6395,-30.7669,-11.6157,-30.6240
0.0737,-33.6237,0.0499,-33.5047
0.0499,-33.5047,-0.0453,-33.4095
-0.0453,-33.4095,-0.1643,-33.3857
-0.1643,-33.3857,-0.2834,-33.4095
-0.2834,-33.4095,-0.3786,-33.5047
-0.3786,-33.5047,-0.4024,-33.6237
-0.4024,-33.6237,-0.3786,-33.7428
-0.3786,-33.7428,-0.2834,-33.8380
-0.2834,-33.8380,-0.1643,-33.8618
-0.1643,-33.8618,-0.0453,-33.8380
-0.0453,-33.8380,0.0499,-33.7428
0.0499,-33.7428,0.0737,-33.6237
-17.6627,-21.6487,-17.5913,-20.6249
-17.5913,-20.6249,-17.7341,-20.6011
-17.3770,-19.0537,-17.4008,-19.4584
-17.4246,-19.5298,-17.5437,-19.5298
-17.5437,-19.5298,-17.6151,-20.4821
-17.6151,-20.4821,-17.4722,-20.5059
-17.4722,-20.5059,-17.5437,-21.6725
-15.3772,-16.3634,-15.6153,-19.5774
-15.5915,-19.6727,-15.4724,-19.6727
-15.4724,-19.6727,-15.5439,-20.6488
-15.5439,-20.6488,-15.6867,-20.6249
-15.6867,-20.6249,-16.1628,-27.6481
-15.2582,-16.3872,-15.4724,-19.5536
-15.4724,-19.5536,-15.3534,-19.5536
-15.3534,-19.5536,-15.4248,-20.6011
-15.4248,-20.5773,-12.0918,-20.9344
4.3590,4.6346,3.6210,4.6108
3.6210,4.6108,3.6210,4.4917
2.5259,4.7060,2.5259,4.5870
2.5259,4.5870,3.5020,4.6108
3.5020,4.6108,3.5020,4.7298
2.5021,6.5392,2.5021,6.6582
2.5021,6.6582,3.4782,6.6582
2.2402,6.7772,3.5972,6.8011
1.5260,-16.1968,0.2880,-16.0778
0.2880,-16.0778,0.2642,-16.1968
0.1928,-16.1968,-0.1643,-16.1730
0.3356,-15.9349,1.6926,-16.0539
1.5260,-16.1968,1.5022,-16.3396
1.6926,-16.0539,1.6688,-16.1968
-14.4011,2.1348,-8.3064,2.3015
-8.3064,2.3015,-7.8779,6.3011
-8.4493,0.7302,-15.4724,-0.7220
-8.4493,0.7064,-15.4724,-0.7459
-14.4011,2.1586,-8.3064,2.3015
-8.3064,2.3015,-7.9017,6.3249
13.3820,-4.4836,13.4058,-4.6741
13.4058,-4.6741,13.7867,-4.6264
13.7867,-4.6264,13.7629,-4.4360
14.8581,-4.4836,14.5724,-4.5312
14.5724,-4.5312,14.5486,-4.3408
-0.0929,-10.0545,0.4785,-9.9831
0.4785,-9.9831,0.4308,-9.7212
0.4308,-9.7212,0.5737,-9.7212
-0.1167,-9.8164,-0.0929,-10.0545
-0.9976,-3.0790,-1.0452,-2.8171
-1.0452,-2.8171,-0.3310,-2.7219
-0.3310,-2.7219,-0.2834,-2.9837
-0.2834,-2.9837,-0.1643,-2.9599
7.7635,-30.5050,7.3588,-30.5526
7.3588,-30.5526,7.3826,-30.7430
7.5730,-29.1956,7.1921,-29.2432
7.1921,-29.2432,7.0731,-28.3623
7.1921,-29.2908,7.3350,-30.5050
7.1683,-29.2908,7.3350,-30.5050
-27.3999,43.5833,18.6910,56.0822
18.6910,56.0822,19.9052,51.6064
19.9052,51.6064,21.3336,51.9873
21.3336,51.9873,21.1670,53.6300
21.1670,53.6300,26.3570,55.0346
26.3570,55.0346,28.9282,32.1320
28.9282,32.1320,31.0232,32.3701
31.0232,32.3701,32.1660,22.1806
32.1660,22.1806,23.4525,21.2045
23.4525,21.2045,22.7145,27.7753
22.7145,27.7753,16.5008,28.2514
16.5008,28.2514,15.2390,11.6577
15.2390,11.6577,33.2849,11.9434
33.2849,11.9434,23.6429,-12.7447
23.6429,-12.7447,24.1429,-28.8623
24.1429,-28.8623,9.3348,-30.7907
9.3348,-30.7907,8.6920,-35.2902
8.6920,-35.2902,9.7871,-35.6712
9.8347,-35.5997,24.4286,-40.6945
24.4286,-40.6945,23.3096,-44.8132
23.3811,-44.8370,23.2620,-45.3369
23.1906,-45.3369,22.6668,-47.2177
22.7383,-47.2415,21.7384,-51.0269
21.7384,-51.0269,2.9544,-47.1463
2.9544,-47.1463,3.1925,-56.3597
3.1925,-56.3597,-8.7112,-53.7885
-8.7112,-53.7885,-7.5684,-42.7657
-7.5684,-42.7657,-24.3526,-34.7665
-24.3526,-34.7665,-22.8527,-13.5304
-22.8527,-13.5304,-23.3288,6.3011
-23.3288,6.3011,-20.8529,6.3487
-20.8529,6.3487,-22.0194,10.9911
-22.0194,10.9911,9.2157,11.5387
9.2157,11.5387,10.1918,24.3232
10.1918,24.3232,-22.8527,26.8468
-22.8527,26.8468,-27.3999,43.5833
-13.5120,-14.7356,-13.8363,-12.1609
-8.0941,-33.9363,-10.9099,-32.6225
-10.9099,-32.6225,-10.8307,-32.4740
-10.8307,-32.4740,-8.0479,-33.7911
-12.8984,-31.1995,-12.7617,-31.3529
-12.7617,-31.3529,-12.6502,-31.2497
-12.6502,-31.2497,-12.7812,-31.1047
9.580203, 1.067025, 9.603703, 0.919619
9.603703, 0.919619, 9.050394, 0.851256
9.050394, 0.851256, 9.281117, -0.671946
9.281117, -0.671946, 11.355492, -0.411314
11.355492, -0.411314, 11.178176, 1.079843
11.178176, 1.079843, 10.637686, 1.022162
10.637686, 1.022162, 10.618459, 1.193069
11.738051, 1.328208, 12.143353, -1.495605
12.143353, -1.495605, 13.953915, -1.273022
13.953915, -1.273022, 13.551937, 1.401295
13.551937, 1.401295, 13.106771, 1.341497
13.106771, 1.341497, 13.076872, 1.514248
13.076872, 1.514248, 13.139992, 1.520892
