0.0114,-10.3353,0.0114,-10.3353
0.0114,-10.3353,-0.5792,-10.4092
0.0360,-33.6391,0.0852,-34.0082
0.0606,-36.4444,0.7004,-41.3906
0.0852,-10.9259,0.0114,-10.3353
0.0852,-34.0082,0.0852,-34.0082
0.0852,-34.0082,-0.4316,-34.0820
0.0852,-43.3346,0.1098,-43.4822
0.1098,-43.4822,0.2575,-43.4822
-0.1855,-36.7889,-5.4516,-37.4779
0.2329,-43.3100,0.2575,-43.4822
-0.3085,-7.3085,-0.5054,-5.6352
-0.3085,-7.3085,5.2775,-6.5949
0.4051,-41.4398,0.4051,-41.4398
0.4051,-41.4398,0.9957,-41.3659
-0.4316,-34.0820,-0.4808,-33.7129
0.4543,-39.4219,0.6512,-39.3727
-0.4562,-6.6687,-0.5300,-6.0535
0.4789,-42.0304,0.4051,-41.4398
-0.4808,-29.5541,-5.8453,-30.2678
-0.4808,-33.7129,0.0360,-33.6391
-0.5054,-10.9997,0.0852,-10.9259
-0.5054,-5.6352,-0.3085,-7.3085
-0.5054,-5.6352,-1.2682,-5.7336
-0.5300,-6.0535,-0.5300,-6.0535
-0.5300,-6.0535,-1.1452,-6.1520
0.5528,-42.5225,-0.1855,-36.7889
-0.5546,-29.1112,-0.4808,-29.5541
-0.5792,-10.4092,-0.5054,-10.9997
0.6512,-39.3727,0.6758,-39.5696
0.6512,-43.2608,0.5528,-42.5225
0.6758,-39.5696,0.4789,-39.5942
0.6758,-7.8253,0.6512,-7.7269
0.7004,-41.3906,0.9957,-41.3659
0.8235,-7.8007,0.6758,-7.8253
0.8235,-7.8007,0.7988,-7.7023
0.9219,-9.7447,0.8973,-9.6463
0.9219,-9.7447,-3.3599,-10.3107
0.9957,-41.3659,1.0941,-41.9565
0.9957,-41.3659,1.1434,-42.4241
10.0022,-47.9609,9.8546,-48.6991
10.0022,-47.9609,9.9284,-47.3703
-10.0533,-18.7512,-15.2948,-19.4157
-10.0533,-18.7512,-9.8318,-20.4246
-10.1025,-17.2009,-10.5454,-13.8543
-10.1025,-17.2009,-10.6685,-17.2748
-10.1517,-41.8581,-10.2747,-41.8581
-10.1517,-41.8581,-9.8564,-43.9744
-10.1517,-43.3346,-10.1763,-43.1131
-10.1763,-43.1131,-10.2747,-42.9162
-10.1763,-43.3100,-10.2009,-43.1131
-10.1763,-43.5314,-10.1517,-43.3346
-10.2009,-43.1131,-10.2993,-42.9162
-10.2009,-43.5314,-10.1763,-43.3100
-10.2501,-40.9476,-10.2747,-40.8000
-10.2747,-21.0644,-10.2747,-21.0644
-10.2747,-21.0644,-10.3239,-20.5230
-10.2747,-40.8000,-7.5432,-40.4555
-10.2747,-41.8581,-9.9794,-43.9990
-10.2747,-42.9162,-10.4224,-42.7440
-10.2993,-16.6104,-10.6438,-13.9773
-10.2993,-21.0890,-10.3732,-20.4984
-10.2993,-42.9162,-10.4470,-42.7686
-10.2993,-43.7283,-10.1763,-43.5314
-10.2993,-43.7283,-10.2009,-43.5314
-10.3239,-20.5230,-9.9548,-20.4738
-10.3732,-20.4984,-9.8318,-20.4246
-10.3732,-40.9722,-10.2501,-40.9476
-10.3732,-40.9722,-10.3978,-40.8246
-10.3978,-17.2009,-10.7669,-17.2502
-10.3978,-40.8246,-11.9973,-41.0214
-10.4470,-16.6842,-10.3978,-17.2009
-10.4470,-30.4892,-10.4716,-30.3416
-10.4470,-43.8760,-10.2993,-43.7283
-10.4470,-43.9006,-10.2993,-43.7283
1.0449,-9.6217,0.8973,-9.6463
-1.0467,-6.7426,-0.4562,-6.6687
-1.0467,-7.4070,-1.2682,-5.7336
-1.0467,-7.4070,-8.6014,-8.3913
-10.4716,-30.3416,-13.8183,-30.7599
10.4944,-8.4897,10.3959,-7.7515
10.4944,-8.4897,8.8703,-8.7112
10.4944,-8.6128,7.8367,-8.9573
-10.4962,-18.5544,-10.6192,-18.5544
-10.4962,-18.6528,-10.4962,-18.5544
-10.4962,-18.6528,-9.9302,-18.5790
-10.4962,-30.9076,-10.5454,-30.4892
-10.4962,-30.9076,-13.2769,-31.2767
-10.5208,-49.5604,-10.4716,-50.0279
-10.5208,-50.0279,-10.4716,-50.0279
-10.5208,-50.0279,-10.5700,-49.7327
10.5436,-8.9573,10.4944,-8.6128
-10.5454,-30.4892,-10.4470,-30.4892
10.5682,-7.8745,10.7159,-7.8745
-10.5700,-49.7327,-10.8407,-49.7819
-10.6192,-17.6439,-10.6685,-17.2748
-10.6192,-18.5544,-10.6192,-18.6528
-10.6192,-18.6528,-14.7288,-19.1942
-10.6438,-13.9773,-12.4894,-14.2234
-10.6438,-43.9744,-10.4470,-43.8760
-10.6438,-43.9990,-10.4470,-43.9006
10.6912,-7.7023,10.3959,-7.7515
10.6912,-8.9327,10.5682,-7.8745
1.0695,-9.7447,1.0449,-9.6217
-1.0714,-25.0263,-1.0714,-25.0263
-1.0714,-25.0263,-1.6127,-25.1001
10.7159,1.2796,11.8478,1.4273
10.7159,-7.8745,10.6912,-7.7023
10.7405,1.1320,10.7159,1.2796
10.7405,1.1320,11.8724,1.2796
-10.7423,-12.3286,-11.3083,-12.4024
-10.7423,-17.6685,-10.6192,-17.6439
-10.7423,-30.3170,-10.7177,-30.3170
-10.7423,-30.3170,-13.3999,-30.6615
-10.7669,-17.2502,-10.7669,-17.2502
-10.7669,-17.2502,-10.8407,-16.7088
-10.7669,-30.2924,-13.4492,-30.6369
-10.8407,-16.7088,-10.4470,-16.6842
-10.8407,-44.0236,-10.6438,-43.9744
-10.8407,-44.0482,-10.6438,-43.9990
-10.8407,-49.7819,-10.8899,-49.4374
-10.8407,-49.8803,-11.6282,-49.9787
-10.8653,-16.8072,-10.7423,-17.6685
-10.8653,-16.8072,-11.1606,-16.8564
-10.8653,-49.6096,-10.5208,-49.5604
-10.8899,-29.3081,-12.2926,-29.4803
-10.8899,-29.3327,-10.8653,-29.3327
-10.8899,-29.3327,-12.3172,-29.5295
-10.8899,-49.4374,-10.8407,-49.8803
-10.8899,-49.4374,-11.6774,-49.5358
1.0941,-41.9565,0.4789,-42.0304
-11.0130,-12.3286,-11.4067,-12.3778
11.0358,-3.6420,11.0604,-3.6420
-11.0622,-43.9990,-10.8407,-44.0236
-11.0622,-44.0236,-10.8407,-44.0482
-11.0868,-11.8118,-11.0130,-12.3286
-11.1114,-13.8297,-11.1114,-13.9281
-11.1114,-13.9281,-10.5454,-13.8543
-11.1360,-9.2526,-10.7423,-12.3286
-11.1360,-9.2526,5.7450,-7.0625
-11.1606,-16.8564,-11.1852,-16.7088
-11.1852,-16.7088,-10.2993,-16.6104
-11.1852,-29.0620,-12.3172,-29.2096
-1.1206,-24.6572,-1.0714,-25.0263
-11.2344,-12.9192,-11.3083,-12.4024
-11.2344,-13.8297,-11.1114,-13.8297
-11.2344,-13.8297,-11.2344,-13.9281
-11.2344,-13.9281,-15.3440,-14.4695
-11.2590,-43.9252,-11.0622,-43.9990
-11.2590,-43.9498,-11.0622,-44.0236
-11.2590,-9.2772,-10.9391,-11.7380
-11.2590,-9.2772,-16.5251,-9.9662
-11.3575,-12.9438,-11.2344,-12.9192
-11.4067,-12.3778,-11.4067,-12.3778
-11.4067,-12.3778,-11.4559,-11.8610
-11.4313,-43.7775,-11.2590,-43.9252
-11.4313,-43.8021,-11.2590,-43.9498
1.1434,-42.4241,2.6444,-42.2518
-1.1452,-6.1520,-1.0467,-6.7426
-11.4559,-11.8610,-11.0868,-11.8118
-11.4805,-11.9595,-11.3575,-12.9438
-11.4805,-11.9595,-11.8004,-11.9841
-11.5051,-44.6880,-12.3172,-44.7865
-11.5297,-43.6053,-11.4313,-43.7775
-11.5543,-43.6053,-11.4313,-43.8021
-11.5543,-44.2451,-11.5051,-44.6880
-11.5790,-44.1959,-11.8496,-42.0796
-11.6036,-43.4084,-11.5297,-43.6053
-11.6036,-44.7126,-10.9884,-49.4374
-11.6282,-43.4084,-11.5543,-43.6053
-11.6282,-49.9787,-11.6282,-49.9787
-11.6282,-49.9787,-11.6774,-49.5358
-11.6528,-49.7080,-11.7758,-49.7327
-11.6528,-49.8803,-11.7020,-49.8803
-11.6774,-49.5358,-10.8899,-49.4374
-11.6774,-49.5358,-11.6528,-49.8803
-11.6774,-50.1756,-10.5208,-50.0279
-11.6774,-50.1756,-11.6774,-50.1756
-11.7020,-49.8803,-11.6774,-50.1756
-11.7266,-50.2002,-11.6774,-50.1756
11.7740,-1.0089,11.8970,-1.8948
-11.7758,-49.7327,-11.7266,-50.2002
-11.8004,-11.8610,-10.9391,-11.7380
-11.8004,-11.9841,-11.8004,-11.8610
11.8478,-0.9105,11.9709,-1.8702
11.8478,1.4273,11.8724,1.2796
-11.8496,-42.0796,-12.2434,-42.1288
-11.8989,-44.7372,-11.2837,-49.4866
-11.9727,-28.1761,-12.5387,-28.2499
-11.9727,-41.1691,-12.3664,-41.2183
-11.9973,-41.0214,-11.9727,-41.1691
-12.0219,-28.1269,-12.4894,-28.2007
-12.0957,-16.8318,-12.0711,-16.9549
-12.0957,-40.1848,-12.9078,-40.3078
-12.0957,-40.8984,-7.5679,-40.3078
-12.1449,-16.8564,-12.0957,-16.8318
-12.1449,-16.8564,-12.4894,-14.2234
-12.1695,-39.7418,-12.0957,-40.1848
12.1923,-7.6777,12.1923,-7.5054
-12.1941,-40.2094,-12.0957,-40.8984
-12.2434,-42.1288,-11.9481,-44.2943
-12.2680,-17.8161,-12.3664,-17.0041
-12.2680,-17.8161,-12.3910,-17.8161
-12.2680,-39.6188,-12.2434,-39.7664
-12.2926,-29.4803,-12.3172,-29.3573
-12.3172,-16.4381,-12.5879,-14.2480
-12.3172,-29.2096,-12.3418,-29.2342
-12.3172,-29.5049,-12.2926,-29.5049
-12.3172,-44.7865,-12.3172,-44.7865
-12.3172,-44.7865,-12.3664,-44.3435
-12.3418,-29.1850,-11.2098,-29.0374
-12.3418,-29.2342,-12.3172,-29.3573
-12.3418,-29.5049,-12.3664,-29.3573
12.3646,-7.6531,12.1923,-7.6777
-12.3664,-17.0041,-12.0711,-16.9549
-12.3664,-29.2342,-12.3664,-29.3573
-12.3664,-44.3435,-11.5543,-44.2451
-12.4648,-38.1915,-12.3910,-38.7083
12.4876,-7.4808,12.1923,-7.5054
12.4876,-8.7112,12.3646,-7.6531
-12.4894,-28.2007,-12.5141,-28.1515
-12.4894,-40.2340,-12.3664,-41.2183
-12.5387,-16.7826,-12.3910,-17.8161
-12.5387,-16.7826,-13.9659,-16.9549
-12.5387,-28.2499,-12.5387,-28.1761
-12.5633,-39.6434,-12.2680,-39.6188
-12.5633,-39.6434,-12.5387,-39.7910
-12.5879,-14.2480,-12.9078,-14.2726
-12.6125,-16.4873,-12.3172,-16.4381
12.6353,-8.6866,12.4876,-7.4808
-12.6371,-36.8381,-12.5879,-37.1334
-12.6371,-50.2986,-12.6863,-49.8557
-1.2682,-5.7336,-0.5054,-5.6352
-1.2682,-5.7336,-1.0467,-7.4070
-12.6863,-35.7553,-12.6863,-35.7553
-12.6863,-35.7553,-12.7601,-35.2386
-12.6863,-35.7553,-13.0800,-35.8046
-12.6863,-38.7575,-12.3910,-38.7083
-12.6863,-49.8557,-13.1539,-49.9049
-12.6863,-50.3232,-12.6371,-50.2986
-12.6863,-50.3232,-13.2031,-50.3971
12.7091,-3.3959,11.0358,-3.6174
-12.7109,-11.9841,-12.7109,-12.1071
-12.7109,-16.6596,-13.0062,-14.2972
-12.7109,-16.6596,-14.1136,-16.8564
-12.7109,-37.1580,-12.5879,-38.1915
12.7337,-3.4205,11.0358,-3.6420
-12.7355,-37.1580,-12.5879,-38.2161
-12.7355,-50.0279,-12.6863,-50.3232
-12.7601,-35.2386,-13.1293,-35.2632
-12.7601,-35.8046,-12.7601,-35.9522
-12.7601,-38.2161,-12.4648,-38.1915
-12.7601,-38.2161,-12.6863,-38.7575
-12.7847,-11.9841,-12.7109,-11.9841
-12.7847,-11.9841,-13.1046,-9.5233
-12.7847,-13.0668,-12.9078,-12.1317
-12.7847,-13.0668,-12.9078,-13.0914
-12.8832,-34.1558,-12.9078,-34.1558
-12.8832,-34.1558,-13.6952,-34.2789
-12.8832,-37.1826,-12.5879,-37.1334
-12.8832,-37.1826,-12.7355,-38.2161
-12.8832,-37.1826,-12.7601,-38.2161
-12.9078,-11.8610,-13.2031,-9.5479
-12.9078,-12.1317,-12.7109,-12.1071
-12.9078,-14.2726,-12.6125,-16.4873
-12.9078,-14.2726,-12.9078,-14.2726
-12.9078,-34.0082,-8.4537,-33.4422
-12.9078,-34.1558,-12.6863,-35.7553
-12.9078,-40.3078,-12.9078,-40.3078
-12.9078,-40.3078,-12.9570,-39.8403
-12.9324,-36.8873,-12.6371,-36.8381
-12.9324,-36.8873,-12.8832,-37.1826
-12.9570,-33.7129,-12.8832,-34.1558
-12.9570,-33.7129,-8.6998,-33.1715
-12.9570,-39.8403,-12.1695,-39.7418
-13.0308,-50.4217,-12.9816,-50.3478
-13.0554,-12.0333,-12.9078,-13.0914
-13.0554,-12.0333,-14.4827,-12.2055
-13.0554,-35.8292,-12.7601,-35.8046
-13.0554,-35.8292,-13.0554,-35.9768
-13.0554,-35.9768,-12.7601,-35.9522
-13.0554,-50.4217,-13.0062,-50.3478
-13.0800,-35.8046,-12.6863,-35.7553
-13.0800,-35.8046,-13.0800,-35.8046
-13.0800,-35.8046,-13.2769,-34.2050
-13.1046,-50.4709,-13.0308,-50.4217
-13.1293,-35.2632,-13.0800,-35.8046
-13.1539,-49.9049,-13.1293,-50.0772
-13.1539,-50.4463,-13.0554,-50.4217
13.1766,1.5995,13.2013,1.4519
13.1766,1.5995,14.0871,1.7226
13.2013,1.4519,14.0871,1.5749
-13.2031,-11.9102,-12.9078,-11.8610
-13.2031,-11.9102,-13.4984,-9.5725
-13.2031,-50.2248,-13.2523,-50.3232
-13.2031,-50.3971,-13.2523,-50.0772
-13.2031,-50.4463,-13.1046,-50.4709
-13.2277,-50.2002,-13.2769,-50.2740
-13.2277,-50.3971,-13.1539,-50.4463
-13.2523,-50.0772,-12.7355,-50.0279
-13.2523,-50.0772,-13.2523,-50.0772
-13.2523,-50.3232,-13.2277,-50.3971
-13.2769,-31.2767,-13.3507,-30.7353
-13.2769,-31.2767,-13.6460,-31.3259
-13.2769,-34.2050,-13.6952,-34.2789
-13.2769,-50.2740,-13.2769,-50.3725
-13.2769,-50.3725,-13.2031,-50.4463
-13.3261,-11.9348,-14.6303,-12.1071
-13.3507,-30.7353,-13.2769,-31.2767
-13.3507,-30.7353,-13.9905,-30.8337
13.3981,-13.5590,13.7672,-13.5098
-13.3999,-30.6615,-13.3999,-30.7107
-13.4492,-30.6369,-13.4245,-30.7107
13.4719,-14.0757,13.3981,-13.5590
13.4719,-14.0757,13.4719,-14.0757
-13.6214,-9.5971,-13.3261,-11.9348
-13.6460,-31.3259,-13.2769,-31.2767
-13.6460,-31.3259,-13.6460,-31.3259
-13.6460,-31.3259,-13.7198,-30.7845
-13.6706,-31.2275,-15.8607,-31.4982
-13.6952,-31.0552,-13.6460,-31.3259
-13.6952,-34.2789,-13.6952,-34.2789
-13.6952,-34.2789,-13.7444,-33.8113
-13.7198,-30.7845,-13.3507,-30.7353
-13.7444,-33.8113,-12.9570,-33.7129
13.7672,-13.5098,13.8411,-14.0265
13.7672,3.8389,13.9887,2.0179
-13.7691,-25.2970,-14.5319,-25.3954
13.8165,3.9127,14.0625,1.9686
-13.8183,-30.7599,-14.1382,-28.3730
13.8411,-14.0265,13.4719,-14.0757
-13.8921,-17.5455,-14.0397,-17.5701
-13.8921,-24.3619,-13.7691,-25.2970
13.9641,2.0179,14.0133,1.7226
-13.9659,-16.9549,-13.8921,-17.5455
-13.9659,-25.1493,-13.9659,-25.1493
-13.9659,-25.1493,-14.0397,-24.5587
13.9887,2.0179,13.9641,2.0179
-13.9905,-30.7845,-13.9659,-30.7845
-13.9905,-30.8337,-14.7042,-25.2477
14.0379,1.9686,14.1117,1.3534
-14.0397,-17.5701,-14.1136,-16.8564
-14.0397,-24.5587,-14.6303,-24.6325
-14.0397,-24.5587,-14.7780,-24.6572
14.0625,1.9686,14.0379,1.9686
14.1117,1.3534,14.1117,1.3534
14.1117,1.3534,14.1364,1.3534
14.1117,1.3534,14.7269,1.4273
14.1364,1.3534,14.5055,-1.3534
-14.1382,-28.3730,-8.8967,-27.6839
-14.1628,-28.2253,-8.9213,-27.5363
14.2102,4.4048,14.5055,2.0179
14.2102,4.4048,9.5347,3.7896
-14.4089,-12.8207,-14.4827,-12.2055
14.4563,-1.3534,14.4809,-1.5503
14.4563,-1.3534,14.5301,-1.9932
14.4809,-1.5503,8.9687,-2.2639
-14.4827,-30.5385,-17.2142,-9.5233
-14.4827,-30.5385,-29.0014,-32.4333
14.5055,-1.3534,14.4563,-1.3534
14.5055,-1.7964,14.5301,-1.9932
14.5055,2.0179,14.2102,4.4048
14.5055,2.0179,14.6531,2.0425
14.5055,-49.6588,14.6531,-48.9206
14.5301,-1.9932,14.5301,-1.9932
14.5301,-1.9932,14.5793,-1.9932
14.5301,-1.9932,15.1945,-1.9194
-14.5319,-12.8207,-14.4089,-12.8207
-14.5319,-25.3954,-14.1628,-28.2253
-14.5565,-25.2231,-13.9659,-25.1493
14.5793,-1.9932,14.8500,-4.0603
14.5793,-22.5409,14.9484,-22.4917
14.6039,1.4273,14.7269,1.4273
14.6039,1.4273,14.9484,-1.2796
14.6285,-23.0576,14.5793,-22.5409
14.6285,-23.0576,14.6285,-23.0576
-14.6303,-12.1071,-14.5319,-12.8207
-14.6303,-24.6325,-14.5565,-25.2231
14.6531,2.0425,14.0379,1.9686
14.6531,2.0425,14.5055,2.0179
14.6531,2.0425,14.7269,1.4273
14.6531,-48.9206,10.0022,-47.9609
14.6531,-48.9206,14.6531,-48.9206
-14.6549,-24.4603,-13.8921,-24.3619
-14.7042,-25.2477,-13.9659,-25.1493
14.7269,1.4273,14.6039,1.4273
14.7269,1.4273,14.6531,2.0425
-14.7288,-19.1942,-15.3194,-19.2680
-14.7780,-24.6572,-15.6639,-17.9638
14.8008,-4.0603,14.8008,-4.0603
14.8008,-4.0603,14.8746,-4.6509
14.8008,-4.0603,15.3914,-3.9865
14.8008,-4.3556,14.9238,-5.2415
-14.8026,-18.6282,-15.3932,-18.7020
-14.8026,-18.7512,-14.8026,-18.6282
-14.8026,-18.7512,-15.3686,-18.8251
14.8254,-4.2079,8.5750,-5.0200
14.8500,-4.0603,14.8008,-4.0603
14.8746,-4.6509,14.8008,-4.0603
14.8746,-4.6509,14.9238,-4.6509
-14.8764,-17.9146,-15.4916,-17.9884
-14.9010,-17.8654,-14.9995,-17.1763
14.9238,-4.6509,15.4160,-8.3175
14.9238,-5.2415,14.9976,-5.2415
14.9484,-1.2796,14.6039,1.4273
14.9484,-1.2796,15.0961,-1.2550
14.9484,-22.4917,14.9976,-23.0084
-14.9748,-17.1271,-14.8764,-17.9146
14.9976,-23.0084,14.6285,-23.0576
-14.9995,-17.1763,-15.5900,-17.2502
-14.9995,-17.1763,-15.7377,-17.2748
15.0222,-1.9440,15.1945,-1.9194
15.0222,-1.9440,15.2929,-4.0111
15.0961,-1.2550,14.4563,-1.3534
15.0961,-1.2550,14.9484,-1.2796
15.0961,-1.2550,15.1945,-1.9194
15.1945,-1.9194,15.0222,-1.9440
15.1945,-1.9194,15.0961,-1.2550
15.2929,-4.0111,15.0222,-1.9440
15.2929,-4.0111,15.3914,-3.9865
-15.2948,-19.4157,-14.6549,-24.4603
-15.3194,-19.2680,-15.3686,-18.8251
15.3421,-27.1179,7.0493,-28.2007
-15.3440,-14.4695,-15.9346,-14.5433
15.3668,-4.6017,15.4652,-4.5771
15.3668,-4.6017,15.7851,-7.6531
1.5371,-39.2743,1.5617,-39.4465
1.5371,-39.2743,2.2507,-39.1758
15.3914,-27.4132,15.3421,-27.1179
15.3914,-27.4132,15.3914,-27.4132
15.3914,-3.9865,15.2929,-4.0111
15.3914,-3.9865,15.4652,-4.5771
15.3914,-3.9865,15.4898,-4.5771
15.4160,-8.3175,7.3692,-9.3756
-15.4178,-13.9035,-15.4178,-14.0265
-15.4178,-13.9035,-16.0084,-13.9773
-15.4178,-14.0265,-15.9838,-14.1003
-15.4424,-13.0668,-16.1068,-13.1652
15.4652,-4.5771,14.8746,-4.6509
15.4652,-4.5771,15.3914,-3.9865
-15.4670,-13.0422,-15.4670,-13.0422
-15.4670,-13.0422,-15.5654,-12.2794
15.4898,-4.5771,15.3668,-4.6017
-15.4916,-17.9884,-15.3932,-18.7020
-15.5162,-17.9392,-14.9010,-17.8654
-15.5162,-17.9392,-15.5162,-17.9392
-15.5408,-12.2301,-15.4424,-13.0668
-15.5654,-12.2794,-16.3037,-12.3532
-15.5654,-12.2794,-16.3775,-12.3778
-15.5900,-17.2009,-14.9748,-17.1271
-15.5900,-17.2502,-15.5162,-17.9392
-15.6639,-17.9638,-14.9010,-17.8654
15.6867,-31.3997,15.6867,-31.3997
15.6867,-31.3997,16.1296,-31.3505
-15.7377,-17.2748,-16.2791,-13.1406
15.7851,-7.6531,15.3668,-4.6017
15.7851,-7.6531,39.6056,-4.5525
15.8343,-32.6055,15.6867,-31.3997
-15.8361,-31.7442,-15.8853,-31.3259
-15.8361,-31.7442,-16.7466,-31.8673
-15.8853,-31.3259,-13.6952,-31.0552
-15.9099,-14.6663,-13.0062,-14.2972
-15.9099,-14.6663,-15.5900,-17.2009
-15.9346,-14.5433,-15.9838,-14.1003
-15.9346,-30.9322,-15.8361,-31.7442
15.9573,-8.0960,20.8051,-7.4562
16.0558,-8.8588,15.9573,-8.0960
-16.1068,-13.1652,-16.0084,-13.9773
-1.6127,-25.1001,-1.6619,-24.7310
16.1296,-31.3505,16.2772,-32.5563
-16.2052,-13.1406,-15.4670,-13.0422
-16.2299,-12.3286,-15.5408,-12.2301
16.2772,-32.5563,15.8343,-32.6055
-16.2791,-13.1406,-15.4670,-13.0422
-16.3037,-12.3532,-16.2052,-13.1406
-16.3775,-12.3778,-16.6974,-9.9170
-16.5251,-9.9662,-16.2299,-12.3286
-1.6619,-24.7310,-1.1206,-24.6572
-16.6974,-9.9170,5.6712,-6.9886
-16.7466,-31.8673,-15.8361,-31.7442
-16.7466,-31.8673,-16.7466,-31.8673
-16.7466,-31.8673,-16.8451,-31.0552
-16.7712,-31.6212,-23.7353,-32.5317
-16.7958,-31.4489,-16.7466,-31.8673
-16.7958,-50.8400,-16.8204,-50.7416
-16.8204,-50.7416,-16.8943,-50.6678
-16.8204,-50.7662,-16.8943,-50.7170
-16.8204,-50.8646,-16.8204,-50.7662
-16.8451,-31.0552,-15.9346,-30.9322
-16.8451,-50.9138,-16.7958,-50.8400
-16.8697,-50.8646,-19.4781,-51.2091
-16.8943,-50.9384,-16.8204,-50.8646
16.9171,-40.4801,17.2862,-40.4308
-16.9189,-50.5693,-16.8697,-50.8646
-16.9189,-50.9630,-16.8451,-50.9138
16.9663,-40.9968,16.9171,-40.4801
16.9663,-40.9968,16.9663,-40.9968
-16.9927,-50.9384,-16.8943,-50.9384
-17.0173,-50.5693,-17.0419,-50.4217
-17.0173,-50.9384,-16.9189,-50.9630
-17.0419,-50.4217,-19.4289,-50.7170
-17.0419,-50.8646,-16.9927,-50.9384
-17.0665,-50.8646,-17.0173,-50.9384
-17.2142,-9.5233,-14.4827,-30.5385
-17.2142,-9.5233,-9.3642,-8.4897
17.2862,-40.4308,17.3600,-40.9476
17.3600,-40.9476,16.9663,-40.9968
17.4830,-50.2740,18.2213,-50.4217
17.4830,-50.2740,18.3197,-46.2875
17.5323,-45.3524,17.9014,-45.3032
17.6061,-45.8692,17.5323,-45.3524
17.6061,-45.8692,17.6061,-45.8692
17.6307,-46.0661,17.5323,-45.3524
17.9014,-45.3032,17.9752,-45.8200
17.9014,-45.3032,17.9998,-46.0169
17.9752,-45.8200,17.6061,-45.8692
17.9998,-46.0169,18.3935,-45.9676
-1.8096,-43.5807,-1.7850,-43.7283
18.2213,-50.4217,17.4830,-50.2740
18.2213,-50.4217,19.1810,-45.7708
18.2213,-50.4217,9.8546,-48.6991
18.3197,-46.2875,9.6085,-47.4195
18.3935,-45.9676,18.4427,-45.6231
18.4427,-45.6231,17.4830,-50.2740
18.4427,-45.6231,19.1810,-45.7708
1.9062,-43.1131,0.6512,-43.2608
19.1072,-46.1645,18.2213,-50.4217
19.1810,-45.7708,18.4427,-45.6231
19.1810,-45.7708,19.1810,-45.7708
19.1810,-45.7708,19.1810,-45.8692
19.1810,-45.8692,25.7267,-45.0079
-19.3058,-51.2337,-19.2566,-51.1599
-1.9326,-43.7529,-1.7850,-43.7283
-19.3305,-51.2337,-19.2812,-51.1599
-19.3797,-31.9411,-19.4043,-31.7935
-19.3797,-51.2830,-19.3058,-51.2337
-19.4043,-31.7935,-16.7958,-31.4489
-19.4289,-50.7170,-19.4043,-50.8892
-19.4289,-51.2583,-19.3305,-51.2337
-19.4781,-51.0369,-19.5273,-51.1353
-19.4781,-51.2091,-19.5273,-50.9138
-19.4781,-51.2583,-19.3797,-51.2830
-19.5027,-51.0123,-19.5519,-51.0861
-19.5027,-51.2091,-19.4289,-51.2583
-19.5273,-50.9138,-16.9189,-50.5693
-19.5273,-50.9138,-19.5273,-50.9138
-19.5273,-51.1353,-19.5027,-51.2091
-19.5519,-51.0861,-19.5519,-51.1845
-19.5519,-51.1845,-19.4781,-51.2583
-1.9572,-43.6053,-1.9326,-43.7529
1.9800,-46.3614,2.7429,-46.3368
-19.9949,-32.0149,-19.3797,-31.9411
-20.0195,-31.8673,-19.9949,-32.0149
2.0292,-48.4038,-7.4202,-49.6342
2.0292,-51.0123,2.0785,-51.1107
2.0539,-50.9384,2.0292,-51.0123
2.0539,-50.9630,2.0785,-51.0369
2.0785,-39.3973,1.5617,-39.4465
2.0785,-51.0369,2.1277,-51.1107
2.0785,-51.1107,2.1769,-51.1353
20.8051,-7.4562,20.9035,-8.1698
20.8297,-7.6531,21.1988,-7.6038
20.9035,-8.1698,20.8297,-7.6531
20.9035,-8.1698,20.9035,-8.1698
20.9035,-8.1698,21.2727,-8.1206
2.1031,-50.8646,2.0539,-50.9384
2.1031,-50.8892,2.0539,-50.9630
2.1031,-51.0369,1.9062,-43.1131
2.1031,-51.0369,1.9800,-46.3614
2.1031,-51.0369,2.0292,-48.4038
2.1031,-51.0369,2.1031,-51.0369
21.1742,-7.4070,23.4382,-7.1117
21.1988,-7.6038,21.2727,-8.1206
21.2727,-8.1206,20.9035,-8.1698
21.2727,-8.1206,21.1742,-7.4070
2.1277,-51.1107,2.2261,-51.1107
21.4941,-12.5008,21.8633,-12.4516
21.5433,-13.0422,21.4941,-12.5008
21.5433,-13.0422,21.5433,-13.0422
2.1769,-51.1353,2.2507,-51.1107
-2.1787,-43.7037,-2.1295,-43.6299
21.8633,-12.4516,21.9125,-12.9930
21.9125,-12.9930,21.5433,-13.0422
-2.2033,-43.7037,-2.1541,-43.6299
2.2261,-51.1107,2.2999,-51.0369
22.3062,-40.7261,22.3062,-40.8738
22.3062,-40.8738,22.3800,-40.9968
22.3800,-40.6031,22.3062,-40.7261
22.3800,-40.9968,22.5031,-41.0707
22.5031,-40.5293,22.3800,-40.6031
22.5031,-41.0707,22.6261,-41.0953
2.2507,-39.1758,2.6444,-42.2518
2.2507,-51.1107,2.3245,-51.0369
-2.2525,-16.0690,-2.2525,-16.0690
-2.2525,-16.0690,-2.7693,-16.1182
-2.2525,-43.7529,-2.1787,-43.7037
22.6261,-40.5047,22.5031,-40.5293
22.6261,-41.0953,22.7737,-41.0460
22.6507,-21.4827,23.0198,-21.4335
22.7245,-21.9995,22.6507,-21.4827
22.7245,-21.9995,22.7245,-21.9995
22.7737,-40.5539,22.6261,-40.5047
22.7737,-41.0460,22.8722,-40.9476
22.8722,-40.6523,22.7737,-40.5539
22.8722,-40.9476,22.8968,-40.8000
22.8968,-40.8000,22.8722,-40.6523
22.8968,-40.8000,22.8968,-40.8000
-2.3018,-15.6753,-2.2525,-16.0690
-2.3018,-43.7283,-2.2033,-43.7037
23.0198,-21.4335,23.0936,-21.9503
-23.0709,-51.6767,-23.0955,-51.5782
23.0936,-21.9503,22.7245,-21.9995
-23.0955,-51.5782,-23.1693,-51.5044
-23.0955,-51.6029,-23.1693,-51.5536
-23.0955,-51.7013,-23.0955,-51.6029
23.1183,-26.0352,23.1921,-26.4781
-23.1201,-51.7505,-23.0709,-51.6767
-23.1447,-51.6767,-23.1693,-51.3814
-23.1693,-51.3814,-23.3169,-51.4060
-23.1693,-51.7751,-23.0955,-51.7013
23.1921,-26.4781,23.7827,-26.4043
-23.1939,-51.7997,-23.1201,-51.7505
-23.2677,-51.7751,-23.1693,-51.7751
-23.2923,-51.7751,-23.1939,-51.7997
-23.3169,-51.4060,-23.3415,-51.2583
-23.3169,-51.7013,-23.2677,-51.7751
-23.3415,-51.2583,-25.5809,-51.5290
-23.3415,-51.7013,-23.2923,-51.7751
-23.3662,-51.0861,-23.3415,-51.2583
23.4382,-7.1117,23.5366,-7.8253
23.4628,-7.3085,23.8319,-7.2593
-2.3510,-15.2815,-2.3018,-15.6753
-2.3510,-43.5068,-2.4002,-43.6053
-2.3510,-43.7283,-2.2525,-43.7529
23.5366,-7.8253,23.4628,-7.3085
23.5366,-7.8253,23.5366,-7.8253
23.5366,-7.8253,23.9057,-7.7761
-23.7107,-32.6547,-23.7353,-32.3594
-23.7107,-32.6547,-24.3013,-32.7286
23.7335,-25.9614,23.1183,-26.0352
-23.7353,-32.3594,-20.0195,-31.8673
-2.3756,-15.2815,-2.5724,-13.7066
-2.3756,-43.4822,-2.4248,-43.5561
-2.3756,-43.6791,-2.3018,-43.7283
23.7581,-30.3662,23.7581,-30.3662
23.7581,-30.3662,24.2256,-30.2924
23.7827,-26.4043,23.7335,-25.9614
23.7827,-26.4043,23.7827,-26.4043
-23.7845,-32.0641,-23.7107,-32.6547
23.8073,-7.0625,28.9011,-6.3981
23.8319,-7.2593,23.9057,-7.7761
23.9057,-7.7761,23.5366,-7.8253
23.9057,-7.7761,23.8073,-7.0625
23.9303,-31.5474,23.7581,-30.3662
-2.4002,-15.2815,-2.5970,-13.7066
-2.4002,-43.6053,-2.3756,-43.6791
24.2256,-30.2924,24.3733,-31.4982
-2.4248,-43.5561,-2.4248,-43.6545
-2.4248,-43.6545,-2.3510,-43.7283
-24.3013,-32.7286,-23.7107,-32.6547
-24.3013,-32.7286,-24.3013,-32.7286
-24.3013,-32.7286,-24.3751,-32.1380
-24.3259,-32.6055,-28.4354,-33.1469
-24.3505,-32.4333,-24.3013,-32.7286
24.3733,-31.4982,23.9303,-31.5474
-24.3751,-32.1380,-23.7845,-32.0641
2.4476,-42.2764,2.0785,-39.3973
24.9885,-39.4219,25.3576,-39.3727
25.0623,-39.9633,24.9885,-39.4219
25.0623,-39.9633,25.0623,-39.9633
25.3576,-39.3727,25.4314,-39.9141
25.4314,-39.9141,25.0623,-39.9633
-2.5478,-13.6820,-2.8923,-11.1966
-25.5563,-51.7505,-26.1715,-51.8243
-25.5809,-51.5290,-25.6055,-51.3322
-25.6055,-51.3322,-25.5563,-51.7505
-25.6055,-51.3322,-26.2207,-51.4306
-25.6055,-51.3814,-23.3662,-51.0861
25.6283,-44.2943,25.9974,-44.2451
25.7021,-44.8357,25.6283,-44.2943
25.7021,-44.8357,25.7021,-44.8357
2.5706,-9.5479,1.0695,-9.7447
25.7267,-45.0079,25.6283,-44.2943
25.9974,-44.2451,26.0712,-44.7865
25.9974,-44.2451,26.0958,-44.9587
26.0712,-44.7865,25.7021,-44.8357
26.0958,-44.9587,33.7981,-43.9498
-26.1715,-51.8243,-26.1715,-51.8243
-26.1715,-51.8243,-26.2207,-51.4306
2.6198,-9.8924,2.5706,-9.5479
-26.2207,-46.5828,-26.2699,-46.1891
-26.2207,-46.5828,-26.8359,-46.6567
-26.2207,-51.4306,-25.6055,-51.3322
-26.2207,-51.4306,-26.8359,-46.6567
-26.2699,-46.1891,-26.2207,-46.5828
-26.2699,-46.1891,-26.8851,-46.2629
2.6444,-42.2518,2.8659,-51.0123
-26.4914,-51.6521,-30.9454,-52.2427
-26.6882,-46.6320,-26.0484,-51.4060
-26.8113,-42.0796,-26.8605,-41.6859
-26.8113,-42.0796,-27.4265,-42.1780
-26.8359,-46.6567,-26.2207,-46.5828
-26.8359,-46.6567,-26.8359,-46.6567
-26.8359,-46.6567,-26.8851,-46.2629
-26.8605,-41.6859,-26.8113,-42.0796
-26.8605,-41.6859,-27.4757,-41.7597
-26.8851,-46.2629,-26.2699,-46.1891
-26.8851,-46.2629,-27.4265,-42.1780
-2.6955,-15.3307,-2.3510,-15.2815
-2.6955,-15.3307,-2.6463,-15.7245
-27.2542,-42.1534,-26.7374,-46.2383
-27.4265,-42.1780,-26.8113,-42.0796
-27.4265,-42.1780,-27.4265,-42.1780
-27.4265,-42.1780,-27.4757,-41.7597
2.7429,-46.3368,2.8659,-51.0123
-27.4757,-41.7597,-26.8605,-41.6859
-27.4757,-41.7597,-28.0171,-37.6501
-27.5987,-36.0506,-27.6479,-35.6569
-27.5987,-36.0506,-28.2139,-36.1245
-27.6233,-37.7486,-27.8202,-37.7732
-27.6479,-35.6569,-27.5987,-36.0506
-27.6479,-35.6569,-28.0417,-35.7061
-2.7693,-16.1182,-2.8185,-15.7491
-2.7693,-16.1182,-2.9170,-16.1428
27.7692,-25.8137,27.9168,-25.4938
-27.7956,-37.6255,-27.9925,-36.0998
-27.8202,-37.7732,-27.3034,-41.7351
-27.8448,-36.0752,-27.6233,-37.7486
27.9168,-25.4938,39.3595,-23.9681
2.7921,-48.3054,2.8659,-51.0123
-2.7939,-41.1937,-2.7693,-41.1937
-2.7939,-41.2183,-3.4337,-41.2921
-27.9678,-35.0417,-27.8940,-35.6815
-27.9925,-36.0998,-27.5987,-36.0506
-28.0171,-37.6501,-27.7956,-37.6255
-28.0417,-35.7061,-28.1155,-35.2140
-28.1155,-35.2140,-28.3370,-35.2632
-2.8185,-15.7491,-2.3018,-15.6753
-28.1893,-35.0909,-27.9678,-35.0417
-28.2139,-36.1245,-28.2139,-36.1245
-28.2139,-36.1245,-28.2631,-35.7307
-28.2631,-35.7307,-27.6479,-35.6569
-28.3124,-37.7240,-26.4914,-51.6521
-28.3370,-35.2632,-28.6323,-32.9992
-28.4354,-33.1469,-28.1893,-35.0909
-28.6323,-32.9992,-24.3505,-32.4333
-28.6323,-35.2632,-28.3124,-37.7240
2.8659,-51.0123,2.1031,-51.0369
28.9011,-6.3981,28.9996,-7.1117
-2.8923,-11.1966,-2.8923,-11.1966
-2.8923,-11.1966,-3.4091,-11.2704
28.9257,-6.5949,29.2949,-6.5457
-28.9768,-32.7286,-28.9522,-32.7286
28.9996,-7.1117,28.9257,-6.5949
28.9996,-7.1117,28.9996,-7.1117
28.9996,-7.1117,29.3687,-7.0625
-29.0014,-32.4333,-28.6323,-35.2632
-2.9170,-13.7312,-2.5478,-13.6820
29.2702,-6.3488,36.9479,-5.3645
29.2949,-6.5457,29.3687,-7.0625
29.3687,-7.0625,28.9996,-7.1117
29.3687,-7.0625,29.2702,-6.3488
-2.9416,-10.8275,-2.8923,-11.1966
-2.9416,-10.8275,-2.9662,-10.6306
29.5655,-11.4673,29.9347,-11.4181
29.6148,-11.9841,29.5655,-11.4673
29.6148,-11.9841,29.6148,-11.9841
-2.9662,-10.6306,2.6198,-9.8924
-2.9662,-15.7983,-2.8185,-15.7737
-2.9662,-15.7983,-2.9170,-16.1428
29.9347,-11.4181,30.0085,-11.9348
30.0085,-11.9348,29.6148,-11.9841
-3.0400,-12.6977,-7.8385,-13.3375
-3.0400,-12.8207,-7.8139,-13.4605
-30.9454,-52.2427,-33.4554,-33.0239
-31.1915,-52.7348,-23.1447,-51.6767
-31.1915,-52.7348,-31.1669,-52.7348
-31.1915,-52.7348,-31.1915,-52.7348
-31.1915,-52.7348,-33.7507,-33.0485
31.8295,-29.3081,31.8295,-29.3081
31.8295,-29.3081,32.2970,-29.2342
32.0017,-30.4892,31.8295,-29.3081
-3.2122,-41.2921,-3.1876,-41.4398
32.2970,-29.2342,32.4447,-30.4400
-3.2369,-11.2458,-2.9170,-13.7312
32.4447,-30.4400,32.0017,-30.4892
33.0599,-38.3884,33.4290,-38.3392
33.1337,-38.9052,33.0599,-38.3884
33.1337,-38.9052,33.1337,-38.9052
-3.3353,-41.4644,-3.1876,-41.4398
33.4290,-38.3392,33.5028,-38.8559
-33.4554,-33.0239,-33.7507,-33.0485
33.5028,-38.8559,33.1337,-38.9052
-3.3599,-10.3107,-3.2861,-10.8767
-3.3599,-41.3167,-3.3353,-41.4644
33.6997,-43.2608,34.0688,-43.2115
-33.7507,-33.0485,-14.4827,-30.5385
-33.7507,-33.0485,-31.1915,-52.7348
33.7735,-43.7775,33.6997,-43.2608
33.7735,-43.7775,33.7735,-43.7775
33.7981,-43.9498,33.6997,-43.2608
34.0688,-43.2115,34.1426,-43.7283
34.0688,-43.2115,34.1672,-43.9006
-3.4091,-11.2704,-3.4583,-10.9013
34.1426,-43.7283,33.7735,-43.7775
34.1672,-43.9006,41.8695,-42.9162
-3.4337,-41.2675,-2.7939,-41.1691
-3.4337,-41.2675,-3.4091,-41.2675
-3.4583,-10.9013,-2.9416,-10.8275
-35.3994,-38.9052,-36.0146,-39.0036
-35.4487,-36.3951,-35.3994,-38.9052
-36.0146,-39.0036,-36.0146,-39.0036
-36.0146,-39.0036,-36.0393,-36.4936
-36.0393,-36.4936,-35.4487,-36.3951
36.9479,-5.3645,37.1448,-4.8724
37.1448,-4.8724,15.7851,-7.6531
-3.8274,-16.2658,-4.3196,-16.3397
-3.8767,-15.8967,-3.8274,-16.2658
-3.8767,-15.8967,-4.3688,-15.9705
38.7689,-19.3418,39.2119,-19.2926
39.2119,-19.2926,39.8271,-23.9189
39.3595,-23.9681,38.7689,-19.3418
39.4579,-24.5833,39.4579,-24.5833
39.4579,-24.5833,39.9009,-24.5095
39.6056,-4.5525,52.1556,-12.5746
39.8271,-23.9189,53.3860,-22.1471
39.8517,-24.2142,27.7692,-25.8137
39.9009,-24.5095,40.5407,-29.3819
40.0731,-29.4557,39.4579,-24.5833
-4.0489,-10.7783,-3.3107,-10.6798
40.5407,-29.3819,40.0731,-29.4557
-4.0981,-10.4092,-4.0489,-10.7783
41.1559,-37.3302,41.5250,-37.2810
41.2051,-37.8470,41.1559,-37.3302
41.2051,-37.8470,41.2051,-37.8470
-4.1474,-11.0982,-3.4337,-10.9997
-4.1474,-11.0982,-4.2212,-10.5568
-4.1474,-41.4152,-4.1227,-41.5628
41.5250,-37.2810,41.5988,-37.7978
41.5988,-37.7978,41.2051,-37.8470
41.7711,-42.2026,42.1648,-42.1534
41.8449,-42.7194,41.7711,-42.2026
41.8449,-42.7194,41.8449,-42.7194
41.8695,-42.9162,41.7711,-42.2026
42.1648,-42.1534,42.2140,-42.6702
42.1648,-42.1534,42.2386,-42.8670
42.2140,-42.6702,41.8449,-42.7194
42.2386,-42.8670,44.8963,-42.5225
-4.2704,-41.5874,-4.1227,-41.5628
-4.2950,-41.4398,-4.2704,-41.5874
-43.0525,-40.1602,-43.6677,-40.2586
-43.1017,-37.6501,-43.0525,-40.1602
-43.3970,-41.4644,-43.8646,-41.4644
-43.3970,-42.6948,-43.3970,-41.4644
4.3424,-9.3018,4.3916,-9.6709
-43.6677,-40.2586,-43.6677,-40.2586
-43.6677,-40.2586,-43.6923,-37.7486
4.3670,-9.3018,7.8367,-8.8588
-4.3688,-15.9705,-4.3196,-16.3397
-43.6923,-37.7486,-43.1017,-37.6501
-43.8400,-42.6948,-43.3970,-42.6948
-43.8646,-41.4644,-43.8400,-42.6948
-43.8646,-41.4644,-43.8646,-41.4644
4.3916,-9.6709,7.3692,-9.2772
44.4780,-42.8670,19.1072,-46.1645
44.5764,-43.6053,44.4780,-42.8670
44.8963,-42.5225,44.9701,-43.1131
44.9701,-43.1131,49.8671,-42.4733
4.5639,-9.7447,4.6377,-10.3353
4.6377,-10.3353,5.2529,-10.2615
47.9969,-27.1918,47.9969,-27.1918
47.9969,-27.1918,48.4398,-27.1426
48.1445,-28.3976,47.9969,-27.1918
48.4398,-27.1426,48.6121,-28.3483
48.6121,-28.3483,48.1445,-28.3976
49.1535,-36.3705,49.6702,-36.2967
49.2027,-36.7397,49.1535,-36.3705
49.6702,-36.2967,49.7194,-36.6658
49.6702,-36.2967,50.6792,-36.1491
49.6948,-36.4690,50.7038,-36.3459
49.7194,-36.6658,49.2027,-36.7397
49.7194,-36.6658,49.7194,-36.6658
49.7687,-41.7105,49.9163,-41.6859
49.8425,-41.1199,49.8425,-41.1445
49.8425,-41.1199,50.2362,-41.0953
49.8425,-41.1445,49.2765,-36.7150
49.8671,-42.4733,49.7687,-41.7105
49.9163,-41.6612,49.8425,-41.1199
49.9163,-41.6612,49.9163,-41.6612
49.9163,-41.6859,49.8425,-41.1199
50.0394,-41.1199,49.4734,-36.6904
50.2362,-41.0953,50.2854,-41.6120
50.2362,-41.0953,50.3100,-41.7597
50.2854,-41.6120,49.9163,-41.6612
50.2854,-42.1042,50.3839,-42.8670
50.3100,-41.7597,50.3100,-41.7597
50.3100,-41.7597,50.3100,-41.7843
50.3100,-41.7843,52.5494,-41.5136
50.3839,-42.8670,44.5764,-43.6053
-5.0578,-37.1334,-5.3531,-34.7956
50.7038,-36.3459,50.6792,-36.1491
50.9745,-37.7732,50.9498,-37.7978
51.1467,-39.4465,50.9252,-37.7978
51.1959,-39.4711,50.9745,-37.7978
51.5404,-33.7375,54.3211,-33.3684
-5.1563,-41.4890,-5.1317,-41.4890
-5.1563,-41.4890,-5.8207,-41.5628
51.5650,-36.0506,51.5897,-36.2229
51.5650,-36.0506,51.8357,-36.0014
51.5897,-36.2229,51.8603,-36.1983
5.1791,-9.6463,4.5639,-9.7447
5.1791,-9.6463,5.1791,-9.6463
52.1310,-34.1804,53.1153,-41.7351
52.1556,-12.5746,54.9117,-33.8113
5.2529,-10.2615,5.1791,-9.6463
-5.2547,-34.7710,-5.7223,-34.8448
52.5494,-41.5136,51.5404,-33.7375
5.2775,-6.5949,-0.3085,-7.3085
5.2775,-6.5949,5.9419,-1.6241
52.9185,-22.5163,39.8517,-24.2142
-5.3039,-41.5628,-5.2793,-41.7105
53.1153,-41.7351,50.2854,-42.1042
5.3267,-14.6171,5.6958,-14.5679
53.3860,-22.1471,54.9117,-33.8113
-5.3531,-34.7956,-5.7223,-34.8448
5.4005,-15.1339,5.3267,-14.6171
-5.4024,-37.1580,-5.6977,-34.8941
-5.4270,-25.6169,-5.4270,-25.6169
-5.4270,-25.6169,-5.9437,-25.6661
-5.4270,-25.6169,-6.4359,-25.7399
-5.4270,-34.2789,-5.3531,-34.7956
-5.4270,-41.7351,-5.2793,-41.7105
54.3211,-33.3684,52.9185,-22.5163
-5.4516,-37.4779,-5.4762,-37.1826
-5.4516,-37.4779,-5.5008,-37.4779
-5.4516,-41.5874,-5.4270,-41.7351
-5.4762,-25.2231,-5.4270,-25.6169
-5.4762,-37.1826,0.0606,-36.4444
-5.4762,-37.1826,-5.4762,-37.1826
54.9117,-33.8113,52.1310,-34.1804
-5.5008,-37.4779,-5.5500,-37.0103
-5.5500,-37.0103,-5.4270,-37.0103
-5.5500,-43.3838,-5.7961,-41.6120
-5.5746,-43.4084,-5.5500,-43.4084
-5.6238,-34.3035,-6.1406,-30.3416
5.6712,-6.9886,6.3849,-1.6979
5.6958,-14.5679,5.6958,-14.5679
5.6958,-14.5679,5.7697,-15.0847
-5.7223,-34.8448,-5.7223,-34.8448
-5.7223,-34.8448,-5.7961,-34.3281
5.7450,-7.0625,6.4341,-1.7718
5.7697,-15.0847,5.4005,-15.1339
-5.7961,-34.2543,-5.8699,-34.2543
-5.7961,-34.3281,-5.4270,-34.2789
-5.7961,-34.3281,-5.6238,-34.3035
-5.7961,-34.9187,-5.6977,-34.8941
-5.7961,-41.6120,-5.1563,-41.5136
5.8189,-1.5995,5.8189,-1.5995
5.8189,-1.5995,5.8927,-0.9597
5.8189,-1.5995,5.9419,-1.6241
-5.8207,-41.5874,-5.5992,-43.4084
-5.8207,-41.5874,-5.7961,-41.5874
-5.8453,-30.2678,-5.2547,-34.7710
-5.8453,-49.4127,-5.8699,-49.3143
-5.8699,-34.2543,-5.7961,-34.9187
-5.8699,-49.3143,-5.9437,-49.2405
-5.8699,-49.3389,-5.9437,-49.2897
-5.8699,-49.4374,-5.8699,-49.3389
5.8927,-0.9597,5.8189,-1.5995
5.8927,-0.9597,6.0157,-0.9843
5.8927,-0.9597,6.5571,-1.0581
-5.8945,-29.8002,-0.5546,-29.1112
-5.8945,-29.8002,-5.8945,-29.8002
-5.8945,-49.4374,-6.7312,-42.9901
-5.8945,-49.4866,-5.8453,-49.4127
-5.9191,-16.4873,-4.3196,-16.2904
-5.9191,-16.5119,-4.3196,-16.3151
-5.9191,-16.5365,-5.9683,-16.1920
5.9419,-1.6241,5.2775,-6.5949
5.9419,-1.6241,5.8189,-1.5995
-5.9437,-25.6661,-5.9929,-25.2970
-5.9437,-30.3170,-6.3128,-30.3662
-5.9437,-49.5112,-5.8699,-49.4374
-5.9683,-16.1920,-7.7647,-16.4135
-5.9683,-49.5358,-5.8945,-49.4866
-5.9929,-25.2970,-5.4762,-25.2231
6.0157,-0.9843,5.8927,-0.9597
6.0157,-0.9843,6.6063,3.4205
-6.0176,-29.7756,-5.9437,-30.3170
-6.0422,-49.5112,-5.9437,-49.5112
-6.0668,-49.5112,-5.9683,-49.5358
-6.0914,-49.4374,-6.0422,-49.5112
-6.1160,-49.4374,-6.0668,-49.5112
-6.1406,-30.3416,-6.3128,-30.3662
-6.1898,-29.8002,-6.7066,-25.8383
-6.2390,-49.1667,-7.4448,-49.3389
-6.2882,-30.4154,-5.7961,-34.2543
-6.3128,-30.3662,-6.3128,-30.3662
-6.3128,-30.3662,-6.3867,-29.8248
-6.3621,-30.4400,-6.2882,-30.4154
6.3849,-1.6979,6.4587,-1.6979
-6.3867,-29.7756,-6.4605,-29.7756
-6.3867,-29.8248,-6.0176,-29.7756
-6.3867,-29.8248,-6.1898,-29.8002
6.4341,-1.7718,6.5079,-1.7718
-6.4359,-25.7399,-5.8945,-29.8002
-6.4359,-49.0190,-7.1003,-43.7775
6.4587,-1.6979,5.8189,-1.5995
6.4587,-1.6979,6.5571,-1.0581
6.4587,-23.5498,6.9016,-23.5006
-6.4605,-29.7756,-6.3621,-30.4400
6.4833,-1.0335,7.0247,3.0268
-6.4851,-25.2724,-6.4851,-25.3708
-6.4851,-25.3708,-5.4762,-25.2231
6.5079,-1.7718,6.6309,-0.9843
-6.5343,-25.8137,-6.9034,-25.8629
6.5571,-0.9843,7.0739,2.9530
6.5571,-1.0581,6.4587,-1.6979
6.5571,-1.0581,6.4833,-1.0335
6.6063,3.4205,6.0157,-0.9843
6.6063,3.4205,8.9441,3.7158
-6.6081,-25.2970,-6.5343,-25.8137
-6.6081,-25.2970,-7.6909,-16.8564
6.6309,-0.9843,6.5571,-0.9843
-6.6820,-42.9901,-6.7804,-42.3749
-6.6820,-42.9901,-7.2972,-43.0639
-6.7066,-25.8383,-6.9034,-25.8629
-6.7312,-42.9901,-6.6820,-42.9901
-6.7804,-42.3749,-6.6820,-42.9901
-6.7804,-42.3749,-6.8296,-42.3995
-6.8296,-42.3995,-7.4202,-37.7486
-6.8788,-25.9368,-6.3867,-29.7756
-6.8788,-25.9368,-6.9527,-25.9368
6.9016,-23.5006,7.4676,-27.8316
-6.9034,-25.8629,-6.9034,-25.8629
-6.9034,-25.8629,-6.9773,-25.3462
-6.9527,-25.2724,-8.0600,-16.8810
-6.9527,-25.9368,-7.0511,-25.2724
-6.9773,-25.3462,-6.4851,-25.2724
-6.9773,-25.3462,-6.6081,-25.2970
7.0247,-27.9054,6.4587,-23.5498
7.0247,3.0268,13.8165,3.9127
7.0493,-28.2007,7.7629,-33.6637
-7.0511,-25.2724,-6.9527,-25.2724
-7.0511,-43.0147,-6.2390,-49.1667
7.0739,2.9530,13.7672,3.8389
-7.1003,-43.7775,-11.5543,-44.3681
-7.1249,-42.4241,-7.3710,-42.4487
-7.1249,-43.6299,-9.8564,-43.9744
-7.1987,-43.0393,-7.1249,-43.6299
-7.2972,-37.7240,-7.3464,-37.2564
-7.2972,-43.0639,-7.0511,-43.0147
-7.2972,-43.0639,-7.3710,-42.4487
-7.3218,-48.9944,-7.3218,-49.1421
-7.3218,-49.1421,-6.4359,-49.0190
-7.3464,-10.8275,-4.0981,-10.4092
-7.3464,-10.9505,-4.2212,-10.5568
-7.3464,-10.9505,-7.3464,-10.8275
-7.3464,-37.2564,-7.6663,-37.3056
-7.3464,-37.7240,-7.2972,-37.7240
-7.3464,-37.7240,-7.3956,-37.4287
7.3692,-9.2772,7.3692,-9.3756
7.3692,-9.3756,7.4430,-9.9662
-7.3710,-42.4487,-6.7804,-42.3749
-7.3710,-42.4487,-7.2972,-43.0639
-7.3710,-42.4487,-7.3710,-42.4487
-7.3956,-37.4287,-7.3956,-37.4287
-7.3956,-37.4287,-7.7647,-37.4779
-7.3956,-49.7819,-7.4202,-49.6342
-7.3956,-49.7819,-7.9862,-49.8557
-7.4202,-37.7486,-7.3464,-37.7240
-7.4202,-49.6342,-5.8945,-49.4374
-7.4202,-49.6342,-7.3956,-49.7819
7.4430,-9.9662,16.0558,-8.8588
-7.4448,-49.3389,-7.4694,-49.1913
7.4676,-27.8316,7.0247,-27.9054
7.4676,-27.8316,7.4676,-27.8316
-7.4694,-49.1913,-7.3956,-49.7819
-7.4694,-49.1913,-8.0846,-49.2651
7.5414,-28.4468,15.3914,-27.4132
-7.5432,-40.4555,-7.2972,-42.4487
-7.6909,-16.8564,-8.0600,-16.9056
-7.7155,-16.7580,-5.9191,-16.5365
7.7383,-7.5546,7.8613,-6.5703
7.7629,-33.6637,8.2058,-33.5898
-7.7647,-16.3151,-7.6909,-16.8564
-7.7647,-37.4779,-7.1249,-42.4241
-7.8139,-13.4605,-7.4448,-16.3643
7.8367,-5.5614,7.9352,-4.8724
7.8367,-8.8588,7.8859,-9.3018
7.8613,-6.5703,7.9844,-6.5949
7.8859,-7.4316,8.6980,-7.3085
7.9598,-4.9462,7.9598,-4.9462
7.9598,-4.9462,8.5504,-4.8724
-7.9616,-37.3302,-7.5679,-40.3078
7.9844,-5.5860,7.8367,-5.5614
7.9844,-5.6844,7.9844,-5.5860
7.9844,-6.5949,7.8859,-7.4316
-7.9862,-49.8557,-7.3956,-49.7819
-7.9862,-49.8557,-8.0108,-49.7080
-7.9862,-49.8557,-8.0354,-49.5604
-8.0108,-12.1317,-7.8385,-13.3375
-8.0108,-49.7080,-7.9862,-49.8557
-8.0108,-49.7080,-9.2658,-49.8803
8.0336,-5.5614,7.9598,-4.9462
-8.0354,-49.5604,-8.0354,-49.5604
-8.0354,-49.5604,-8.0846,-49.2651
-8.0600,-16.9056,-8.0600,-16.9056
-8.0600,-16.9056,-8.1338,-16.3643
-8.0600,-49.4127,-9.5611,-49.6096
8.0828,-4.8970,7.9352,-4.8724
-8.0846,-49.2651,-7.4694,-49.1913
-8.0846,-49.2651,-8.0600,-49.4127
8.1074,-5.6844,7.9844,-5.6844
8.1320,-4.6509,8.0828,-4.8970
8.1320,-5.5368,8.1074,-5.6844
-8.1338,-16.3643,-7.7647,-16.3151
-8.1831,-12.2794,-7.6663,-16.4135
8.2058,-33.5898,7.5414,-28.4468
-8.2077,-33.0977,-7.6663,-37.3056
8.2304,-2.7807,8.3781,-2.8053
8.2304,-4.9216,8.2797,-4.6755
-8.2323,-11.0736,-8.2569,-10.9505
-8.2323,-49.2651,-8.2569,-49.1175
8.2551,-3.7158,8.4027,-3.7404
-8.2569,-11.9102,-8.2569,-11.9102
-8.2569,-11.9102,-8.7983,-11.9595
-8.2569,-49.1175,-7.3218,-48.9944
8.2797,-4.6755,8.1320,-4.6509
8.3043,-2.0917,8.2304,-2.7807
8.3043,-2.1409,8.3781,-2.8053
8.3043,-2.1409,8.9441,-2.0671
-8.3061,-11.5165,-8.2569,-11.9102
8.3781,-2.8053,8.2551,-3.7158
8.3781,-2.8053,8.3043,-2.1409
8.3781,-2.8053,8.3781,-2.8053
8.3781,-2.8053,9.0425,-2.7069
8.4027,-2.1163,8.3043,-2.0917
8.4027,-3.7404,8.5257,-2.7807
-8.4045,-30.2185,-8.8967,-30.2924
-8.4045,-30.2185,-9.3642,-22.9100
-8.4537,-33.4422,-7.9616,-37.3302
-8.5276,-33.1469,-8.2077,-33.0977
8.5504,-0.9351,8.4027,-2.1163
8.5504,-0.9351,8.7226,-0.9597
8.5504,-4.8724,8.6488,-5.4876
-8.5522,-12.2055,-8.0108,-12.1317
-8.5768,-11.9348,-8.5522,-12.2055
-8.5768,-30.0955,-8.8967,-27.6839
8.5996,-5.1677,14.8008,-4.3556
8.5996,-7.4562,7.7383,-7.5546
-8.6014,-11.5657,-8.6506,-11.1228
-8.6014,-32.6301,-8.5276,-33.1469
-8.6014,-32.6301,-8.7490,-32.6547
-8.6014,-8.3913,-1.0467,-7.4070
-8.6014,-8.3913,-8.8229,-6.7180
-8.6260,-11.4919,-8.6752,-11.2212
8.6488,-0.9351,8.5011,-2.1163
8.6488,-5.4876,8.0336,-5.5614
-8.6506,-11.1228,-8.2323,-11.0736
-8.6506,-12.3286,-8.2077,-12.2794
-8.6752,-11.2212,-8.7983,-11.2458
8.6980,-7.3085,8.8703,-8.7112
-8.6998,-11.9595,-8.6506,-12.3286
8.7226,-0.9597,8.7472,-0.6644
8.7472,-0.6644,8.5996,-0.6398
8.7472,-8.7358,7.8367,-8.8588
8.7472,-8.7358,8.5996,-7.4562
-8.7490,-11.4919,-8.6260,-11.4919
-8.7490,-11.5903,-8.7490,-11.4919
-8.7490,-32.6547,-8.6998,-33.1715
-8.7736,-7.7515,-8.8475,-7.1363
-8.7983,-11.2458,-8.8229,-11.0243
-8.7983,-11.9595,-8.8475,-11.5903
8.8210,1.0335,8.5996,-0.6398
8.8210,1.0335,9.6577,1.1566
-8.8229,-11.0243,-8.2569,-10.9505
-8.8229,-30.8337,-8.9951,-30.8584
-8.8229,-6.7180,-8.6014,-8.3913
-8.8229,-6.7180,-9.5611,-6.8164
8.8456,-41.5382,9.2148,-41.4890
-8.8475,-11.5903,-8.3061,-11.5165
-8.8475,-7.1363,-8.8475,-7.1363
-8.8475,-7.1363,-9.4381,-7.2347
8.8949,0.8859,8.6980,-0.6644
8.8949,0.8859,9.6823,0.9843
8.8949,-42.0550,8.8456,-41.5382
8.8949,-42.0550,8.8949,-42.0550
-8.8967,-30.2924,-8.8229,-30.8337
8.9195,3.9127,8.9441,3.7158
8.9195,3.9127,9.5101,3.9865
-8.9213,-27.5363,-9.0935,-26.2075
8.9441,-2.0671,8.3043,-2.1409
8.9441,-2.0671,9.0425,-2.7069
8.9441,3.7158,6.6063,3.4205
8.9441,3.7158,8.9195,3.9127
8.9687,-2.2639,8.9441,-2.0671
8.9933,3.2975,8.9195,3.9127
9.0179,-2.5100,14.5055,-1.7964
9.0425,-2.7069,8.3781,-2.8053
9.0425,-2.7069,9.0179,-2.5100
-9.0689,-30.2924,-8.9951,-30.8584
-9.0689,-30.2924,-9.5611,-30.3662
-9.0935,-26.2075,-9.6349,-26.2567
9.1409,-1.2550,11.8478,-0.9105
9.1409,-1.2550,8.5996,-1.3288
-9.1674,-25.5923,-9.5119,-22.9100
9.2148,-41.4890,9.2640,-42.0058
-9.2166,-26.1828,-9.5857,-26.2321
9.2640,-1.3534,11.7740,-1.0089
9.2640,-2.2393,9.1409,-1.2550
9.2640,-42.0058,8.8949,-42.0550
-9.2658,-49.8803,-31.1915,-52.7348
-9.2904,-25.6415,-9.2166,-26.1828
9.3624,-2.2147,9.2640,-1.3534
-9.3642,-7.8253,-8.7736,-7.7515
-9.3642,-8.4897,-17.2142,-9.5233
-9.3642,-8.4897,-9.3642,-8.4897
-9.3642,-8.4897,-9.5611,-6.8164
-9.4381,-7.2347,-9.3642,-7.8253
9.4608,-46.4106,9.8300,-46.3614
9.5101,3.9865,8.9195,3.9127
9.5101,3.9865,9.5101,3.9865
9.5101,3.9865,9.5347,3.7896
9.5101,3.9865,9.5839,3.3959
-9.5119,-22.9100,-9.3642,-22.9100
-9.5119,-49.9049,-8.0108,-49.7080
-9.5119,-49.9049,-9.5611,-49.9049
9.5347,3.7896,14.2102,4.4048
9.5347,3.7896,9.5101,3.9865
9.5347,-46.9273,9.4608,-46.4106
9.5347,-46.9273,9.5347,-46.9273
-9.5611,-30.3662,-9.5857,-30.2185
-9.5611,-49.6096,-9.5119,-49.9049
-9.5611,-6.8164,-8.8229,-6.7180
-9.5611,-6.8164,-9.3642,-8.4897
9.5839,3.3959,8.9933,3.2975
-9.5857,-26.2321,-9.5857,-26.2321
-9.5857,-26.2321,-9.6595,-25.6907
-9.5857,-30.2185,-8.5768,-30.0955
9.6085,-47.4195,9.4608,-46.4106
-9.6349,-26.2567,-9.7087,-25.6661
-9.6349,-49.4374,-8.2323,-49.2651
-9.6349,-49.4374,-9.5611,-49.9049
-9.6595,-25.6907,-9.2904,-25.6415
9.6823,0.9843,9.6577,1.1566
-9.7087,-25.6661,-9.1674,-25.5923
-9.7334,-21.1136,-9.5857,-21.1136
-9.7580,-21.0152,-10.2993,-21.0890
-9.7580,-21.0152,-9.7334,-21.1136
9.8300,-46.3614,9.9038,-46.8781
9.8300,-46.3614,9.9284,-47.0750
9.8546,-48.6991,10.0022,-47.9609
9.8546,-48.6991,14.5055,-49.6588
-9.8810,-21.0152,-10.2747,-21.0644
9.9038,-46.8781,9.5347,-46.9273
9.9284,-47.0750,17.6307,-46.0661
9.9284,-47.3703,2.7921,-48.3054
-9.9302,-18.5790,-9.5857,-21.1136
-9.9548,-20.4738,-9.8810,-21.0152
-9.9794,-43.9990,-11.5790,-44.1959
9.580203, 1.067025, 9.603703, 0.919619
9.603703, 0.919619, 9.050394, 0.851256
9.050394, 0.851256, 9.281117, -0.671946
9.281117, -0.671946, 11.355492, -0.411314
11.355492, -0.411314, 11.178176, 1.079843
11.178176, 1.079843, 10.637686, 1.022162
10.637686, 1.022162, 10.618459, 1.193069
11.738051, 1.328208, 12.143353, -1.495605
12.143353, -1.495605, 13.953915, -1.273022
13.953915, -1.273022, 13.551937, 1.401295
13.551937, 1.401295, 13.106771, 1.341497
13.106771, 1.341497, 13.076872, 1.514248
13.076872, 1.514248, 13.139992, 1.520892
