0.0114,-10.3353,0.0114,-10.3353
0.0114,-10.3353,-0.5792,-10.4092
0.0360,-33.6391,0.0852,-34.0082
0.0852,-10.9259,0.0114,-10.3353
0.0852,-34.0082,0.0852,-34.0082
0.0852,-34.0082,-0.4316,-34.0820
0.0852,-41.5628,-1.6619,-41.7843
0.1344,-41.7351,0.1098,-41.5382
-0.1855,-10.0154,-0.2101,-9.8924
-0.1855,-9.8924,-0.1609,-9.8924
-0.1855,-9.8924,-0.1855,-9.8924
-0.1855,-9.8924,-0.5054,-9.9416
-0.2101,-10.0154,-0.1855,-10.0154
-0.2101,-9.8924,-0.1855,-9.8924
-0.2593,-10.0400,-0.2101,-9.9662
-0.3085,-10.0400,-0.2101,-9.9170
-0.3085,-7.3085,5.2775,-6.5949
-0.3331,-10.0400,-0.2347,-9.8924
-0.3331,-9.9170,-0.3085,-9.9170
-0.3823,-10.0400,-0.2839,-9.8924
0.4051,-41.4398,0.4051,-41.4398
0.4051,-41.4398,0.6512,-43.2608
0.4051,-41.4398,0.9957,-41.3659
-0.4069,-29.3327,-0.4069,-29.3327
-0.4069,-29.3327,-0.4316,-29.2834
0.4297,-41.5136,0.1098,-41.5382
-0.4316,-10.0646,-0.3085,-9.9170
-0.4316,-29.2834,-0.5054,-29.3081
-0.4316,-29.3819,-0.4069,-29.3327
-0.4316,-34.0820,-0.4808,-33.7129
0.4543,-41.6859,0.1344,-41.7351
-0.4562,-10.0400,-0.3577,-9.9170
-0.4562,-10.0646,-0.1855,-10.0154
-0.4562,-6.6687,-0.5300,-6.0535
-0.4562,-9.9908,-0.4069,-9.9170
0.4789,-42.0304,0.4051,-41.4398
-0.4808,-29.5541,-5.8453,-30.2678
-0.4808,-33.7129,0.0360,-33.6391
-0.4808,-9.9416,-0.4562,-10.0646
-0.4808,-9.9416,-0.4562,-9.9170
-0.4808,-9.9416,-3.3599,-10.3107
-0.5054,-10.9997,0.0852,-10.9259
-0.5054,-29.3081,-0.5054,-29.3573
-0.5054,-29.3081,-0.5300,-29.3081
-0.5054,-29.3573,-0.4316,-29.3819
-0.5054,-29.3573,-0.5054,-29.3081
-0.5054,-5.6352,-0.3085,-7.3085
-0.5054,-9.9416,-0.4808,-9.9416
-0.5300,-29.3081,-0.5300,-29.3081
-0.5300,-29.3081,-0.5300,-29.3573
-0.5300,-29.3573,-0.5054,-29.3573
-0.5300,-6.0535,-0.5300,-6.0535
-0.5300,-6.0535,-1.1452,-6.1520
-0.5546,-29.1112,-0.4808,-29.5541
-0.5792,-10.4092,-0.5054,-10.9997
0.6512,-43.2608,2.6691,-43.0147
0.6758,-7.8253,0.6512,-7.7269
0.7988,-7.7023,5.7450,-7.0625
0.8235,-7.8007,0.6758,-7.8253
0.8235,-7.8007,0.7988,-7.7023
0.9219,-9.7447,-0.2101,-9.8924
0.9219,-9.7447,0.8973,-9.6463
0.9957,-41.3659,0.4051,-41.4398
0.9957,-41.3659,1.0941,-41.9565
10.0022,-47.9609,9.8546,-48.6991
10.0268,-8.5636,9.8300,-7.0625
-10.0779,-43.2362,-9.9548,-43.2115
-10.2009,-16.3643,-9.5611,-21.3105
-10.2009,-42.3995,-10.0779,-43.2362
10.2729,24.4603,-7.8385,25.8630
-10.2747,-21.0644,-10.2747,-21.0644
-10.2747,-21.0644,-10.3239,-20.5230
-10.2993,-21.0890,-9.7580,-21.0152
-10.3239,-20.5230,-9.9548,-20.4738
-10.3486,-20.6461,-10.2993,-21.0890
-10.3732,-16.3889,-10.2009,-16.3643
-10.3978,-17.2009,-10.7669,-17.2502
-10.4470,-14.5679,-10.5946,-14.5925
-10.4470,-16.6842,-10.3978,-17.2009
1.0449,-9.6217,0.8973,-9.6463
-1.0467,-6.7426,-0.4562,-6.6687
-1.0467,-7.4070,-1.2682,-5.7336
10.4944,-8.4897,10.0268,-8.5636
10.4944,-8.4897,12.9306,-8.1698
10.4944,-8.6128,7.8367,-8.9573
-10.5208,-44.6388,-10.5208,-44.7618
10.5436,-8.9573,10.4944,-8.4897
-10.5946,-13.4851,-10.4470,-14.5679
-10.5946,-14.5925,-10.7177,-13.7312
-10.5946,-44.0728,-10.5946,-44.1959
-10.5946,-44.1959,-11.4559,-44.3189
10.6420,-8.6374,12.7829,-8.3421
10.6912,-8.9327,10.6420,-8.6374
-10.6931,-12.5993,-11.0130,-10.2615
1.0695,-9.7447,1.0449,-9.6217
-1.0714,-25.0263,-1.0714,-25.0263
-1.0714,-25.0263,-1.6127,-25.1001
10.7159,1.2796,11.8478,1.4273
-10.7177,-13.7312,-14.9010,-14.2726
10.7405,1.1320,10.7159,1.2796
10.7405,1.1320,11.8724,1.2796
-10.7423,-13.5098,-10.5946,-13.4851
-10.7423,-13.5098,-10.7177,-13.6082
-10.7669,-17.2502,-10.7669,-17.2502
-10.7669,-17.2502,-10.8407,-16.7088
-10.7669,-49.9049,-10.8407,-49.3881
-10.8161,-50.0772,-10.8899,-49.4374
-10.8407,-16.7088,-10.4470,-16.6842
-10.8407,-49.3881,-11.7266,-49.4866
-10.8407,-49.8803,-11.6282,-49.9787
-10.8653,-12.6239,-10.6931,-12.5993
-10.8899,-49.4374,-10.8407,-49.8803
-10.8899,-49.4374,-11.6774,-49.5358
1.0941,-41.9565,0.4789,-42.0304
-11.0130,-12.3286,-11.4067,-12.3778
-11.0376,-11.1474,-10.8653,-12.6239
-11.0622,-11.0243,-11.1606,-10.2861
-11.0868,-11.8118,-11.0130,-12.3286
-11.1360,-9.2526,0.6512,-7.7269
-11.1360,-9.3756,-11.1360,-9.2526
-11.1606,-10.2861,-11.0130,-10.2615
-1.1206,-24.6572,-1.0714,-25.0263
-11.2837,-9.2772,-11.2837,-9.3756
-11.2837,-9.3756,-11.1360,-9.3756
-11.3821,-44.7618,-10.5208,-44.6388
-11.4067,-12.3778,-11.4067,-12.3778
-11.4067,-12.3778,-11.4559,-11.8610
-11.4067,-46.8781,-11.6528,-44.9095
1.1434,-42.4487,0.9957,-41.3659
1.1434,-42.4487,1.1434,-42.4487
-1.1452,-6.1520,-1.0467,-6.7426
-11.4559,-11.8610,-11.0868,-11.8118
-11.4559,-44.3189,-11.3821,-44.7618
-11.5051,-44.6880,-12.3172,-44.7865
-11.5543,-44.2451,-11.5051,-44.6880
-11.6036,-46.9027,-11.4067,-46.8781
-11.6282,-49.9787,-11.6282,-49.9787
-11.6282,-49.9787,-11.6774,-49.5358
-11.6528,-44.9095,-10.5208,-44.7618
-11.6528,-49.8803,-12.1203,-49.9295
-11.6774,-49.5358,-10.8899,-49.4374
-11.6774,-49.5358,-11.6528,-49.8803
-11.6774,-50.1756,-10.8161,-50.0772
-11.7020,-49.7080,-12.1941,-49.7819
-11.7266,-43.1623,-11.8004,-42.6210
11.7740,-1.0089,11.8970,-1.8948
-11.8004,-42.6210,-9.9548,-42.3749
11.8478,-0.9105,11.9709,-1.8702
11.8478,1.4273,11.8724,1.2796
-11.8989,-44.7372,-11.6036,-46.9027
-11.9481,-44.2451,-10.5946,-44.0728
-11.9481,-44.2943,-11.9481,-44.2451
-12.0711,-50.2494,-11.6774,-50.1756
-12.0711,-50.2494,-12.0711,-50.2494
-12.0957,-40.1848,-12.9078,-40.3078
-12.0957,-43.2115,-11.7266,-43.1623
-12.1203,-49.9295,-12.0711,-50.2494
-12.1203,-50.1510,-12.7109,-50.2248
-12.1449,-49.7819,-12.1203,-49.9295
-12.1695,-39.7418,-12.0957,-40.1848
-12.1941,-42.4979,-12.0957,-43.2115
-12.1941,-42.4979,-9.9794,-42.2272
-12.3172,-44.7865,-12.3172,-44.7865
-12.3172,-44.7865,-12.3664,-44.3435
-12.3664,-44.3435,-11.5543,-44.2451
-12.4156,-32.9746,-13.2031,-33.0977
-12.5879,-30.7599,-12.2926,-32.9746
-1.2682,-5.7336,-0.5054,-5.6352
-12.6863,-30.7845,-12.4156,-32.9746
-12.6863,-35.7553,-12.6863,-35.7553
-12.6863,-35.7553,-12.7601,-35.2386
-12.6863,-35.7553,-13.0800,-35.8046
-12.6863,-50.3232,-12.6863,-50.3232
-12.6863,-50.3232,-13.2031,-50.3971
-12.7355,-50.0279,-12.6863,-50.3232
-12.7601,-35.2386,-13.1293,-35.2632
-12.7601,-49.8557,-12.7355,-50.0279
12.7829,-8.3421,12.8321,-8.6620
-12.8832,-34.1558,-12.9078,-34.1558
-12.8832,-34.1558,-13.6952,-34.2789
-12.9078,-34.1558,-12.6863,-35.7553
-12.9078,-40.3078,-12.9078,-40.3078
-12.9078,-40.3078,-12.9570,-39.8403
12.9306,-8.1698,12.9798,-8.6374
-12.9570,-33.7129,-12.8832,-34.1558
-12.9570,-39.8403,-12.1695,-39.7418
-12.9570,-49.8803,-13.1539,-49.9049
-13.0800,-35.8046,-12.6863,-35.7553
-13.0800,-35.8046,-13.0800,-35.8046
-13.0800,-35.8046,-13.2769,-34.2050
-13.1293,-33.7375,-13.1785,-33.2453
-13.1293,-35.2632,-13.0800,-35.8046
-13.1293,-50.0772,-12.7355,-50.0279
-13.1539,-49.9049,-13.1293,-50.0772
13.1766,1.5995,13.2013,1.4519
-13.1785,-33.2453,-7.9616,-32.5563
13.2013,1.4519,14.0871,1.5749
-13.2031,-33.0977,-13.4492,-31.2767
-13.2031,-50.3971,-13.2277,-50.2248
-13.2277,-50.2248,-13.2523,-50.0772
-13.2523,-50.0772,-13.1293,-50.0772
-13.2769,-31.2767,-13.3507,-30.7353
-13.2769,-31.2767,-13.6460,-31.3259
-13.2769,-34.2050,-13.6952,-34.2789
-13.3261,-30.8584,-12.6863,-30.7845
-13.3261,-33.7621,-13.6706,-31.2275
-13.3507,-30.7353,-13.2769,-31.2767
-13.3507,-30.7353,-13.9905,-30.8337
-13.3753,-13.9527,-10.7177,-13.6082
13.3981,-13.5590,13.7672,-13.5098
13.4719,-14.0757,13.3981,-13.5590
13.4719,-14.0757,13.4719,-14.0757
-13.4984,-13.9773,-14.9256,-14.1496
-13.6460,-31.3259,-13.2769,-31.2767
-13.6460,-31.3259,-13.6460,-31.3259
-13.6460,-31.3259,-13.7198,-30.7845
-13.6706,-31.2275,-14.3843,-31.3013
-13.6952,-11.4919,-11.0376,-11.1474
-13.6952,-11.4919,-13.3753,-13.9527
-13.6952,-31.0552,-13.6460,-31.3259
-13.6952,-34.2789,-13.6952,-34.2789
-13.6952,-34.2789,-13.7444,-33.8113
-13.7198,-30.7845,-13.3507,-30.7353
-13.7444,-33.8113,-12.9570,-33.7129
13.7672,-13.5098,13.8411,-14.0265
13.7672,3.8389,13.9887,2.0179
13.8165,3.9127,7.0247,3.0268
-13.8183,-11.5165,-13.4984,-13.9773
-13.8183,-30.7599,-8.4291,-30.0709
13.8411,-14.0265,13.4719,-14.0757
-13.9167,-25.1739,-14.0151,-24.4849
13.9641,2.0179,14.0133,1.7226
-13.9659,-25.1493,-13.9659,-25.1493
-13.9659,-25.1493,-14.0397,-24.5587
13.9887,2.0179,13.9641,2.0179
-13.9905,-30.7845,-13.9659,-30.7845
-13.9905,-30.8337,-14.7042,-25.2477
14.0133,1.7226,13.1766,1.5995
-14.0151,-24.4849,-15.0733,-24.6325
14.0379,1.9686,14.0625,1.9686
14.0379,1.9686,14.1117,1.3534
-14.0397,-24.5587,-14.0397,-24.5587
-14.0397,-24.5587,-14.6303,-24.6325
-14.0397,-24.5587,-15.2455,-24.7064
14.0625,1.9686,13.8165,3.9127
14.1117,1.3534,14.0379,1.9686
14.1117,1.3534,14.1117,1.3534
14.1117,1.3534,14.7269,1.4273
14.1364,1.3534,14.1117,1.3534
-14.1382,-28.3730,-13.8183,-30.7599
-14.1382,-28.3730,-8.7490,-27.6839
-14.1628,-28.2253,-14.5319,-25.2724
-14.1628,-28.2253,-8.9213,-27.5363
14.2102,4.4048,14.5055,2.0179
-14.3843,-31.3013,-14.4089,-31.1536
-14.4089,-31.1536,-13.6952,-31.0552
-14.4335,-30.8337,-14.4089,-31.1536
14.4563,-1.3534,14.5055,-1.3534
14.4563,-1.3534,14.5301,-1.9932
14.4809,-1.5503,14.4563,-1.3534
14.5055,-1.3534,14.1364,1.3534
14.5055,-1.7964,9.0179,-2.5100
14.5055,2.0179,14.6531,2.0425
14.5055,-49.6588,14.6531,-48.9206
-14.5073,-30.3908,-14.4335,-30.8337
14.5301,-1.9932,14.5055,-1.7964
14.5301,-1.9932,14.5301,-1.9932
14.5301,-1.9932,15.1945,-1.9194
-14.5319,-25.2724,-13.9167,-25.1739
-14.5565,-25.2231,-13.9659,-25.1493
14.5793,-1.9932,14.5301,-1.9932
14.5793,-22.5409,14.9484,-22.4917
14.6039,1.4273,14.9484,-1.2796
14.6285,-23.0576,14.5793,-22.5409
14.6285,-23.0576,14.6285,-23.0576
-14.6303,-24.6325,-14.5565,-25.2231
14.6531,2.0425,14.0379,1.9686
14.6531,2.0425,14.7269,1.4273
14.6531,-48.9206,10.0022,-47.9609
14.6531,-48.9206,14.6531,-48.9206
-14.7042,-25.2477,-13.9659,-25.1493
14.7269,1.4273,14.6039,1.4273
14.7269,1.4273,14.6531,2.0425
14.8008,-4.0603,14.8008,-4.0603
14.8008,-4.0603,14.8500,-4.0603
14.8008,-4.0603,15.3914,-3.9865
14.8254,-4.2079,8.5750,-5.0200
14.8500,-4.0603,14.5793,-1.9932
14.8746,-4.6509,14.8008,-4.0603
-14.8764,-17.9392,-14.9748,-17.1271
-14.9010,-14.2726,-14.9256,-14.1496
-14.9010,-17.8654,-14.9995,-17.1763
-14.9010,-17.8654,-16.1068,-18.0376
14.9238,-4.6509,14.8746,-4.6509
14.9484,-1.2796,15.0961,-1.2550
14.9484,-22.4917,14.9976,-23.0084
-14.9748,-17.1271,-15.5900,-17.2009
14.9976,-23.0084,14.6285,-23.0576
-14.9995,-17.1763,-14.9010,-17.8654
-14.9995,-17.1763,-15.5900,-17.2502
15.0222,-1.9440,15.2929,-4.0111
-15.0733,-24.6818,-15.4916,-21.5319
15.0961,-1.2550,14.4563,-1.3534
15.0961,-1.2550,15.1945,-1.9194
-15.1471,-21.5566,-15.1963,-21.2859
15.1945,-1.9194,15.0222,-1.9440
15.1945,-1.9194,15.0961,-1.2550
-15.1963,-21.2859,-10.3486,-20.6461
-15.1963,-21.4827,-15.2701,-20.9906
-15.2209,-21.1136,-15.2455,-20.9167
-15.2455,-20.9167,-15.5654,-20.9660
-15.2455,-24.7064,-14.5073,-30.3908
-15.2455,-24.7064,-15.6639,-21.6058
-15.2701,-20.9906,-15.7131,-21.0398
15.2929,-4.0111,15.3914,-3.9865
15.3421,-27.1179,15.3914,-27.4132
15.3668,-4.6017,15.7851,-7.6531
15.3914,-27.4132,7.5414,-28.4468
15.3914,-3.9865,15.4652,-4.5771
15.4160,-8.3175,14.9238,-4.6509
15.4652,-4.5771,14.8746,-4.6509
15.4652,-4.5771,15.3668,-4.6017
-15.4670,-13.0422,-15.4670,-13.0422
-15.4670,-13.0422,-15.5654,-12.2794
-15.4670,-13.0422,-16.2791,-13.1406
-15.4670,-21.5812,-15.1471,-21.5566
-15.5162,-17.9392,-14.9010,-17.8654
-15.5162,-17.9392,-15.5162,-17.9392
-15.5654,-12.2794,-15.4670,-13.0422
-15.5654,-12.2794,-16.3037,-12.3532
-15.5654,-20.9660,-15.9346,-18.0130
-15.5900,-17.2009,-15.9592,-14.4202
-15.5900,-17.2502,-15.5162,-17.9392
-15.6393,-11.5657,-15.6393,-11.6395
-15.6393,-11.6395,-11.0622,-11.0243
-15.6393,-11.7626,-13.8183,-11.5165
-15.6393,-11.7626,-15.5654,-12.2794
-15.6393,-21.5566,-15.1963,-21.4827
15.6867,-31.3997,15.6867,-31.3997
15.6867,-31.3997,16.1296,-31.3505
-15.7131,-21.0398,-15.6393,-21.5566
-15.7377,-11.6888,-15.6639,-12.2794
-15.7377,-17.2748,-14.9995,-17.1763
-15.7377,-20.9906,-16.1314,-18.0376
15.7851,-7.6531,39.6056,-4.5525
-15.8115,-14.2726,-15.8115,-14.3956
-15.8115,-14.3956,-15.9592,-14.4202
15.8343,-32.6055,15.6867,-31.3997
-15.8361,-31.7442,-15.9592,-30.7353
-15.8361,-31.7442,-16.7466,-31.8673
-15.9346,-18.0622,-14.8764,-17.9392
-15.9346,-30.9076,-14.4581,-30.7107
-15.9346,-30.9322,-15.8361,-31.7442
15.9573,-8.0960,16.0558,-8.8588
-15.9592,-14.2972,-15.8115,-14.2726
-15.9592,-14.2972,-16.1314,-13.1160
-15.9592,-30.7353,-14.4827,-30.5385
-15.9592,-30.7353,-16.8697,-30.8584
16.0558,-8.8588,16.0558,-8.8588
16.0558,-8.8588,7.4430,-9.9662
-16.1068,-18.0376,-16.8451,-12.4270
-1.6127,-25.1001,-1.6619,-24.7310
16.1296,-31.3505,16.2772,-32.5563
-16.2052,-13.1406,-15.4670,-13.0422
16.2772,-32.5563,15.8343,-32.6055
-16.2791,-13.1406,-15.7377,-17.2748
-16.3037,-11.6642,-15.6393,-11.5657
-16.3037,-11.7626,-15.7377,-11.6888
-16.3037,-11.7626,-16.2299,-12.3532
-16.3037,-12.3532,-16.2052,-13.1406
-1.6373,-41.8827,0.0852,-41.6612
-1.6373,-41.9565,0.1098,-41.7351
-16.3775,-12.3778,-15.5654,-12.2794
-16.5251,-9.9662,-11.2837,-9.2772
-16.5251,-9.9662,-16.3037,-11.6642
-16.5498,-11.0490,-16.3775,-12.3778
-16.5498,-11.0490,-17.0173,-11.1228
-1.6619,-24.7310,-1.1206,-24.6572
-1.6619,-41.9565,-1.6619,-41.9811
-1.6619,-41.9811,-4.3688,-42.3503
-16.6974,-9.9170,-16.5498,-11.0490
-16.7220,-12.4270,-16.8943,-11.1474
-16.7466,-31.8673,-15.8361,-31.7442
-16.7466,-31.8673,-16.7466,-31.8673
-16.7466,-31.8673,-16.8451,-31.0552
-16.7958,-50.8646,-13.2769,-50.3971
-16.8451,-12.4270,-16.3775,-12.3778
-16.8451,-12.4270,-16.8451,-12.4270
-16.8451,-31.0552,-15.9346,-30.9322
-1.6866,-41.7843,-4.3934,-42.1534
-16.8697,-30.8584,-16.7466,-31.8673
-16.8697,-30.8584,-16.8697,-30.8584
-16.8697,-50.8646,-17.1650,-50.8892
-16.8943,-50.6924,-13.2277,-50.2248
16.9171,-40.4801,17.2862,-40.4308
-16.9189,-50.5693,-16.8697,-50.8646
16.9663,-40.9968,16.9171,-40.4801
16.9663,-40.9968,16.9663,-40.9968
-17.0173,-11.1228,-17.2142,-9.5233
1.7093,-48.1331,2.0292,-48.0839
1.7093,-48.3300,-2.6217,-48.8960
-17.1650,-50.8892,-17.2142,-50.5939
-17.2142,-50.5939,-16.9189,-50.5693
-17.2142,-50.5939,-17.2142,-50.5939
-17.2142,-9.5233,-18.1493,-2.3131
-17.2142,-9.5233,-9.3642,-8.4897
17.2862,-40.4308,17.3600,-40.9476
1.7339,-48.4284,1.7093,-48.1331
17.3600,-40.9476,16.9663,-40.9968
17.4830,24.2388,29.8362,25.6415
17.4830,-50.2740,18.2213,-50.4217
17.5323,-45.3524,17.6307,-46.0661
17.5323,-45.3524,17.9014,-45.3032
17.6061,-45.8692,17.5323,-45.3524
17.6061,-45.8692,17.6061,-45.8692
17.6307,-46.0661,9.9284,-47.0750
17.9014,-45.3032,17.5323,-45.3524
17.9014,-45.3032,17.9752,-45.8200
17.9752,-45.8200,17.6061,-45.8692
17.9998,-46.0169,17.9014,-45.3032
-18.1493,-2.3131,-20.3640,-2.5346
18.2213,-50.4217,19.1810,-45.7708
18.3197,-46.2875,17.4830,-50.2740
18.3935,-45.9676,17.9998,-46.0169
18.4427,-45.6231,17.4830,-50.2740
18.4427,-45.6231,18.3935,-45.9676
-18.5184,0.4183,-18.6660,1.6734
-18.6660,1.6734,8.7226,4.1588
18.7626,56.4260,19.9930,51.9228
-19.1090,-51.1599,-17.2388,-50.9138
19.1810,-45.7708,18.4427,-45.6231
19.1810,-45.7708,19.1810,-45.7708
-19.1828,-51.1599,-19.2074,-50.8646
-19.2074,-50.8646,-19.2074,-50.8646
-19.2074,-50.8646,-19.5273,-50.9138
-19.2074,-50.9877,-17.1896,-50.7416
-19.3797,-31.9411,-19.4043,-31.7935
-19.4043,-31.7935,-19.3797,-31.9657
-19.4043,-31.7935,-19.4781,-31.2029
-19.4289,-31.3505,-16.9189,-31.0306
-19.4535,-31.1783,-16.9435,-30.8584
-19.4781,-31.2029,-33.7507,-33.0485
-19.4781,-51.2091,-19.1828,-51.1599
-19.5273,-50.9138,-19.4781,-51.2091
1.9554,-44.6880,2.0292,-48.0839
1.9800,-46.3614,2.7429,-46.3368
19.9930,51.9228,21.4449,52.3165
-19.9949,-32.0149,-19.3797,-31.9411
-20.0195,-31.8673,-19.9949,-32.0149
-20.0195,-31.8673,-20.0195,-31.8673
2.0292,-48.0839,2.0292,-48.4038
2.0292,-48.4038,1.7339,-48.4284
2.0292,-48.4038,2.0292,-48.4038
2.0292,-48.4038,2.1031,-51.0369
-20.3640,-2.5346,-20.6101,0.2215
-20.6101,0.2215,-18.5184,0.4183
20.8051,-7.4562,15.9573,-8.0960
20.8297,-7.6531,21.1988,-7.6038
20.9035,-8.1698,20.8051,-7.4562
20.9035,-8.1698,20.8297,-7.6531
20.9035,-8.1698,20.9035,-8.1698
2.1031,-51.0369,1.9800,-46.3614
2.1031,-51.0369,2.1031,-51.0369
2.1031,-51.0369,2.8659,-51.0123
21.1742,-7.4070,21.2727,-8.1206
21.1988,-7.6038,21.2727,-8.1206
21.2727,53.9406,26.5142,55.3679
21.2727,-8.1206,20.9035,-8.1698
21.4449,52.3165,21.2727,53.9406
21.4941,-12.5008,21.8633,-12.4516
21.5433,-13.0422,21.4941,-12.5008
21.5433,-13.0422,21.5433,-13.0422
21.8633,-12.4516,21.9125,-12.9930
21.9125,-12.9930,21.5433,-13.0422
22.3062,-40.7261,22.3062,-40.8738
22.3062,-40.8738,22.3800,-40.9968
22.3800,-40.6031,22.3062,-40.7261
22.3800,-40.9968,22.5031,-41.0707
22.5031,-40.5293,22.3800,-40.6031
22.5031,-41.0707,22.6261,-41.0953
-2.2525,-16.0690,-2.1541,-16.7580
-2.2525,-16.0690,-2.2525,-16.0690
-2.2525,-16.0690,-2.7693,-16.1182
22.6261,-40.5047,22.5031,-40.5293
22.6261,-41.0953,22.7737,-41.0460
22.6507,-21.4827,23.0198,-21.4335
22.7245,-21.9995,22.6507,-21.4827
22.7245,-21.9995,22.7245,-21.9995
22.7737,-21.3597,22.7737,-21.4089
22.7737,-21.4089,22.8476,-21.4335
22.7737,-40.5539,22.6261,-40.5047
22.7737,-41.0460,22.8722,-40.9476
22.8230,-21.4581,22.8722,-21.4581
22.8476,-21.3351,22.7737,-21.3597
22.8476,-21.4335,22.8722,-21.3843
22.8722,-21.3843,22.8476,-21.3351
22.8722,-21.3843,22.8722,-21.3843
22.8722,-21.4335,22.8230,-21.4581
22.8722,-21.4335,22.8722,-21.4335
22.8722,-21.4581,22.8722,-21.4335
22.8722,-40.6523,22.7737,-40.5539
22.8722,-40.9476,22.8968,-40.8000
22.8968,-40.8000,22.8722,-40.6523
22.8968,-40.8000,22.8968,-40.8000
-2.3018,-15.6753,-2.2525,-16.0690
23.0198,-21.4335,23.0936,-21.9503
-23.0216,26.9949,-27.5987,43.8514
-23.0709,-51.6767,-19.5273,-51.2337
23.0936,-21.9503,22.7245,-21.9995
23.1183,-26.0352,23.1921,-26.4781
-23.1447,-51.5044,-19.5027,-51.0369
-23.1447,-51.6767,-23.6615,-51.7505
-23.1693,-51.3814,-23.1447,-51.6767
23.1921,-26.4781,23.7827,-26.4043
-23.3169,-51.4060,-23.1693,-51.3814
-23.3415,-51.2583,-23.3169,-51.4060
-23.3662,-51.0861,-23.3415,-51.2583
23.4382,-7.1117,21.1742,-7.4070
23.4628,-7.3085,23.8319,-7.2593
23.5366,-7.8253,23.4382,-7.1117
23.5366,-7.8253,23.4628,-7.3085
23.5366,-7.8253,23.5366,-7.8253
-23.5384,-51.1107,-23.3662,-51.0861
-23.6615,-51.6521,-24.2520,-51.7259
-23.6615,-51.7505,-23.7107,-51.3076
-23.7107,-32.6547,-23.7353,-32.3594
-23.7107,-32.6547,-24.3013,-32.7286
-23.7107,-51.3076,-23.3415,-51.2583
-23.7107,-51.3076,-23.7107,-51.3076
-23.7107,-51.3076,-23.7353,-51.1353
23.7335,-25.9614,23.1183,-26.0352
-23.7353,-32.3594,-20.0195,-31.8673
-23.7353,-32.5317,-19.3797,-31.9657
23.7581,-30.3662,23.7581,-30.3662
23.7581,-30.3662,24.2256,-30.2924
23.7827,-26.4043,23.7335,-25.9614
23.7827,-26.4043,23.7827,-26.4043
-23.7845,-32.0641,-23.7107,-32.6547
23.8073,-7.0625,23.9057,-7.7761
23.8319,-7.2593,23.9057,-7.7761
23.9057,-7.7761,23.5366,-7.8253
23.9303,-31.5474,23.7581,-30.3662
24.1026,-31.5474,24.1026,-31.5966
24.1026,-31.5966,24.1764,-31.6212
24.1272,-31.5228,24.1272,-31.5228
24.1272,-31.5228,24.1764,-31.5228
24.1764,-31.5228,24.1026,-31.5474
24.1764,-31.5228,24.1272,-31.5228
24.1764,-31.6212,24.2010,-31.5720
24.2010,-31.5720,24.1764,-31.5228
24.2010,-31.5720,24.2010,-31.5720
24.2256,-30.2924,24.3733,-31.4982
-24.2520,-51.8243,-24.3259,-51.3814
-24.3013,-32.7286,-23.7107,-32.6547
-24.3013,-32.7286,-24.3013,-32.7286
-24.3013,-32.7286,-24.3751,-32.1380
-24.3259,-51.3814,-24.3505,-51.2091
-24.3259,-51.3814,-25.5809,-51.5290
-24.3505,-32.4333,-24.3013,-32.7286
24.3733,-31.4982,23.9303,-31.5474
-24.3751,-32.1380,-23.7845,-32.0641
2.4722,-43.2362,2.4968,-43.2362
2.4722,-43.2608,2.4722,-43.0393
2.4722,-43.2608,2.6691,-43.2608
2.4968,-44.1713,2.6937,-44.1713
24.9885,-39.4219,25.3576,-39.3727
25.0623,-39.9633,24.9885,-39.4219
25.0623,-39.9633,25.0623,-39.9633
2.5214,-44.6880,2.4968,-44.1713
2.5214,-9.5479,1.0695,-9.7447
2.5214,-9.5479,2.5460,-9.5479
25.3576,-39.3727,25.4314,-39.9141
25.4314,-39.9141,25.0623,-39.9633
-25.5563,-51.7505,-26.1715,-51.8243
-25.5809,-51.5290,-25.6055,-51.3322
-25.6055,-51.3322,-25.5563,-51.7505
-25.6055,-51.3322,-26.2207,-51.4306
-25.6055,-51.3814,-24.2767,-51.2091
25.6283,-44.2943,25.9974,-44.2451
25.7021,-44.8357,25.6283,-44.2943
25.7021,-44.8357,25.7021,-44.8357
2.5706,-9.5479,2.5214,-9.5479
25.7513,-45.3032,25.6283,-44.2943
25.7513,-45.3032,25.7513,-45.3032
25.8005,-2.8545,24.6193,-6.4965
-2.5970,-16.0936,-2.5478,-16.4627
25.9974,-44.2451,26.0712,-44.7865
25.9974,-44.2451,26.1204,-45.2540
26.0712,-44.7865,25.7021,-44.8357
26.1204,-45.2540,25.7513,-45.3032
-26.1715,-51.8243,-26.1715,-51.8243
-26.1715,-51.8243,-26.2207,-51.4306
2.6198,-9.8924,2.5706,-9.5479
-26.2207,-46.5828,-26.2699,-46.1891
-26.2207,-46.5828,-26.8359,-46.6567
-26.2207,-51.4306,-25.6055,-51.3322
-26.2207,-51.4306,-26.2453,-51.2830
-26.2453,-49.9787,-26.6882,-46.6320
-26.2453,-51.2337,-26.2453,-51.2830
-26.2453,-51.2830,-26.5406,-51.3322
-26.2699,-46.1891,-26.2207,-46.5828
-26.2699,-46.1891,-26.8851,-46.2629
-26.2699,-49.8065,-26.0484,-51.4060
-26.3929,-50.0772,-26.8359,-46.6567
-26.3929,-50.1510,-26.3929,-50.0772
-26.4175,-50.0033,-26.2453,-49.9787
2.6444,-42.2518,1.1434,-42.4487
-2.6463,-49.0190,-3.8767,-49.1667
-26.4914,-51.6521,-29.3459,-52.0212
26.5142,55.3679,29.8362,25.6415
-26.5406,-51.2583,-26.2453,-51.2337
-26.5406,-51.2583,-26.5160,-51.2583
-26.5406,-51.3322,-26.4914,-51.6521
-26.5406,-51.3322,-26.5406,-51.2583
-26.6882,-50.1264,-26.3929,-50.0772
-26.6882,-50.1264,-26.6882,-50.1756
-26.6882,-50.1756,-26.3929,-50.1510
2.6691,-43.0147,2.6444,-42.2518
2.6691,-43.2608,2.6691,-43.0147
-2.6709,-48.6991,-2.6463,-49.0190
-26.7374,-46.2383,-27.2542,-42.1534
-26.8113,-42.0796,-26.8605,-41.6859
-26.8113,-42.0796,-27.4265,-42.1780
-26.8359,-46.6567,-26.2207,-46.5828
-26.8359,-46.6567,-26.8359,-46.6567
-26.8359,-46.6567,-26.8851,-46.2629
-26.8605,-41.6859,-26.8113,-42.0796
-26.8605,-41.6859,-27.4757,-41.7597
-26.8851,-46.2629,-26.2699,-46.1891
-26.8851,-46.2629,-27.4265,-42.1780
2.6937,-44.1713,2.6937,-44.6634
2.6937,-44.6634,1.9554,-44.6880
-27.3034,-41.7351,-27.8202,-37.7732
-27.4265,-42.1780,-26.8113,-42.0796
-27.4265,-42.1780,-27.4265,-42.1780
-27.4265,-42.1780,-27.4757,-41.7597
2.7429,-46.3368,2.8659,-51.0123
-27.4757,-41.7597,-26.8605,-41.6859
-27.4757,-41.7597,-28.0171,-37.6501
27.4985,-3.4205,25.8005,-2.8545
-27.5987,-36.0506,-27.6479,-35.6569
-27.5987,-36.0506,-28.2139,-36.1245
-27.5987,43.8514,18.7626,56.4260
-27.6233,-37.7486,-27.8448,-36.0752
-27.6479,-35.6569,-27.5987,-36.0506
-27.6479,-35.6569,-28.0417,-35.7061
-2.7693,-16.1182,-2.8185,-15.7491
-27.7956,-37.6255,-27.9925,-36.0998
-27.8202,-37.7732,-27.6233,-37.7486
-27.9678,-35.0417,-27.8940,-35.6815
-27.9925,-36.0998,-27.5987,-36.0506
-28.0171,-37.6501,-27.7956,-37.6255
-28.0417,-35.7061,-28.1155,-35.2140
-28.1155,-35.2140,-28.3370,-35.2632
-2.8185,-15.7491,-2.3018,-15.6753
-28.1893,-35.0909,-27.9678,-35.0417
-28.1893,-35.0909,-28.4354,-33.1469
-28.2139,-36.1245,-28.2139,-36.1245
-28.2139,-36.1245,-28.2631,-35.7307
-28.2631,-35.7307,-27.6479,-35.6569
-28.3124,-37.7240,-26.6882,-50.1264
-28.3370,-35.2632,-28.6323,-32.9992
-28.4354,-33.1469,-24.3259,-32.6055
-28.6323,-32.9992,-24.3505,-32.4333
-28.6323,-35.2632,-28.3124,-37.7240
2.8659,-51.0123,2.1031,-51.0369
2.8659,-51.0123,2.6937,-44.6634
28.9011,-6.3981,23.8073,-7.0625
-2.8923,-11.1966,-2.3018,-15.6753
-2.8923,-11.1966,-2.8923,-11.1966
-2.8923,-11.1966,-3.4091,-11.2704
28.9257,-6.5949,29.2949,-6.5457
-28.9276,-33.0485,-28.6323,-35.2632
-28.9768,-32.7286,-28.9522,-32.7286
28.9996,-7.1117,28.9011,-6.3981
28.9996,-7.1117,28.9257,-6.5949
28.9996,-7.1117,28.9996,-7.1117
29.2702,-6.3488,29.3687,-7.0625
-29.2721,-52.4395,-29.3459,-52.4395
-29.2721,-52.4887,-24.2520,-51.8243
29.2949,-6.5457,29.3687,-7.0625
29.2949,7.9730,31.0174,7.4070
-29.3459,-52.0212,-29.2721,-52.4887
-29.3459,-52.0212,-29.3459,-52.0212
-29.3459,-52.4395,-29.3705,-52.2919
29.3687,-7.0625,28.9996,-7.1117
-29.3705,-52.2919,-29.2967,-52.2673
-2.9416,-10.8275,-2.8923,-11.1966
-2.9416,-10.8275,-2.9662,-10.6306
29.5655,-11.4673,29.9347,-11.4181
29.6148,-11.9841,29.5655,-11.4673
29.6148,-11.9841,29.6148,-11.9841
-2.9662,-10.6306,2.6198,-9.8924
29.8362,25.6415,30.1069,23.2791
29.9347,-11.4181,30.0085,-11.9348
30.0085,-11.9348,29.6148,-11.9841
30.1069,23.2791,34.1180,22.9838
-30.5271,-52.5872,-30.5517,-52.4395
-30.5517,-52.4395,-30.6009,-52.4395
-30.5763,-52.6364,-30.6501,-52.1934
-30.6009,-52.5872,-30.5271,-52.5872
-30.6501,-52.1934,-30.6501,-52.1934
-30.6501,-52.1934,-30.9454,-52.2427
30.7221,-20.4246,31.0912,-20.3754
30.7959,-20.9414,30.7221,-20.4246
30.7959,-20.9414,30.7959,-20.9414
-30.9454,-52.2427,-30.9700,-52.0950
-30.9700,-52.0950,-31.2653,-52.1196
31.0174,7.4070,27.4985,-3.4205
31.0912,-20.3754,31.1651,-20.8921
31.1651,-20.8921,30.7959,-20.9414
-31.1669,-52.1196,-31.3145,-50.8400
-31.1915,-52.7348,-30.5763,-52.6364
-31.2653,-52.1196,-31.1915,-52.7348
-31.3391,-50.7416,-31.5606,-49.0928
-31.3391,-50.7908,-31.4376,-50.7908
-31.3391,-50.7908,-31.4376,-50.8154
31.5096,-25.0017,31.5588,-25.2970
31.5588,-25.2970,39.8517,-24.2142
-31.5606,-49.0190,-31.7821,-47.3457
-31.5606,-49.0436,-31.5606,-49.0436
-31.5606,-49.0436,-31.6590,-49.0682
-31.6590,-49.0682,-31.5606,-49.0436
-31.7821,-47.2719,-32.0035,-45.6231
-31.7821,-47.3211,-31.8805,-47.3211
31.8295,-29.3081,31.8295,-29.3081
31.8295,-29.3081,32.2970,-29.2342
32.0017,-30.4892,31.8295,-29.3081
-32.0035,-45.5739,-32.1020,-45.5985
-32.0035,-45.5739,-32.1266,-45.5739
-32.0282,-45.5247,-32.2742,-43.4576
-32.1020,-43.4330,-32.3973,-43.4822
-32.1758,-42.8424,-32.1020,-43.4330
32.2970,-29.2342,32.4447,-30.4400
-32.2988,-43.4576,-32.3973,-43.4822
-3.2369,-11.2458,-2.6463,-15.7245
-32.3727,-42.8670,-32.4711,-42.8670
-32.3727,-42.8670,-32.6187,-40.9476
-32.3973,-43.4822,-32.4711,-42.8916
-32.4219,-40.9230,-32.4219,-40.9230
-32.4219,-40.9230,-32.7172,-40.9722
32.4447,-30.4400,32.0017,-30.4892
-32.4711,-42.8916,-32.1758,-42.8424
-32.4711,-42.8916,-32.4711,-42.8916
-32.4957,-40.3324,-32.4219,-40.9230
-32.4957,-41.9073,-32.5941,-41.9073
-32.5941,-41.9073,-32.4957,-41.9073
-32.5941,-41.9073,-32.5941,-41.9073
-32.6187,-40.9476,-32.7172,-40.9722
-32.6926,-40.3570,-32.7910,-40.3570
-32.6926,-40.3570,-33.1355,-36.9611
-32.7172,-40.9722,-32.7910,-40.3570
-32.7910,-40.3570,-32.4957,-40.3324
-32.9140,-38.6099,-33.0125,-38.6345
-32.9386,-36.9119,-33.3570,-33.6144
-33.0125,-38.6345,-32.9140,-38.6099
-33.0125,-38.6345,-33.0125,-38.6345
33.0599,-38.3884,33.4290,-38.3392
33.1337,-38.9052,33.0599,-38.3884
33.1337,-38.9052,33.1337,-38.9052
-33.2339,-36.9365,-32.9386,-36.9119
-33.3570,-33.6144,-28.9276,-33.0485
33.4290,-38.3392,33.5028,-38.8559
33.5028,-38.8559,33.1337,-38.9052
-3.3599,-10.3107,-3.2861,-10.8767
33.6997,-43.2608,34.0688,-43.2115
-33.7507,-33.0485,-33.2339,-36.9365
33.7735,-43.7775,33.6997,-43.2608
33.7735,-43.7775,33.7735,-43.7775
33.8227,-44.2697,33.6997,-43.2608
34.0688,-43.2115,34.1426,-43.7283
34.0688,-43.2115,34.1672,-43.9006
-3.4091,-11.2704,-3.4583,-10.9013
34.1180,22.9838,29.2949,7.9730
34.1426,-43.7283,33.7735,-43.7775
34.1672,-43.9006,41.8695,-42.9162
-3.4583,-10.9013,-2.9416,-10.8275
-35.3994,-38.9052,-36.0146,-39.0036
-35.4487,-36.3951,-35.3994,-38.9052
-36.0146,-39.0036,-36.0146,-39.0036
-36.0146,-39.0036,-36.0393,-36.4936
-36.0393,-36.4936,-35.4487,-36.3951
36.9725,-5.3399,29.2702,-6.3488
37.0710,-6.0535,36.9725,-5.3399
37.3416,-5.2907,37.4401,-6.0043
37.4401,-6.0043,37.0710,-6.0535
37.6369,-10.4092,38.0061,-10.3599
37.6862,-10.9259,37.6369,-10.4092
37.6862,-10.9259,37.6862,-10.9259
38.0061,-10.3599,38.0799,-10.8767
38.0799,-10.8767,37.6862,-10.9259
-3.8767,-49.1667,-3.9013,-48.8714
38.7689,-19.3418,38.7689,-19.3418
38.7689,-19.3418,39.3595,-23.9681
-3.9013,-48.8714,-2.6709,-48.6991
-3.9013,-48.8714,-3.9013,-48.8714
39.2119,-19.2926,38.7689,-19.3418
-3.9259,-49.1913,-7.3464,-49.6342
39.3595,-23.9681,31.5096,-25.0017
39.4579,-24.5833,39.4579,-24.5833
39.4579,-24.5833,39.9009,-24.5095
-3.9505,-49.0190,-3.9997,-48.7237
-3.9505,-49.0190,-7.4448,-49.4620
39.5071,-5.0200,37.3416,-5.2907
39.6056,-4.5525,52.1556,-12.5746
39.8517,-24.2142,39.2119,-19.2926
39.9009,-24.5095,40.5407,-29.3819
-3.9997,-48.7237,-3.9013,-48.6991
40.0239,-5.3399,40.0485,-5.6106
40.0731,-29.4557,39.4579,-24.5833
40.2208,-5.4876,40.2454,-5.5860
40.2454,-5.5860,40.0485,-5.6106
40.2946,-7.4070,40.3438,-7.8499
40.3438,-7.8499,40.4176,-7.8745
40.4176,-7.8745,40.5161,-7.7269
40.4669,-7.3824,40.2946,-7.4070
40.4669,-7.3824,40.5161,-7.7269
40.5407,-29.3819,40.0731,-29.4557
41.1559,-37.3302,41.5250,-37.2810
41.2051,-37.8470,41.1559,-37.3302
41.2051,-37.8470,41.2051,-37.8470
41.5250,-37.2810,41.5988,-37.7978
41.5988,-37.7978,41.2051,-37.8470
41.7711,-42.2026,42.1648,-42.1534
41.8449,-42.7194,41.7711,-42.2026
41.8449,-42.7194,41.8449,-42.7194
41.8695,-42.9162,41.7711,-42.2026
41.9433,-8.8835,48.1445,-12.8453
42.0418,-8.7112,41.9433,-8.8835
42.0418,-8.7112,48.1938,-12.6485
42.1648,-42.1534,42.2140,-42.6702
42.1648,-42.1534,42.2386,-42.8670
42.2140,-42.6702,41.8449,-42.7194
42.2386,-42.8670,44.8963,-42.5225
-43.0525,-40.1602,-43.6677,-40.2586
-43.1017,-37.6501,-43.0525,-40.1602
-43.3970,-41.4644,-43.8646,-41.4644
-43.3970,-42.6948,-43.3970,-41.4644
-43.6677,-40.2586,-43.6677,-40.2586
-43.6677,-40.2586,-43.6923,-37.7486
4.3670,-9.3018,4.3916,-9.6709
4.3670,-9.3018,4.4162,-9.3018
-43.6923,-37.7486,-43.1017,-37.6501
-43.8400,-42.6948,-43.3970,-42.6948
-43.8646,-41.4644,-43.8400,-42.6948
-43.8646,-41.4644,-43.8646,-41.4644
4.3916,-9.6709,5.9419,-9.4494
4.4162,-9.3018,4.4408,-9.3018
44.4780,-42.8670,33.8227,-44.2697
44.5764,-43.6053,44.4780,-42.8670
44.8963,-42.5225,44.9701,-43.1131
44.9701,-43.1131,49.8671,-42.4733
45.6099,-8.9327,39.5071,-5.0200
4.5639,-9.7447,4.6377,-10.3353
45.7330,-9.8432,45.6099,-8.9327
4.6377,-10.3353,5.2529,-10.2615
46.8157,-18.4067,47.3325,-18.3329
46.8157,-9.6955,45.7330,-9.8432
46.8649,-18.7759,46.8157,-18.4067
47.3325,-18.3329,47.3817,-18.7020
47.3817,-18.7020,46.8649,-18.7759
47.3817,-18.7020,47.3817,-18.7020
47.9969,-27.1918,47.9969,-27.1918
47.9969,-27.1918,48.4398,-27.1426
48.1445,-12.8453,51.1221,-12.4516
48.1445,-28.3976,47.9969,-27.1918
48.1938,-12.6485,50.8514,-12.3040
48.4398,-27.1426,48.6121,-28.3483
48.6121,-28.3483,48.1445,-28.3976
49.1535,-36.3705,49.6702,-36.2967
49.2027,-36.7397,49.1535,-36.3705
49.6702,-36.2967,49.7194,-36.6658
49.6702,-36.2967,50.6792,-36.1491
49.6948,-36.4690,50.7038,-36.3459
49.7194,-36.6658,49.2027,-36.7397
49.7194,-36.6658,49.7194,-36.6658
49.7687,-41.7105,49.9163,-41.6859
49.8425,-41.1199,49.8425,-41.1445
49.8425,-41.1199,50.2362,-41.0953
49.8425,-41.1445,49.2765,-36.7150
49.8671,-42.4733,49.7687,-41.7105
49.9163,-41.6612,49.8425,-41.1199
49.9163,-41.6612,49.9163,-41.6612
49.9163,-41.6859,49.8425,-41.1199
50.0394,-41.1199,49.4734,-36.6904
50.2362,-41.0953,50.2854,-41.6120
50.2362,-41.0953,50.3100,-41.7843
50.2854,-41.6120,49.9163,-41.6612
50.2854,-42.1042,50.3839,-42.8670
50.3100,-36.1737,50.6053,-36.1491
50.3100,-36.1983,50.3100,-36.1737
50.3100,-36.1983,50.3100,-36.1983
50.3100,-41.7843,50.3346,-41.7843
50.3100,-41.7843,52.5494,-41.5136
50.3346,-36.1737,50.3100,-36.1983
50.3839,-36.1737,50.3593,-36.1983
50.3839,-42.8670,44.5764,-43.6053
50.4331,-36.1737,50.4085,-36.1983
50.4577,-36.1737,50.4577,-36.1983
50.5069,-36.1491,50.4823,-36.1737
50.5561,-36.1491,50.5315,-36.1737
50.6053,-36.1491,50.5807,-36.1737
50.6053,-36.1491,50.6053,-36.1737
50.6053,-36.1737,50.3100,-36.1983
50.7038,-36.3459,50.6792,-36.1491
51.5404,-33.7375,54.3211,-33.3684
51.5650,-34.8448,51.5650,-34.8941
51.5650,-34.8941,51.6389,-34.9187
51.5650,-36.0506,51.5897,-36.2229
51.5650,-36.0506,51.8357,-36.0014
51.5897,-36.2229,51.8603,-36.1983
51.6389,-12.7961,46.8157,-9.6955
51.6389,-34.8202,51.5650,-34.8448
51.6389,-34.9187,51.6635,-34.8694
51.6635,-34.8448,51.6635,-34.8448
51.6635,-34.8448,51.6881,-34.8941
51.6635,-34.8694,51.6389,-34.8202
51.6635,-34.8694,51.6635,-34.8694
51.6881,-34.8448,51.6635,-34.8448
51.6881,-34.8941,51.6881,-34.8448
5.1791,-9.6463,4.5639,-9.7447
5.1791,-9.6463,5.1791,-9.6463
52.1310,-34.1804,52.1556,-34.1804
52.1310,-34.1804,53.9766,-48.4284
52.1556,-12.5746,52.1802,-12.5746
52.1556,-12.5746,54.9117,-33.8113
5.2529,-10.2615,5.1791,-9.6463
-5.2547,-34.7710,-5.7223,-34.8448
52.5494,-41.5136,51.5404,-33.7375
52.5740,-41.8089,50.2854,-42.1042
5.2775,-6.5949,5.9419,-1.6241
5.3267,-14.6171,5.6958,-14.5679
53.4352,-26.5520,51.6389,-12.7961
53.4352,-26.5520,53.4599,-26.5520
53.4599,-48.5023,52.5740,-41.8089
-5.3531,-34.7956,-3.5322,-48.8222
-5.3531,-34.7956,-5.7223,-34.8448
53.9766,-48.4284,53.4599,-48.5023
5.4005,-15.1339,5.3267,-14.6171
-5.4270,-25.6169,-5.4270,-25.6169
-5.4270,-25.6169,-5.9437,-25.6661
-5.4270,-25.6169,-6.4359,-25.7399
-5.4270,-34.2789,-5.3531,-34.7956
54.3211,-33.3684,53.4352,-26.5520
-5.4762,-25.2231,-5.4270,-25.6169
54.9117,-33.8113,52.1310,-34.1804
-5.6238,-34.3035,-6.1406,-30.3416
5.6712,-6.9886,-16.6974,-9.9170
5.6958,-14.5679,5.6958,-14.5679
5.6958,-14.5679,5.7697,-15.0847
-5.6977,-34.8694,-5.7715,-34.8941
-5.7223,-34.8448,-3.8767,-48.8714
-5.7223,-34.8448,-5.7223,-34.8448
-5.7223,-34.8448,-5.7961,-34.3281
5.7450,-7.0625,6.4341,-1.7718
5.7697,-15.0847,5.4005,-15.1339
-5.7715,-34.8941,-5.8453,-34.2789
-5.7961,-34.2789,-5.8453,-34.2789
-5.7961,-34.3281,-5.4270,-34.2789
-5.7961,-34.3281,-5.6238,-34.3035
5.8189,-1.5995,5.8189,-1.5995
5.8189,-1.5995,5.8927,-0.9597
-5.8453,-30.2678,-5.2547,-34.7710
5.8927,-0.9597,6.0157,-0.9843
5.8927,-0.9597,6.5571,-1.0581
-5.8945,-29.8002,-0.5546,-29.1112
-5.8945,-29.8002,-5.8945,-29.8002
5.9173,-9.1049,4.4162,-9.3018
5.9419,-1.6241,5.8189,-1.5995
5.9419,-9.4494,5.9173,-9.1049
-5.9437,-25.6661,-5.9929,-25.2970
-5.9437,-30.3170,-6.3128,-30.3662
-5.9929,-25.2970,-5.4762,-25.2231
6.0157,-0.9843,6.6063,3.4205
-6.0176,-16.9056,-2.5478,-16.4627
-6.0176,-16.9056,-6.2636,-14.8632
-6.0176,-29.7756,-5.9437,-30.3170
-6.0422,-32.3102,-5.7961,-34.2789
-6.0668,-32.1626,-6.2882,-30.3908
-6.1406,-16.9303,-6.3867,-14.9862
-6.1406,-30.3416,-6.3128,-30.3662
-6.1652,-32.3348,-6.0422,-32.3102
-6.1652,-32.3348,-6.1898,-32.1872
-6.1898,-29.8002,-6.7066,-25.8383
-6.1898,-32.1872,-6.0668,-32.1626
-6.2882,-30.3908,-6.3375,-30.3908
-6.3128,-30.3662,-6.3128,-30.3662
-6.3128,-30.3662,-6.3867,-29.8248
6.3602,-9.3018,5.9665,-9.3510
-6.3621,-29.8002,-6.4359,-29.8002
6.3849,-1.6979,5.6712,-6.9886
-6.3867,-29.8248,-6.0176,-29.7756
-6.3867,-29.8248,-6.1898,-29.8002
6.4095,-9.4002,6.3602,-9.0557
6.4341,-1.7718,6.5079,-1.7718
-6.4359,-25.7399,-5.8945,-29.8002
-6.4359,-29.8002,-6.3375,-30.3908
6.4587,-1.6979,5.8189,-1.5995
6.4587,-1.6979,6.3849,-1.6979
6.4587,-23.5498,6.9016,-23.5006
6.4833,-1.0335,6.5571,-1.0581
-6.4851,-25.2724,-6.4851,-25.3708
-6.4851,-25.3708,-5.4762,-25.2231
6.5079,-1.7718,6.6309,-0.9843
-6.5343,-25.8137,-6.9034,-25.8629
6.5571,-0.9843,7.0739,2.9530
6.5571,-1.0581,6.4587,-1.6979
6.6063,3.4205,8.9441,3.7158
-6.6081,-25.2970,-6.5343,-25.8137
-6.6081,-25.2970,-7.6171,-17.4716
6.6309,-0.9843,6.5571,-0.9843
-6.6820,-42.9901,-4.6887,-42.7194
-6.6820,-42.9901,-7.2972,-43.0639
-6.7066,-25.8383,-6.9034,-25.8629
-6.7804,-42.3749,-4.7625,-42.1288
-6.7804,-42.3749,-6.6820,-42.9901
-6.8788,-25.9122,-6.3621,-29.8002
6.9016,-23.5006,7.4676,-27.7578
-6.9034,-25.8629,-6.9034,-25.8629
-6.9034,-25.8629,-6.9773,-25.3462
-6.9280,-25.9122,-6.8788,-25.9122
-6.9527,-25.2970,-7.0019,-25.2970
-6.9773,-25.3462,-6.4851,-25.2724
-6.9773,-25.3462,-6.6081,-25.2970
7.0001,-27.8316,6.4587,-23.5498
-7.0019,-25.2970,-6.9280,-25.9122
7.0247,3.0268,6.4833,-1.0335
7.0493,-28.1269,7.4922,-28.0777
7.0493,-28.2007,7.0493,-28.1269
7.0739,2.9530,13.7672,3.8389
-7.2972,-43.0639,-7.3710,-42.4487
7.3692,-9.2772,6.4095,-9.4002
7.3692,-9.2772,7.3692,-9.3756
7.3692,-9.3756,15.4160,-8.3175
-7.3710,-42.4487,-6.7804,-42.3749
-7.3710,-42.4487,-7.3710,-42.4487
-7.3956,-49.7819,-7.9862,-49.8557
-7.4202,-42.0304,-7.3710,-42.4487
-7.4202,-49.1421,-7.3710,-49.4620
7.4430,-9.9662,7.3692,-9.3756
7.4676,-27.7578,7.0001,-27.8316
7.4676,-27.7578,7.4676,-27.7578
-7.4694,-49.1913,-7.3956,-49.7819
7.4922,-28.0777,7.5168,-28.1515
7.5168,-28.1515,15.3421,-27.1179
7.5168,-28.1515,7.5168,-28.1515
7.5414,-28.4468,8.2304,-33.5898
7.5660,-8.8835,7.8613,-6.5703
-7.6171,-17.4716,-2.1541,-16.7580
-7.6663,-17.1271,-6.1406,-16.9303
-7.6663,-17.1271,-7.6909,-16.8564
-7.6909,-16.8564,-8.0600,-16.9056
7.7137,-8.8588,7.9105,-7.4562
-7.7155,-49.1667,-7.4202,-49.1421
-7.7155,-49.1667,-8.4537,-43.3838
7.7629,-33.6637,7.0493,-28.2007
-7.7647,-16.3151,-7.6909,-16.8564
-7.8139,26.1829,17.4830,24.2388
7.8367,-5.5614,7.9352,-4.8724
7.8367,-8.8588,6.3602,-9.0557
7.8367,-8.8588,7.8859,-9.3018
-7.8385,25.8630,-23.0216,26.9949
-7.8385,25.8630,-7.8139,26.1829
7.9105,-7.3085,8.0090,-6.5949
7.9598,-4.9462,7.9598,-4.9462
7.9598,-4.9462,8.5504,-4.8724
-7.9616,-32.5563,-7.9862,-32.4087
7.9844,-5.5860,7.8367,-5.5614
7.9844,-5.6844,7.9844,-5.5860
-7.9862,-49.8557,-8.0354,-49.5604
8.0090,-6.5949,7.8613,-6.5703
-8.0108,-16.2166,-8.1338,-16.2412
-8.0108,-16.3643,-8.0108,-16.2166
-8.0108,-49.7327,-10.7423,-50.0772
8.0336,-5.5614,7.9598,-4.9462
-8.0354,-47.7640,-7.8632,-49.1913
-8.0354,-49.5358,-10.8161,-49.9049
-8.0354,-49.5604,-8.0354,-49.5604
-8.0354,-49.5604,-8.0846,-49.2651
-8.0600,-16.8810,-6.9527,-25.3462
-8.0600,-16.9056,-8.0600,-16.9056
-8.0600,-16.9056,-8.1338,-16.3643
-8.0600,-47.5672,-8.6752,-47.6410
-8.0600,-47.6410,-8.6506,-47.7148
8.0828,-4.8970,7.9352,-4.8724
-8.0846,-49.2651,-7.4694,-49.1913
-8.1092,-32.4333,-7.9862,-32.4087
-8.1092,-49.5604,-8.1338,-49.2405
8.1320,-4.6509,8.0828,-4.8970
8.1320,-5.6844,7.9844,-5.6844
-8.1338,-15.3061,-8.1584,-15.2077
-8.1338,-15.3061,-8.2569,-15.3307
-8.1338,-16.2412,-8.1092,-16.3643
-8.1338,-16.3643,-7.7647,-16.3151
-8.1338,-49.2405,-7.8632,-49.1913
8.1566,-5.5368,8.1320,-5.6844
-8.1584,-15.1093,-6.2636,-14.8632
-8.1584,-15.1093,-8.3307,-13.8789
-8.1584,-15.2077,-6.3867,-14.9862
8.2304,-2.7807,8.3781,-2.8053
8.2304,-33.5898,7.7629,-33.6637
8.2304,-3.5681,8.2551,-3.5927
8.2304,-3.6174,8.2551,-3.6420
8.2304,-3.6420,8.2797,-3.3467
8.2304,-4.9216,8.2797,-4.6755
-8.2323,-32.4333,-12.2926,-32.9746
8.2551,-3.3959,8.2797,-3.4205
8.2551,-3.4451,8.2797,-3.4697
8.2551,-3.4697,8.2797,-3.5189
8.2551,-3.5189,8.2551,-3.5435
8.2551,-3.6420,8.2304,-3.6420
8.2551,-3.6420,8.2551,-3.6420
8.2551,-3.7158,8.3781,-2.8053
8.2551,-3.7158,8.4027,-3.7404
-8.2569,-11.9102,-8.2569,-11.9102
-8.2569,-11.9102,-8.7983,-11.9595
8.2797,-3.3467,8.2797,-3.3713
8.2797,-3.3467,8.3043,-3.3467
8.2797,-4.6755,8.1320,-4.6509
-8.2815,-31.2521,-8.1092,-32.4333
8.3043,-2.0917,8.2304,-2.7807
8.3043,-2.1409,8.9441,-2.0671
8.3043,-3.3467,8.2551,-3.6420
-8.3061,-11.5165,-8.2569,-11.9102
-8.3553,-45.7954,-8.3553,-45.7954
-8.3553,-45.7954,-8.8967,-45.8692
8.3781,-2.8053,8.3043,-2.1409
8.3781,-2.8053,8.3781,-2.8053
-8.3799,-30.3662,-8.5030,-30.3908
-8.3799,-31.2767,-8.2323,-32.4333
-8.3799,-31.2767,-8.2815,-31.2521
8.4027,-3.7404,8.5257,-2.7807
-8.4045,-45.5247,-8.4045,-45.5247
-8.4045,-45.5247,-8.4291,-45.5001
-8.4291,-30.0709,-8.3799,-30.3662
-8.4291,-30.0709,-8.5768,-28.8651
-8.4291,-45.3032,-8.4291,-45.3032
-8.4291,-45.3032,-8.4537,-45.2786
-8.4291,-45.4017,-8.4291,-45.4017
-8.4291,-45.4017,-8.4537,-45.3770
-8.4291,-45.5001,-8.4537,-45.5247
-8.4291,-45.5493,-8.4045,-45.5247
8.4519,-2.1163,8.3043,-2.0917
8.4519,-2.1163,8.8703,1.0582
-8.4537,-13.9035,-8.2569,-15.3307
-8.4537,-13.9035,-8.3307,-13.8789
-8.4537,-43.3838,-8.6014,-43.4084
-8.4537,-45.0325,-8.3553,-45.7954
-8.4537,-45.2786,-8.4783,-45.3032
-8.4537,-45.3278,-8.4291,-45.3032
-8.4537,-45.3770,-8.4783,-45.4017
-8.4537,-45.4263,-8.4291,-45.4017
-8.4537,-45.5247,-8.4291,-45.5493
-8.4537,-45.6969,-8.4783,-45.5001
-8.4783,-44.4912,-8.0600,-47.6410
-8.4783,-45.3032,-8.4537,-45.3278
-8.4783,-45.4017,-8.4537,-45.4263
-8.5030,-30.3908,-8.5276,-30.2432
-8.5030,-44.3435,-8.6014,-43.4084
-8.5030,-45.1310,-8.4537,-45.6969
-8.5030,-45.3278,-8.4783,-45.3278
-8.5030,-45.5001,-8.5522,-45.4509
-8.5030,-45.7954,-8.7983,-45.8200
-8.5276,-30.2432,-12.5879,-30.7599
-8.5276,-45.1310,-8.5030,-45.3278
-8.5276,-45.1556,-8.6014,-45.0817
-8.5276,-45.7462,-8.4783,-45.6969
-8.5276,-45.7708,-8.4537,-45.6969
-8.5276,-45.7708,-8.7983,-45.7954
8.5504,-2.1163,8.9687,0.9105
8.5504,-4.8724,8.6488,-5.4876
-8.5522,-12.0825,-8.5768,-11.9348
-8.5522,-45.1556,-8.6014,-45.1064
-8.5522,-45.4017,-8.8475,-45.4509
-8.5522,-45.4509,-8.8475,-45.4755
-8.5768,-42.4979,-8.6260,-42.2026
-8.5768,-45.4017,-8.5276,-45.3524
-8.5768,-45.6231,-8.5768,-45.6231
-8.5768,-45.6231,-8.6260,-45.5493
8.5996,-5.1677,14.8500,-4.3556
-8.6014,-45.6969,-8.5768,-45.6231
-8.6014,-8.3913,-1.0467,-7.4070
-8.6260,-30.0955,-8.7983,-28.8897
-8.6260,-42.2026,-7.4202,-42.0304
-8.6260,-44.3681,-8.6014,-44.3681
-8.6260,-44.3681,-8.6260,-44.3681
-8.6260,-44.3681,-8.9459,-44.3927
-8.6260,-45.2540,-8.6260,-45.2540
-8.6260,-45.2540,-8.6752,-45.1802
-8.6260,-45.5493,-8.6998,-45.5493
8.6488,-5.4876,8.0336,-5.5614
-8.6506,-44.3681,-8.5030,-44.3435
-8.6506,-44.3681,-8.6260,-44.3681
-8.6506,-44.4912,-8.6506,-44.3681
-8.6506,-44.4912,-8.6506,-44.4665
-8.6506,-45.3278,-8.6260,-45.2540
-8.6506,-45.6231,-8.6260,-45.6231
-8.6506,-47.7148,-8.0600,-47.6410
-8.6506,-47.7148,-8.6506,-47.8378
-8.6506,-47.8378,-8.0354,-47.7640
-8.6752,-11.1228,-3.3353,-10.4338
-8.6752,-11.1228,-8.6260,-11.5657
-8.6752,-12.1071,-8.5522,-12.0825
-8.6752,-12.1071,-8.6998,-11.9595
-8.6752,-45.1802,-8.7490,-45.1802
-8.6752,-45.6969,-8.6014,-45.6969
-8.6752,-47.6410,-8.6506,-47.7148
8.6980,11.9595,9.2886,19.7602
-8.6998,-44.4912,-8.6506,-44.4419
-8.6998,-45.2540,-8.6752,-45.2540
-8.6998,-45.5493,-8.7244,-45.6231
8.7226,4.1588,9.3132,11.9103
-8.7244,-27.5117,-8.7736,-27.4871
-8.7244,-27.5609,-8.7490,-27.5363
-8.7244,-27.5855,-8.7490,-27.5609
-8.7244,-27.5855,-8.7490,-27.5855
-8.7244,-42.5225,-8.5768,-42.4979
-8.7244,-45.3278,-8.6506,-45.3278
-8.7244,-45.6231,-8.6752,-45.6969
-8.7490,-27.3394,-8.7736,-27.3148
-8.7490,-27.3640,-8.7736,-27.3640
-8.7490,-27.4132,-8.7736,-27.3886
-8.7490,-27.4625,-8.7736,-27.4378
-8.7490,-27.5855,-8.7983,-27.2902
-8.7490,-44.5158,-8.6506,-44.3927
-8.7490,-45.1802,-8.7736,-45.2540
-8.7736,-27.2902,-8.7244,-27.5855
-8.7736,-42.2272,-8.7244,-42.5225
-8.7736,-42.2272,-9.0689,-42.2518
-8.7736,-45.2540,-8.7244,-45.3278
-8.7736,-46.8781,-8.1831,-46.8043
-8.7736,-7.7515,-8.8475,-7.1363
-8.7983,-11.9595,-8.8475,-11.5903
-8.7983,-27.2902,-8.7736,-27.2902
-8.7983,-27.2902,-8.7983,-27.2902
-8.7983,-28.8897,-8.5768,-28.8651
-8.7983,-44.3927,-8.7736,-44.3927
-8.7983,-44.5158,-8.6752,-44.3681
-8.8229,-11.0243,-3.3599,-10.3107
-8.8229,-11.0243,-8.7490,-11.5903
-8.8229,-6.7180,-8.6014,-8.3913
8.8456,-41.5382,9.2148,-41.4890
-8.8475,-11.5903,-8.3061,-11.5165
-8.8475,-44.5158,-8.7244,-44.3681
-8.8475,-45.5001,-8.8967,-45.5493
-8.8475,-7.1363,-8.8475,-7.1363
-8.8475,-7.1363,-9.4381,-7.2347
8.8703,1.0582,9.6823,1.1566
-8.8721,-44.5158,-8.7736,-44.3681
-8.8721,-45.7462,-8.8229,-45.7954
-8.8721,-45.7462,-8.8967,-45.5493
8.8949,-42.0550,8.8456,-41.5382
8.8949,-42.0550,8.8949,-42.0550
-8.8967,-44.5158,-8.6506,-44.4912
-8.8967,-44.5158,-8.8229,-44.3927
-8.8967,-45.1064,-8.6014,-45.0571
-8.8967,-45.1064,-8.9705,-45.1802
-8.8967,-45.1310,-8.6014,-45.0817
-8.8967,-45.1310,-8.9459,-45.1802
-8.8967,-45.7462,-8.8229,-45.8200
-8.8967,-45.7462,-8.9705,-45.2048
-8.8967,-45.8692,-8.3553,-45.7954
-8.8967,-45.8692,-8.9951,-45.0817
8.9195,3.9127,9.5101,3.9865
-8.9213,-44.4173,-8.8967,-44.3927
-8.9213,-44.4173,-8.8967,-44.5158
-8.9213,-44.4665,-8.8475,-44.3927
-8.9213,-45.3770,-8.8721,-45.4263
-8.9213,-45.4017,-8.9459,-45.2048
8.9441,-2.0671,8.9687,-2.2639
8.9441,-2.0671,9.0425,-2.7069
8.9441,3.7158,8.9195,3.9127
-8.9459,-26.0106,-8.7490,-27.6839
-8.9459,-26.0106,-8.9459,-26.0352
-8.9459,-26.0352,-8.9213,-26.0352
-8.9459,-26.0352,-8.9459,-26.0352
-8.9459,-26.0352,-8.9951,-25.7153
-8.9459,-44.3927,-8.9459,-44.4173
-8.9459,-44.4173,-8.9213,-44.4173
-8.9459,-44.4173,-8.9459,-44.3927
8.9687,0.9105,9.6823,0.9843
8.9687,-2.2639,14.4809,-1.5503
-8.9705,-25.8875,-8.9459,-25.8875
8.9933,3.2975,8.9195,3.9127
-8.9951,-25.7153,-8.9705,-25.7153
-8.9951,-25.7153,-8.9951,-25.7399
-8.9951,-25.7399,-8.9705,-25.7645
-8.9951,-25.7399,-9.1182,-25.7645
-8.9951,-45.0817,-8.4537,-45.0325
9.0179,-2.5100,9.0425,-2.7069
9.0425,-2.7069,8.3781,-2.8053
-9.0443,-25.7645,-8.9705,-25.8137
-9.0689,-26.0106,-9.0689,-26.0352
-9.0689,-26.0352,-8.9459,-26.0106
-9.0689,-42.2518,-9.0935,-42.1042
-9.0689,-44.5896,-8.4783,-44.4912
-9.0689,-44.5896,-8.7736,-46.8781
-9.0689,-44.5896,-9.0935,-44.4173
-9.0935,-25.7645,-8.9705,-25.8629
-9.0935,-25.8383,-8.9459,-25.9368
-9.0935,-25.8875,-8.9459,-25.9860
-9.0935,-25.9122,-8.9705,-26.0106
-9.0935,-25.9614,-9.0197,-26.0106
-9.0935,-26.1582,-8.9213,-27.5363
-9.0935,-42.1042,-4.8364,-41.5382
-9.0935,-44.4173,-8.9213,-44.4173
-9.1182,-25.7645,-9.0689,-26.0352
-9.1182,-25.7891,-8.9705,-25.9122
9.1409,-1.2550,11.8478,-0.9105
9.1409,-1.2550,8.6488,-1.3288
-9.1674,-25.6415,-9.4873,-23.1315
9.2148,-41.4890,9.2640,-42.0058
-9.2166,-26.1828,-9.0935,-26.1582
-9.2166,-26.1828,-9.5857,-26.2321
9.2640,-1.3534,11.7740,-1.0089
9.2640,-2.2393,9.1409,-1.2550
9.2640,-42.0058,8.8949,-42.0550
9.2886,19.7602,9.9038,19.7110
-9.2904,-25.6415,-9.1674,-25.6415
-9.2904,-25.6415,-9.2166,-26.1828
9.3132,11.9103,8.6980,11.9595
-9.3396,-23.1069,-8.9951,-25.7399
9.3624,-2.2147,9.2640,-1.3534
-9.3642,-7.8253,-8.7736,-7.7515
-9.3642,-8.4897,-9.5611,-6.8164
-9.4381,-7.2347,-9.3642,-7.8253
9.4608,-46.4106,9.6085,-47.4195
9.4608,-46.4106,9.8300,-46.3614
-9.4873,-23.1315,-9.3396,-23.1069
9.5101,3.9865,9.5101,3.9865
9.5101,3.9865,9.5347,3.7896
9.5101,3.9865,9.5839,3.3959
9.5347,3.7896,14.2102,4.4048
9.5347,-46.9273,9.4608,-46.4106
9.5347,-46.9273,9.5347,-46.9273
-9.5611,-21.3105,-9.7087,-21.3351
-9.5611,-6.8164,-8.8229,-6.7180
9.5839,3.3959,8.9933,3.2975
-9.5857,-26.2321,-9.5857,-26.2321
-9.5857,-26.2321,-9.6595,-25.6907
9.6085,-47.4195,18.3197,-46.2875
-9.6595,-25.6907,-9.2904,-25.6415
9.6823,0.9843,9.6577,1.1566
9.6823,-7.2347,7.9105,-7.4562
-9.7580,-21.0152,-9.7087,-21.3351
9.8300,-46.3614,9.4608,-46.4106
9.8300,-46.3614,9.9038,-46.8781
9.8300,-7.0625,7.9105,-7.3085
-9.8318,-20.4246,-10.3732,-16.3889
-9.8318,-20.4246,-15.2209,-21.1136
9.8546,-48.6991,14.5055,-49.6588
9.8792,-8.5882,7.8367,-8.8588
9.8792,-8.5882,9.6823,-7.2347
-9.8810,-21.0152,-10.2747,-21.0644
9.9038,19.7110,10.2729,24.4603
9.9038,-46.8781,9.5347,-46.9273
9.9284,-47.0750,9.8300,-46.3614
-9.9548,-20.4738,-9.8810,-21.0152
-9.9548,-43.2115,-10.0779,-42.3995
-9.9794,-42.2272,-9.9548,-42.3749
9.580203, 1.067025, 9.603703, 0.919619
9.603703, 0.919619, 9.050394, 0.851256
9.050394, 0.851256, 9.281117, -0.671946
9.281117, -0.671946, 11.355492, -0.411314
11.355492, -0.411314, 11.178176, 1.079843
11.178176, 1.079843, 10.637686, 1.022162
10.637686, 1.022162, 10.618459, 1.193069
11.738051, 1.328208, 12.143353, -1.495605
12.143353, -1.495605, 13.953915, -1.273022
13.953915, -1.273022, 13.551937, 1.401295
13.551937, 1.401295, 13.106771, 1.341497
13.106771, 1.341497, 13.076872, 1.514248
13.076872, 1.514248, 13.139992, 1.520892
