    6.673345,    51.762371,     6.673345,    51.410015
    6.673345,    51.283905,     6.673345,    50.931549
    6.962943,    50.931549,     6.962943,    51.346863
    6.962943,    51.347061,     6.962943,    51.762371
    6.962843,    51.762470,     6.673445,    51.762470
    6.962943,    46.020977,     6.962943,    46.436287
    6.962943,    46.436485,     6.962943,    46.851799
    6.962943,    41.110405,     6.962943,    41.525715
    6.962943,    41.525913,     6.962943,    41.941223
    6.673345,    37.030655,     6.673345,    36.590157
    6.673345,    36.464046,     6.673345,    36.199833
    6.673445,    36.199734,     6.962843,    36.199734
    6.962943,    36.615341,     6.962943,    37.030655
   54.217857,    60.752594,    54.431709,    60.752594
   54.431808,    60.752693,    54.431808,    61.583515
   54.431709,    61.583614,    54.217857,    61.583614
   54.217758,    56.257435,    54.217758,    55.842121
   54.217857,    55.842022,    54.431709,    55.842022
   54.431808,    55.842121,    54.431808,    56.672943
   54.431709,    56.673042,    54.217857,    56.673042
   54.217758,    51.762371,    54.217758,    51.347061
   54.217758,    51.346863,    54.217758,    50.931549
   54.431808,    50.931549,    54.431808,    51.762371
   54.217758,    46.851799,    54.217758,    46.436485
   54.217758,    46.436287,    54.217758,    46.020977
   54.431808,    46.020977,    54.431808,    46.851799
   54.217758,    41.941223,    54.217758,    41.525913
   54.217758,    41.525715,    54.217758,    41.110405
   54.431808,    41.110405,    54.431808,    41.941223
   54.217758,    37.030655,    54.217758,    36.615341
   54.217758,    36.615143,    54.217758,    36.199833
   54.217857,    36.199734,    54.431709,    36.199734
   54.431808,    36.199833,    54.431808,    37.030655
    6.963043,    35.884953,     7.013208,    35.884953
   -1.485659,    54.910271,     1.787854,    54.910271
    6.673345,    56.672943,     6.673345,    56.383545
    6.673345,    56.257435,     6.673345,    55.829529
    6.962943,    55.829529,     6.962943,    56.257435
    6.962943,    56.257633,     6.962943,    56.672943
    6.962843,    56.673042,     6.673445,    56.673042
   -1.661940,    51.208458,     1.813037,    51.208458
    1.825626,    51.321777,    -1.485659,    51.321777
   -1.661940,    51.208458,     1.813037,    51.208458
    6.962943,    31.704769,     6.962943,    36.615143
   -3.298897,    31.503311,    -3.298897,    31.553478
   -2.404921,    31.553478,    -2.404921,    31.503311
   -3.298797,    31.553577,    -2.405021,    31.553577
   -2.405021,    31.503212,    -3.298797,    31.503212
    2.455287,    31.503311,     2.455287,    31.553478
    3.361855,    31.553478,     3.361855,    31.503311
    2.455387,    31.553577,     3.361755,    31.553577
    3.361755,    31.503212,     2.455387,    31.503212
    0.050366,    31.503311,     0.050366,    31.553478
    1.208759,    31.553478,     1.208759,    31.503311
    0.050466,    31.553577,     1.208659,    31.553577
    1.208659,    31.503212,     0.050466,    31.503212
   -1.145800,    31.503311,    -1.145800,    31.553478
   -0.000001,    31.553478,    -0.000001,    31.503311
   -1.145700,    31.553577,    -0.000101,    31.553577
   -0.000101,    31.503212,    -1.145700,    31.503212
   -2.354556,    31.503311,    -2.354556,    31.553478
   -1.196162,    31.553478,    -1.196162,    31.503311
   -2.354456,    31.553577,    -1.196262,    31.553577
   -1.196262,    31.503212,    -2.354456,    31.503212
    1.787854,    54.142208,     1.662144,    54.142208
    1.662044,    53.978424,     1.662044,    51.674431
    1.234043,    31.566166,     2.430004,    31.566166
   -3.349162,    31.566166,    -2.379839,    31.566166
   -2.379639,    31.566166,    -1.171079,    31.566166
   -1.170879,    31.566166,     0.025082,    31.566166
    0.025282,    31.566166,     1.233843,    31.566166
    2.430204,    31.566166,     3.412122,    31.566166
    1.259120,    31.503311,     1.259120,    31.553478
    2.404921,    31.553478,     2.404921,    31.503311
    1.259220,    31.553577,     2.404821,    31.553577
    2.404821,    31.503212,     1.259220,    31.503212
   -3.298897,    31.503311,    -3.298897,    31.553478
   -3.298996,    31.553577,    -3.349162,    31.553577
   -3.349262,    31.553478,    -3.349262,    31.503311
   -3.349162,    31.503212,    -3.298996,    31.503212
    2.455287,    31.503311,     2.455287,    31.553478
    2.455187,    31.553577,     2.405020,    31.553577
    2.404921,    31.553478,     2.404921,    31.503311
    2.405020,    31.503212,     2.455187,    31.503212
    1.259120,    31.503311,     1.259120,    31.553478
    1.259020,    31.553577,     1.208859,    31.553577
    1.208759,    31.553478,     1.208759,    31.503311
    1.208859,    31.503212,     1.259020,    31.503212
    0.050366,    31.503311,     0.050366,    31.553478
    0.050266,    31.553577,     0.000099,    31.553577
   -0.000001,    31.553478,    -0.000001,    31.503311
    0.000099,    31.503212,     0.050266,    31.503212
   -1.145800,    31.503311,    -1.145800,    31.553478
   -1.145900,    31.553577,    -1.196062,    31.553577
   -1.196162,    31.553478,    -1.196162,    31.503311
   -1.196062,    31.503212,    -1.145900,    31.503212
   -2.354556,    31.503311,    -2.354556,    31.553478
   -2.354656,    31.553577,    -2.404821,    31.553577
   -2.404921,    31.553478,    -2.404921,    31.503311
   -2.404821,    31.503212,    -2.354656,    31.503212
    3.412221,    31.503311,     3.412221,    31.553478
    3.412122,    31.553577,     3.361955,    31.553577
    3.361855,    31.553478,     3.361855,    31.503311
    3.361955,    31.503212,     3.412122,    31.503212
   -1.208655,    53.978523,     1.661944,    53.978523
    1.661944,    54.142208,    -1.372343,    54.142208
   -1.208755,    51.674431,    -1.208755,    53.978424
   -1.372443,    54.142109,    -1.372443,    51.510746
    1.586595,    55.099140,     1.636761,    55.099140
    1.636861,    55.099239,     1.636861,    55.149406
    1.636761,    55.149506,     1.586595,    55.149506
    1.586495,    55.149406,     1.586495,    55.099239
    1.586595,    56.358261,     1.636761,    56.358261
    1.636861,    56.358360,     1.636861,    56.408527
    1.636761,    56.408627,     1.586595,    56.408627
    1.586495,    56.408527,     1.586495,    56.358360
    1.586595,    56.358261,     1.636761,    56.358261
    1.636761,    55.149506,     1.586595,    55.149506
    1.636861,    56.358162,     1.636861,    55.149605
    1.586495,    55.149605,     1.586495,    56.358162
    6.962943,    37.584866,     6.962943,    40.556190
    6.962943,    42.495438,     6.962943,    45.466766
    1.661944,    51.674332,    -1.208655,    51.674332
   -1.372343,    51.510647,     1.825626,    51.510647
    4.872802,    36.451458,     4.872802,    35.129578
    4.797253,    36.451458,     4.797253,    35.129578
    4.809947,    36.451557,     4.860107,    36.451557
    4.860107,    35.129478,     4.809947,    35.129478
    4.860208,    36.451458,     4.860208,    35.129578
    4.809847,    35.129578,     4.809847,    36.451458
    4.809947,    35.129478,     4.860107,    35.129478
    4.860208,    35.129379,     4.860208,    35.054031
    4.809847,    35.054031,     4.809847,    35.129379
    4.809947,    35.053932,     4.860107,    35.053932
    4.860208,    35.053833,     4.860208,    34.197830
    4.860208,    34.172447,     4.860208,    33.278671
    4.860208,    33.228107,     4.860208,    32.346920
    4.860208,    32.296360,     4.860208,    31.377396
    4.860107,    35.053932,     4.809947,    35.053932
    4.809847,    31.377396,     4.809847,    32.296360
    4.809847,    32.346920,     4.809847,    33.228107
    4.809847,    33.278671,     4.809847,    34.172447
    4.809847,    34.197830,     4.809847,    35.053833
    1.964231,    55.073860,     1.964231,    54.142307
    1.951641,    53.751980,     1.951641,    55.073860
    1.787954,    54.910172,     1.787954,    54.142307
    1.964131,    55.073959,    -1.661940,    55.073959
   -1.485759,    51.321877,    -1.485759,    54.910172
   -1.662040,    55.073860,    -1.662040,    51.208557
   54.179985,    50.906368,    54.179985,    51.346863
   54.179985,    51.347061,    54.179985,    51.737186
   54.179886,    51.737286,    53.978622,    51.737286
   53.978523,    51.737186,    53.978523,    50.906368
   53.978622,    50.906269,    54.179886,    50.906269
   57.252140,    64.618095,    54.217857,    64.618095
   54.217758,    64.617996,    54.217758,    64.517464
   56.030792,    36.590057,    54.431908,    36.590057
   56.030792,    36.464146,    54.431908,    36.464146
   54.431908,    36.464146,    56.030792,    36.464146
   56.030792,    36.590057,    54.431908,    36.590057
   57.239746,    36.464146,    57.365463,    36.464146
   57.365562,    56.408527,    57.365562,    56.207268
   57.365562,    54.696121,    57.365562,    54.545227
   57.365562,    54.419117,    57.365562,    51.410015
   57.365562,    51.283905,    57.365562,    48.274803
   57.365562,    48.148693,    57.365562,    48.073345
   57.365562,    46.574791,    57.365562,    43.187954
   57.365562,    41.689404,    57.365562,    41.362228
   57.365562,    39.863674,    57.365562,    36.464245
   57.227058,    39.863674,    57.227058,    36.602749
   57.227058,    41.689404,    57.227058,    41.588871
   57.227058,    41.462761,    57.227058,    41.362228
   57.227058,    46.574791,    57.227058,    46.499443
   57.227058,    46.373333,    57.227058,    43.187954
   57.227058,    54.696121,    57.227058,    51.410015
   57.227058,    51.283905,    57.227058,    48.073345
   57.227058,    56.282616,    57.227058,    56.207268
   57.352970,    36.464245,    57.352970,    39.863674
   57.352970,    41.362228,    57.352970,    41.689404
   57.239647,    41.689404,    57.239647,    41.588871
   57.239647,    41.462761,    57.239647,    41.362228
   57.352970,    43.187954,    57.352970,    46.574791
   57.239647,    46.574791,    57.239647,    46.499443
   57.239647,    46.373333,    57.239647,    43.187954
   57.352970,    48.073345,    57.352970,    48.148693
   57.352970,    48.274803,    57.352970,    51.283905
   57.352970,    51.410015,    57.352970,    54.419117
   57.352970,    54.545227,    57.352970,    54.696121
   57.239647,    54.696121,    57.239647,    51.410015
   57.239647,    51.283905,    57.239647,    48.073345
   57.352970,    56.207268,    57.352970,    56.408527
   57.239647,    56.282616,    57.239647,    56.207268
   54.431908,    56.408627,    55.552326,    56.408627
   54.431908,    56.282715,    55.552326,    56.282715
   57.365463,    56.408627,    56.761280,    56.408627
   56.761280,    56.282715,    57.239548,    56.282715
   55.552326,    56.408627,    54.431908,    56.408627
   54.431908,    56.282715,    55.552326,    56.282715
   57.239548,    46.499344,    54.431908,    46.499344
   54.431908,    46.373432,    57.239548,    46.373432
   57.239548,    41.588772,    54.482273,    41.588772
   54.482174,    41.588673,    54.482174,    41.462959
   54.482273,    41.462860,    57.239548,    41.462860
   57.365562,    56.156902,    57.365562,    56.207069
   57.365463,    56.207169,    57.227158,    56.207169
   57.227058,    56.207069,    57.227058,    56.156902
   57.227158,    56.156803,    57.365463,    56.156803
   57.365562,    55.199970,    57.365562,    55.250137
   57.365463,    55.250237,    57.227158,    55.250237
   57.227058,    55.250137,    57.227058,    55.199970
   57.227158,    55.199871,    57.365463,    55.199871
   57.365562,    55.199772,    57.365562,    54.746685
   57.227058,    54.746685,    57.227058,    55.199772
   57.227058,    41.739765,    57.227058,    41.689602
   57.227158,    41.689503,    57.365463,    41.689503
   57.365562,    41.689602,    57.365562,    41.739765
   57.365463,    41.739864,    57.227158,    41.739864
   57.227058,    42.684105,    57.227058,    42.633942
   57.227158,    42.633842,    57.365463,    42.633842
   57.365562,    42.633942,    57.365562,    42.684105
   57.365463,    42.684204,    57.227158,    42.684204
   57.227058,    42.684303,    57.227058,    43.137390
   57.365562,    43.137390,    57.365562,    42.684303
   57.365562,    41.311863,    57.365562,    41.362030
   57.365463,    41.362129,    57.227158,    41.362129
   57.227058,    41.362030,    57.227058,    41.311863
   57.227158,    41.311764,    57.365463,    41.311764
   57.365562,    40.367523,    57.365562,    40.417690
   57.365463,    40.417789,    57.227158,    40.417789
   57.227058,    40.417690,    57.227058,    40.367523
   57.227158,    40.367424,    57.365463,    40.367424
   57.365562,    40.367325,    57.365562,    39.914238
   57.227058,    39.914238,    57.227058,    40.367325
   60.928871,    56.736099,    60.928871,    57.012905
   60.928772,    57.013004,    60.198681,    57.013004
   62.502674,    57.013004,    62.238457,    57.013004
   62.238358,    57.012905,    62.238358,    56.736099
   60.198582,    57.013103,    60.198582,    59.883701
   60.198681,    59.883801,    62.502674,    59.883801
   62.678951,    60.060078,    60.034996,    60.060078
   62.679050,    56.836826,    62.679050,    60.059978
   62.502773,    59.883701,    62.502773,    57.013103
   62.238457,    56.736000,    62.653770,    56.736000
   58.914379,    56.736000,    60.928772,    56.736000
   62.238457,    56.736000,    62.653770,    56.736000
   60.034798,    56.836727,    59.027702,    56.836727
   58.914379,    56.736000,    60.928772,    56.736000
   59.027603,    56.836826,    59.027603,    58.687538
   58.914280,    58.800858,    58.914280,    56.736099
   59.871113,    58.800957,    58.914379,    58.800957
   59.027702,    58.687637,    60.034798,    58.687637
   59.871113,    58.788364,    58.914379,    58.788364
   57.466290,    36.413883,    57.466290,    36.464046
   58.561726,    36.464046,    58.561726,    36.413883
   57.466389,    36.464146,    58.561626,    36.464146
   58.561626,    36.413784,    57.466389,    36.413784
   57.466290,    36.413883,    57.466290,    36.464046
   57.466190,    36.464146,    57.416023,    36.464146
   57.415924,    36.464046,    57.415924,    36.413883
   57.416023,    36.413784,    57.466190,    36.413784
   58.612091,    36.413883,    58.612091,    36.464046
   58.611992,    36.464146,    58.561825,    36.464146
   58.561726,    36.464046,    58.561726,    36.413883
   58.561825,    36.413784,    58.611992,    36.413784
   63.333897,    49.193863,    63.384060,    49.193863
   63.384060,    48.350250,    63.333897,    48.350250
   63.384159,    49.193764,    63.384159,    48.350349
   63.333797,    48.350349,    63.333797,    49.193764
   63.384159,    49.193962,    63.384159,    49.244129
   63.384060,    49.244228,    63.333897,    49.244228
   63.333797,    49.244129,    63.333797,    49.193962
   63.333897,    49.193863,    63.384060,    49.193863
   63.384159,    41.387413,    63.384159,    41.437576
   63.384060,    41.437675,    63.333897,    41.437675
   63.333797,    41.437576,    63.333797,    41.387413
   63.333897,    41.387314,    63.384060,    41.387314
   63.333897,    42.281288,    63.384060,    42.281288
   63.384060,    41.437675,    63.333897,    41.437675
   63.384159,    42.281189,    63.384159,    41.437775
   63.333797,    41.437775,    63.333797,    42.281189
   63.333897,    43.490044,    63.384060,    43.490044
   63.384060,    42.331654,    63.333897,    42.331654
   63.384159,    43.489944,    63.384159,    42.331753
   63.333797,    42.331753,    63.333797,    43.489944
   63.333897,    44.686211,    63.384060,    44.686211
   63.384060,    43.540409,    63.333897,    43.540409
   63.384159,    44.686111,    63.384159,    43.540508
   63.333797,    43.540508,    63.333797,    44.686111
   63.333897,    45.894966,    63.384060,    45.894966
   63.384060,    44.736576,    63.333897,    44.736576
   63.384159,    45.894867,    63.384159,    44.736675
   63.333797,    44.736675,    63.333797,    45.894867
   63.333897,    47.091129,    63.384060,    47.091129
   63.384060,    45.945332,    63.333897,    45.945332
   63.384159,    47.091030,    63.384159,    45.945431
   63.333797,    45.945431,    63.333797,    47.091030
   63.333897,    48.299889,    63.384060,    48.299889
   63.384060,    47.141495,    63.333897,    47.141495
   63.384159,    48.299789,    63.384159,    47.141594
   63.333797,    47.141594,    63.333797,    48.299789
   63.384159,    42.281387,    63.384159,    42.331554
   63.384060,    42.331654,    63.333897,    42.331654
   63.333797,    42.331554,    63.333797,    42.281387
   63.333897,    42.281288,    63.384060,    42.281288
   63.384159,    43.490143,    63.384159,    43.540310
   63.384060,    43.540409,    63.333897,    43.540409
   63.333797,    43.540310,    63.333797,    43.490143
   63.333897,    43.490044,    63.384060,    43.490044
   63.384159,    44.686310,    63.384159,    44.736477
   63.384060,    44.736576,    63.333897,    44.736576
   63.333797,    44.736477,    63.333797,    44.686310
   63.333897,    44.686211,    63.384060,    44.686211
   63.384159,    45.895065,    63.384159,    45.945232
   63.384060,    45.945332,    63.333897,    45.945332
   63.333797,    45.945232,    63.333797,    45.895065
   63.333897,    45.894966,    63.384060,    45.894966
   63.384159,    47.091228,    63.384159,    47.141396
   63.384060,    47.141495,    63.333897,    47.141495
   63.333797,    47.141396,    63.333797,    47.091228
   63.333897,    47.091129,    63.384060,    47.091129
   63.384159,    48.299988,    63.384159,    48.350151
   63.384060,    48.350250,    63.333897,    48.350250
   63.333797,    48.350151,    63.333797,    48.299988
   63.333897,    48.299889,    63.384060,    48.299889
   63.384060,    50.704807,    63.333897,    50.704807
   63.333897,    51.485462,    63.384060,    51.485462
   63.333797,    50.704906,    63.333797,    51.485363
   63.384159,    51.485363,    63.384159,    50.704906
   63.384060,    50.704807,    63.333897,    50.704807
   63.333797,    50.704708,    63.333797,    50.654541
   63.333897,    50.654442,    63.384060,    50.654442
   63.384159,    50.654541,    63.384159,    50.704708
   63.384060,    55.967934,    63.333897,    55.967934
   63.333797,    55.967834,    63.333797,    55.917667
   63.333897,    55.917568,    63.384060,    55.917568
   63.384159,    55.917667,    63.384159,    55.967834
   63.384060,    55.136913,    63.333897,    55.136913
   63.333897,    55.917568,    63.384060,    55.917568
   63.333797,    55.137012,    63.333797,    55.917469
   63.384159,    55.917469,    63.384159,    55.137012
   63.384060,    53.940750,    63.333897,    53.940750
   63.333897,    55.086548,    63.384060,    55.086548
   63.333797,    53.940849,    63.333797,    55.086449
   63.384159,    55.086449,    63.384159,    53.940849
   63.384060,    52.731991,    63.333897,    52.731991
   63.333897,    53.890385,    63.384060,    53.890385
   63.333797,    52.732090,    63.333797,    53.890285
   63.384159,    53.890285,    63.384159,    52.732090
   63.384060,    51.535828,    63.333897,    51.535828
   63.333897,    52.681629,    63.384060,    52.681629
   63.333797,    51.535927,    63.333797,    52.681530
   63.384159,    52.681530,    63.384159,    51.535927
   63.384060,    55.136913,    63.333897,    55.136913
   63.333797,    55.136814,    63.333797,    55.086647
   63.333897,    55.086548,    63.384060,    55.086548
   63.384159,    55.086647,    63.384159,    55.136814
   63.384060,    53.940750,    63.333897,    53.940750
   63.333797,    53.940651,    63.333797,    53.890484
   63.333897,    53.890385,    63.384060,    53.890385
   63.384159,    53.890484,    63.384159,    53.940651
   63.384060,    52.731991,    63.333897,    52.731991
   63.333797,    52.731892,    63.333797,    52.681728
   63.333897,    52.681629,    63.384060,    52.681629
   63.384159,    52.681728,    63.384159,    52.731892
   63.384060,    51.535828,    63.333897,    51.535828
   63.333797,    51.535728,    63.333797,    51.485561
   63.333897,    51.485462,    63.384060,    51.485462
   63.384159,    51.485561,    63.384159,    51.535728
   63.484802,    61.482933,    62.679138,    61.948711
   62.704323,    61.986485,    63.509983,    61.520706
   62.653782,    61.948811,    61.797756,    62.452358
   63.484978,    61.482838,    63.535168,    61.457748
   63.560349,    61.495522,    63.510159,    61.520611
   61.822803,    62.502686,    61.797714,    62.452496
   61.747402,    65.675758,    61.797569,    65.675758
   61.797569,    64.731415,    61.747402,    64.731415
   61.797668,    65.675659,    61.797668,    64.731514
   61.747303,    64.731514,    61.747303,    65.675659
   61.797668,    65.675858,    61.797668,    65.726021
   61.797569,    65.726120,    61.747402,    65.726120
   61.747303,    65.726021,    61.747303,    65.675858
   61.747402,    65.675758,    61.797569,    65.675758
   61.797668,    62.490280,    61.797668,    62.540447
   61.797569,    62.540546,    61.747402,    62.540546
   61.747303,    62.540447,    61.747303,    62.490280
   61.747402,    62.490181,    61.797569,    62.490181
   61.747402,    63.484886,    61.797569,    63.484886
   61.797569,    62.540546,    61.747402,    62.540546
   61.797668,    63.484787,    61.797668,    62.540646
   61.747303,    62.540646,    61.747303,    63.484787
   61.797668,    63.484985,    61.797668,    63.535152
   61.797569,    63.535252,    61.747402,    63.535252
   61.747303,    63.535152,    61.747303,    63.484985
   61.747402,    63.484886,    61.797569,    63.484886
   61.747402,    64.681053,    61.797569,    64.681053
   61.797569,    63.535252,    61.747402,    63.535252
   61.797668,    64.680954,    61.797668,    63.535351
   61.747303,    63.535351,    61.747303,    64.680954
   61.797668,    64.681152,    61.797668,    64.731316
   61.797569,    64.731415,    61.747402,    64.731415
   61.747303,    64.731316,    61.747303,    64.681152
   61.747402,    64.681053,    61.797569,    64.681053
   64.756500,    49.596779,    64.706337,    49.596779
   64.706238,    49.596878,    64.706238,    50.603981
   64.756599,    49.143398,    64.756599,    49.055458
   64.706238,    49.055458,    64.706238,    49.143398
   64.706337,    49.055359,    64.756500,    49.055359
   64.756599,    49.055260,    64.756599,    48.362942
   64.756500,    49.055359,    64.706337,    49.055359
   64.706238,    48.362942,    64.706238,    49.055260
   64.756599,    48.362743,    64.756599,    47.166775
   64.706238,    47.166775,    64.706238,    48.362743
   63.472298,    49.143398,    63.472298,    49.055458
   63.421932,    49.055458,    63.421932,    49.143398
   63.422031,    49.055359,    63.472198,    49.055359
   63.472298,    49.055260,    63.472298,    48.362942
   63.472198,    49.055359,    63.422031,    49.055359
   63.421932,    48.362942,    63.421932,    49.055260
   63.472298,    48.362743,    63.472298,    47.166775
   63.421932,    47.166775,    63.421932,    48.362743
   64.756599,    50.603981,    64.756599,    49.596878
   63.333797,    50.553810,    63.333797,    50.603981
   63.333897,    50.604080,    64.756500,    50.604080
   63.422031,    49.332367,    63.472198,    49.332367
   63.472298,    49.332268,    63.472298,    49.143597
    1.939047,    50.641949,     1.939047,    52.051968
    1.825726,    54.142109,     1.825726,    51.321877
   -3.399524,    31.553577,    -3.349362,    31.553577
   -3.349262,    31.553677,    -3.349262,    31.603840
   -3.349362,    31.603939,    -3.399524,    31.603939
   -3.399624,    31.603840,    -3.399624,    31.553677
   -3.399524,    32.762333,    -3.349362,    32.762333
   -3.349262,    32.762432,    -3.349262,    32.812599
   -3.349362,    32.812698,    -3.399524,    32.812698
   -3.399624,    32.812599,    -3.399624,    32.762432
   -3.399524,    33.958496,    -3.349362,    33.958496
   -3.349262,    33.958595,    -3.349262,    34.008762
   -3.349362,    34.008862,    -3.399524,    34.008862
   -3.399624,    34.008762,    -3.399624,    33.958595
   -3.399524,    35.167252,    -3.349362,    35.167252
   -3.349262,    35.167351,    -3.349262,    35.217518
   -3.349362,    35.217617,    -3.399524,    35.217617
   -3.399624,    35.217518,    -3.399624,    35.167351
   -3.399524,    36.363419,    -3.349362,    36.363419
   -3.349262,    36.363518,    -3.349262,    36.413685
   -3.349362,    36.413784,    -3.399524,    36.413784
   -3.399624,    36.413685,    -3.399624,    36.363518
   -3.399524,    37.572174,    -3.349362,    37.572174
   -3.349262,    37.572273,    -3.349262,    37.622440
   -3.349362,    37.622540,    -3.399524,    37.622540
   -3.399624,    37.622440,    -3.399624,    37.572273
   -3.399524,    38.768341,    -3.349362,    38.768341
   -3.349262,    38.768440,    -3.349262,    38.818604
   -3.349362,    38.818703,    -3.399524,    38.818703
   -3.399624,    38.818604,    -3.399624,    38.768440
   -3.399524,    39.977097,    -3.349362,    39.977097
   -3.349262,    39.977196,    -3.349262,    40.027363
   -3.349362,    40.027462,    -3.399524,    40.027462
   -3.399624,    40.027363,    -3.399624,    39.977196
   -3.399524,    41.173260,    -3.349362,    41.173260
   -3.349262,    41.173359,    -3.349262,    41.223526
   -3.349362,    41.223625,    -3.399524,    41.223625
   -3.399624,    41.223526,    -3.399624,    41.173359
   -3.399524,    42.382015,    -3.349362,    42.382015
   -3.349262,    42.382114,    -3.349262,    42.432285
   -3.349362,    42.432384,    -3.399524,    42.432384
   -3.399624,    42.432285,    -3.399624,    42.382114
   -3.399524,    43.578182,    -3.349362,    43.578182
   -3.349262,    43.578281,    -3.349262,    43.628448
   -3.349362,    43.628548,    -3.399524,    43.628548
   -3.399624,    43.628448,    -3.399624,    43.578281
   -3.399524,    43.578182,    -3.349362,    43.578182
   -3.349362,    42.432384,    -3.399524,    42.432384
   -3.349262,    43.578083,    -3.349262,    42.432484
   -3.399624,    42.432484,    -3.399624,    43.578083
   -3.399524,    42.382015,    -3.349362,    42.382015
   -3.349362,    41.223625,    -3.399524,    41.223625
   -3.349262,    42.381916,    -3.349262,    41.223724
   -3.399624,    41.223724,    -3.399624,    42.381916
   -3.399524,    41.173260,    -3.349362,    41.173260
   -3.349362,    40.027462,    -3.399524,    40.027462
   -3.349262,    41.173161,    -3.349262,    40.027561
   -3.399624,    40.027561,    -3.399624,    41.173161
   -3.399524,    39.977097,    -3.349362,    39.977097
   -3.349362,    38.818703,    -3.399524,    38.818703
   -3.349262,    39.976997,    -3.349262,    38.818802
   -3.399624,    38.818802,    -3.399624,    39.976997
   -3.399524,    38.768341,    -3.349362,    38.768341
   -3.349362,    37.622540,    -3.399524,    37.622540
   -3.349262,    38.768242,    -3.349262,    37.622639
   -3.399624,    37.622639,    -3.399624,    38.768242
   -3.399524,    37.572174,    -3.349362,    37.572174
   -3.349362,    36.413784,    -3.399524,    36.413784
   -3.349262,    37.572075,    -3.349262,    36.413883
   -3.399624,    36.413883,    -3.399624,    37.572075
   -3.399524,    36.363419,    -3.349362,    36.363419
   -3.349362,    35.217617,    -3.399524,    35.217617
   -3.349262,    36.363319,    -3.349262,    35.217716
   -3.399624,    35.217716,    -3.399624,    36.363319
   -3.399524,    35.167252,    -3.349362,    35.167252
   -3.349362,    34.008862,    -3.399524,    34.008862
   -3.349262,    35.167152,    -3.349262,    34.008961
   -3.399624,    34.008961,    -3.399624,    35.167152
   -3.399524,    33.958496,    -3.349362,    33.958496
   -3.349362,    32.812698,    -3.399524,    32.812698
   -3.349262,    33.958397,    -3.349262,    32.812798
   -3.399624,    32.812798,    -3.399624,    33.958397
   -3.399524,    32.762333,    -3.349362,    32.762333
   -3.349362,    31.603939,    -3.399524,    31.603939
   -3.349262,    32.762234,    -3.349262,    31.604038
   -3.399624,    31.604038,    -3.399624,    32.762234
   -3.399524,    44.786938,    -3.349362,    44.786938
   -3.349362,    43.628548,    -3.399524,    43.628548
   -3.349262,    44.786839,    -3.349262,    43.628647
   -3.399624,    43.628647,    -3.399624,    44.786839
   -3.399524,    44.786938,    -3.349362,    44.786938
   -3.349262,    44.787037,    -3.349262,    44.837204
   -3.349362,    44.837303,    -3.399524,    44.837303
   -3.399624,    44.837204,    -3.399624,    44.787037
    2.241239,    56.458893,     2.241239,    56.408726
    1.687222,    56.408726,     1.687222,    56.458893
    2.241139,    56.408627,     1.687322,    56.408627
    1.687322,    56.458992,     2.241139,    56.458992
    3.449994,    56.458893,     3.449994,    56.408726
    2.291605,    56.408726,     2.291605,    56.458893
    3.449894,    56.408627,     2.291704,    56.408627
    2.291704,    56.458992,     3.449894,    56.458992
    3.449994,    56.458893,     3.449994,    56.408726
    3.450094,    56.408627,     3.500260,    56.408627
    3.500360,    56.408726,     3.500360,    56.458893
    3.500260,    56.458992,     3.450094,    56.458992
    2.241239,    56.458893,     2.241239,    56.408726
    2.241339,    56.408627,     2.291505,    56.408627
    2.291605,    56.408726,     2.291605,    56.458893
    2.291505,    56.458992,     2.241339,    56.458992
    1.636861,    56.458893,     1.636861,    56.408726
    1.636961,    56.408627,     1.687122,    56.408627
    1.687222,    56.408726,     1.687222,    56.458893
    1.687122,    56.458992,     1.636961,    56.458992
    3.462482,    32.233498,     3.412321,    32.233498
    3.412321,    33.379299,     3.462482,    33.379299
    3.412221,    32.233597,     3.412221,    33.379200
    3.462582,    33.379200,     3.462582,    32.233597
    3.462482,    33.429665,     3.412321,    33.429665
    3.412321,    34.588055,     3.462482,    34.588055
    3.412221,    33.429764,     3.412221,    34.587955
    3.462582,    34.587955,     3.462582,    33.429764
    3.462482,    34.638424,     3.412321,    34.638424
    3.412321,    35.129478,     3.462482,    35.129478
    3.412221,    34.638523,     3.412221,    35.129379
    3.462582,    35.129379,     3.462582,    34.638523
    3.462482,    31.603939,     3.412321,    31.603939
    3.412321,    32.183136,     3.462482,    32.183136
    3.412221,    31.604038,     3.412221,    32.183037
    3.462582,    32.183037,     3.462582,    31.604038
    3.399628,    32.208420,     3.399628,    33.404385
    3.399628,    33.404583,     3.399628,    34.613140
    3.399628,    34.613338,     3.399628,    35.129379
    3.462482,    31.603939,     3.412321,    31.603939
    3.412221,    31.603840,     3.412221,    31.553677
    3.412321,    31.553577,     3.462482,    31.553577
    3.462582,    31.553677,     3.462582,    31.603840
    3.462482,    32.233498,     3.412321,    32.233498
    3.412221,    32.233398,     3.412221,    32.183235
    3.412321,    32.183136,     3.462482,    32.183136
    3.462582,    32.183235,     3.462582,    32.233398
    3.462482,    33.429665,     3.412321,    33.429665
    3.412221,    33.429565,     3.412221,    33.379398
    3.412321,    33.379299,     3.462482,    33.379299
    3.462582,    33.379398,     3.462582,    33.429565
    3.462482,    34.638424,     3.412321,    34.638424
    3.412221,    34.638325,     3.412221,    34.588154
    3.412321,    34.588055,     3.462482,    34.588055
    3.462582,    34.588154,     3.462582,    34.638325
    3.462482,    35.179844,     3.412321,    35.179844
    3.412221,    35.179745,     3.412221,    35.129578
    3.412321,    35.129478,     3.462482,    35.129478
    3.462582,    35.129578,     3.462582,    35.179745
    3.538232,    35.129478,     3.588398,    35.129478
    3.588498,    35.129379,     3.588498,    35.054031
    3.538132,    35.054031,     3.538132,    35.129379
    3.538232,    35.053932,     3.588398,    35.053932
    3.588498,    35.053833,     3.588498,    34.185238
    3.588498,    34.159855,     3.588498,    33.240898
    3.588498,    33.215519,     3.588498,    32.283962
    3.588498,    32.258583,     3.588498,    31.301851
    3.588398,    35.053932,     3.538232,    35.053932
    3.538132,    31.301851,     3.538132,    32.258583
    3.538132,    32.283962,     3.538132,    33.215519
    3.538132,    33.240898,     3.538132,    34.159855
    3.538132,    34.185238,     3.538132,    35.053833
    1.951641,    50.516041,     1.951641,    50.641750
    1.964231,    54.142109,     1.964231,    53.751980
    1.964231,    52.341568,     1.964231,    52.052166
    1.951641,    52.052166,     1.951641,    52.341568
    1.951541,    52.341667,     1.851009,    52.341667
    1.850909,    52.341568,     1.850909,    52.052166
    1.850909,    54.142109,     1.850909,    53.751980
    1.851009,    53.751881,     1.951541,    53.751881
   57.365562,    39.863873,    57.365562,    39.914040
   57.365463,    39.914139,    57.227158,    39.914139
   57.227058,    39.914040,    57.227058,    39.863873
   57.227158,    39.863773,    57.365463,    39.863773
   57.227058,    43.187756,    57.227058,    43.137589
   57.227158,    43.137489,    57.365463,    43.137489
   57.365562,    43.137589,    57.365562,    43.187756
   57.365463,    43.187855,    57.227158,    43.187855
   57.365562,    54.696320,    57.365562,    54.746487
   57.365463,    54.746586,    57.227158,    54.746586
   57.227058,    54.746487,    57.227058,    54.696320
   57.227158,    54.696220,    57.365463,    54.696220
    3.462682,    56.383446,     3.588398,    56.383446
    4.784764,    56.383446,     6.673245,    56.383446
    4.784764,    56.257534,     6.673245,    56.257534
    6.673245,    56.383446,     4.784764,    56.383446
    4.784764,    56.257534,     6.673245,    56.257534
    3.588398,    56.383446,     3.462682,    56.383446
    3.588598,    36.590057,     6.673245,    36.590057
    6.673245,    36.590057,     3.588598,    36.590057
    3.462682,    36.464146,     6.673245,    36.464146
    3.588598,    41.588772,     6.673245,    41.588772
    3.588598,    41.462860,     6.673245,    41.462860
    6.673245,    41.588772,     3.588598,    41.588772
    3.588598,    41.462860,     6.673245,    41.462860
    6.673345,    41.110405,     6.673345,    41.941223
    3.588598,    46.499344,     6.673245,    46.499344
    3.588598,    46.373432,     6.673245,    46.373432
    6.673245,    46.499344,     3.588598,    46.499344
    3.588598,    46.373432,     6.673245,    46.373432
    6.673345,    46.020977,     6.673345,    46.851799
    3.601186,    51.284004,     6.673245,    51.284004
    6.673245,    51.409916,     3.601186,    51.409916
    3.601086,    51.409817,     3.601086,    51.284103
    3.601186,    51.284004,     6.673245,    51.284004
    3.462582,    53.311287,     3.462582,    56.383347
    3.462582,    56.383347,     3.462582,    53.311287
    3.588498,    46.499443,     3.588498,    46.599976
    3.462582,    51.510548,     3.462582,    48.400715
    3.588498,    48.400715,     3.588498,    51.510548
    3.588498,    46.499443,     3.588498,    46.599976
    3.462582,    46.272800,     3.462582,    46.599976
    3.588498,    46.272800,     3.588498,    46.373333
    3.588498,    41.588871,     3.588498,    44.472057
    3.588498,    46.272800,     3.588498,    46.373333
    3.588498,    41.588871,     3.588498,    44.472057
    3.462582,    36.464245,     3.462582,    36.690689
    3.462582,    38.491432,     3.462582,    44.472057
    3.588498,    38.491432,     3.588498,    41.462761
    3.588498,    36.590157,     3.588498,    36.690689
    3.588498,    38.491432,     3.588498,    41.462761
    3.588498,    36.590157,     3.588498,    36.690689
   -2.304090,    51.686920,    -1.662140,    51.686920
   -2.304090,    51.561012,    -1.662140,    51.561012
   -1.662140,    51.686920,    -2.304090,    51.686920
   -2.304090,    51.561012,    -1.662140,    51.561012
   -3.210858,    51.686920,    -3.336569,    51.686920
    1.813137,    48.161484,     1.813137,    48.262012
    1.813137,    50.062756,     1.813137,    51.208359
    1.939047,    50.062756,     1.939047,    50.515842
    1.939047,    50.062756,     1.939047,    50.515842
    1.951541,    50.515942,     1.813237,    50.515942
    1.813137,    48.262012,     1.813137,    48.161484
   -3.336669,    44.787037,    -3.336669,    47.443584
   -3.336669,    48.035568,    -3.336669,    48.161285
   -3.336669,    48.765862,    -3.336669,    50.339561
   -3.336669,    51.246330,    -3.336669,    51.686821
   -3.198164,    51.246330,    -3.198164,    51.548321
   -3.198164,    48.765862,    -3.198164,    50.339561
   -3.198164,    44.912949,    -3.198164,    47.443584
   -3.324080,    51.686821,    -3.324080,    51.246330
   -3.324080,    50.339561,    -3.324080,    48.765862
   -3.210758,    48.765862,    -3.210758,    50.339561
   -3.324080,    48.161285,    -3.324080,    48.035568
   -3.324080,    47.443584,    -3.324080,    44.787037
   -3.323980,    44.786938,    -3.210858,    44.786938
    1.813137,    47.934841,     1.813137,    48.035370
    1.939047,    47.934841,     1.939047,    48.262012
    1.813137,    48.035370,     1.813137,    47.934841
    1.813137,    46.134098,     1.813137,    44.900360
    1.939047,    44.774445,     1.939047,    46.134098
   -2.606281,    44.912849,    -2.027282,    44.912849
   -1.133107,    44.912849,     1.813037,    44.912849
   -1.133107,    44.774345,     1.938947,    44.774345
   -2.606281,    44.774345,    -2.027282,    44.774345
    1.813037,    44.900261,    -1.133107,    44.900261
   -1.133107,    44.786938,     1.938947,    44.786938
   -2.027282,    44.900261,    -2.606281,    44.900261
   -2.606281,    44.786938,    -2.027282,    44.786938
    3.600986,    46.650436,     3.450094,    46.650436
    3.450089,    46.650406,     3.600991,    46.600105
    3.601086,    46.600174,     3.601086,    46.650337
    3.600991,    46.600105,     3.450089,    46.650406
    3.449994,    46.650337,     3.449994,    46.600174
    3.450094,    46.600075,     3.600986,    46.600075
    3.449994,    46.650337,     3.449994,    46.600174
    3.450094,    46.600075,     3.600986,    46.600075
    3.601086,    46.600174,     3.601086,    46.650337
    3.600986,    46.650436,     3.450094,    46.650436
    3.600986,    47.594776,     3.450094,    47.594776
    3.450089,    47.594746,     3.600991,    47.544445
    3.601086,    47.544514,     3.601086,    47.594677
    3.600991,    47.544445,     3.450089,    47.594746
    3.449994,    47.594677,     3.449994,    47.544514
    3.450094,    47.544415,     3.600986,    47.544415
    3.449994,    47.594677,     3.449994,    47.544514
    3.450094,    47.544415,     3.600986,    47.544415
    3.601086,    47.544514,     3.601086,    47.594677
    3.600986,    47.594776,     3.450094,    47.594776
    3.450094,    46.222336,     3.600986,    46.222336
    3.600991,    46.222366,     3.450089,    46.272671
    3.449994,    46.272602,     3.449994,    46.222435
    3.450089,    46.272671,     3.600991,    46.222366
    3.601086,    46.222435,     3.601086,    46.272602
    3.600986,    46.272701,     3.450094,    46.272701
    3.601086,    46.222435,     3.601086,    46.272602
    3.600986,    46.272701,     3.450094,    46.272701
    3.449994,    46.272602,     3.449994,    46.222435
    3.450094,    46.222336,     3.600986,    46.222336
    3.450094,    45.277996,     3.600986,    45.277996
    3.600991,    45.278027,     3.450089,    45.328331
    3.449994,    45.328262,     3.449994,    45.278095
    3.450089,    45.328331,     3.600991,    45.278027
    3.601086,    45.278095,     3.601086,    45.328262
    3.600986,    45.328362,     3.450094,    45.328362
    3.601086,    45.278095,     3.601086,    45.328262
    3.600986,    45.328362,     3.450094,    45.328362
    3.449994,    45.328262,     3.449994,    45.278095
    3.450094,    45.277996,     3.600986,    45.277996
   -3.198264,    50.390030,    -3.336569,    50.390030
   -3.336575,    50.389996,    -3.198258,    50.339695
   -3.198164,    50.339760,    -3.198164,    50.389931
   -3.198258,    50.339695,    -3.336575,    50.389996
   -3.336669,    50.389931,    -3.336669,    50.339760
   -3.336569,    50.339661,    -3.198264,    50.339661
   -3.336669,    50.389931,    -3.336669,    50.339760
   -3.336569,    50.339661,    -3.198264,    50.339661
   -3.198164,    50.339760,    -3.198164,    50.389931
   -3.198264,    50.390030,    -3.336569,    50.390030
   -3.336669,    50.390129,    -3.336669,    51.195766
   -3.198164,    51.195766,    -3.198164,    50.390129
   -2.354556,    51.699413,    -2.354556,    51.548519
   -2.354524,    51.548515,    -2.304222,    51.699417
   -2.304290,    51.699512,    -2.354456,    51.699512
   -2.304222,    51.699417,    -2.354524,    51.548515
   -2.354456,    51.548420,    -2.304290,    51.548420
   -2.304190,    51.548519,    -2.304190,    51.699413
   -2.354456,    51.548420,    -2.304290,    51.548420
   -2.304190,    51.548519,    -2.304190,    51.699413
   -2.304290,    51.699512,    -2.354456,    51.699512
   -2.354556,    51.699413,    -2.354556,    51.548519
   -2.354656,    51.548420,    -3.160293,    51.548420
   -3.160293,    51.699512,    -2.354656,    51.699512
   -3.198264,    48.211750,    -3.336569,    48.211750
   -3.336575,    48.211716,    -3.198258,    48.161419
   -3.198164,    48.161484,    -3.198164,    48.211651
   -3.198258,    48.161419,    -3.336575,    48.211716
   -3.336669,    48.211651,    -3.336669,    48.161484
   -3.336669,    48.211651,    -3.336669,    48.161484
   -3.336569,    48.161385,     1.813037,    48.161385
   -3.198164,    48.161484,    -3.198164,    48.211651
   -3.198264,    48.211750,    -3.336569,    48.211750
   -3.336669,    48.211849,    -3.336669,    48.715298
   -3.198164,    48.715298,    -3.198164,    48.211849
   -3.198264,    48.715397,    -3.336569,    48.715397
   -3.336575,    48.715431,    -3.198258,    48.765728
   -3.198164,    48.765663,    -3.198164,    48.715496
   -3.198258,    48.765728,    -3.336575,    48.715431
   -3.336669,    48.715496,    -3.336669,    48.765663
   -3.336569,    48.765762,    -3.198264,    48.765762
   -3.336669,    48.765663,    -3.336669,    48.715496
   -3.336569,    48.715397,    -3.198264,    48.715397
   -3.198164,    48.715496,    -3.198164,    48.765663
   -3.198264,    48.765762,    -3.336569,    48.765762
   -3.336569,    47.997700,    -3.198264,    47.997700
   -3.198261,    47.997726,    -3.336572,    48.035442
   -3.336572,    48.035442,    -3.198261,    47.997726
    1.813037,    48.035469,    -3.336569,    48.035469
   -3.336569,    47.997700,    -3.198264,    47.997700
   -3.198164,    47.997601,    -3.198164,    47.494148
   -3.336669,    47.494148,    -3.336669,    47.997601
   -3.336569,    47.494049,    -3.198264,    47.494049
   -3.198258,    47.494015,    -3.336575,    47.443718
   -3.336669,    47.443783,    -3.336669,    47.493950
   -3.336575,    47.443718,    -3.198258,    47.494015
   -3.198164,    47.493950,    -3.198164,    47.443783
   -3.198264,    47.443684,    -3.336569,    47.443684
   -3.198164,    47.443783,    -3.198164,    47.493950
   -3.198264,    47.494049,    -3.336569,    47.494049
   -3.336669,    47.493950,    -3.336669,    47.443783
   -3.336569,    47.443684,    -3.198264,    47.443684
    4.734298,    56.395935,     4.734298,    56.245041
    4.734329,    56.245037,     4.784632,    56.395939
    4.784564,    56.396034,     4.734398,    56.396034
    4.784632,    56.395939,     4.734329,    56.245037
    4.734398,    56.244942,     4.784564,    56.244942
    4.784664,    56.245041,     4.784664,    56.395935
    4.734398,    56.244942,     4.784564,    56.244942
    4.784664,    56.245041,     4.784664,    56.395935
    4.784564,    56.396034,     4.734398,    56.396034
    4.734298,    56.395935,     4.734298,    56.245041
    4.734198,    56.244942,     3.638963,    56.244942
    3.638963,    56.396034,     4.734198,    56.396034
   -2.656743,    44.912750,    -2.656743,    44.774445
   -2.656708,    44.774441,    -2.606415,    44.912754
   -2.606481,    44.912849,    -2.656643,    44.912849
   -2.606415,    44.912754,    -2.656708,    44.774441
   -2.656643,    44.774345,    -2.606481,    44.774345
   -2.606381,    44.774445,    -2.606381,    44.912750
   -2.656643,    44.774345,    -2.606481,    44.774345
   -2.606381,    44.774445,    -2.606381,    44.912750
   -2.606481,    44.912849,    -2.656643,    44.912849
   -2.656743,    44.912750,    -2.656743,    44.774445
   -2.656842,    44.774345,    -3.160293,    44.774345
   -3.160293,    44.912849,    -2.656842,    44.912849
   -3.160393,    44.912750,    -3.160393,    44.774445
   -3.160427,    44.774441,    -3.210724,    44.912754
   -3.210658,    44.912849,    -3.160492,    44.912849
   -3.210724,    44.912754,    -3.160427,    44.774441
   -3.160492,    44.774345,    -3.210658,    44.774345
   -3.210658,    44.774345,    -3.160492,    44.774345
   -3.160393,    44.774445,    -3.160393,    44.912750
   -3.160492,    44.912849,    -3.210658,    44.912849
   -3.210758,    47.443584,    -3.210758,    44.774445
   -1.183572,    44.912750,    -1.183572,    44.774445
   -1.183538,    44.774441,    -1.133241,    44.912754
   -1.133307,    44.912849,    -1.183472,    44.912849
   -1.133241,    44.912754,    -1.183538,    44.774441
   -1.183472,    44.774345,    -1.133307,    44.774345
   -1.133207,    44.774445,    -1.133207,    44.912750
   -1.183472,    44.774345,    -1.133307,    44.774345
   -1.133207,    44.774445,    -1.133207,    44.912750
   -1.133307,    44.912849,    -1.183472,    44.912849
   -1.183572,    44.912750,    -1.183572,    44.774445
   -1.183672,    44.774345,    -1.976720,    44.774345
   -1.976720,    44.912849,    -1.183672,    44.912849
   -1.976820,    44.912750,    -1.976820,    44.774445
   -1.976854,    44.774441,    -2.027148,    44.912754
   -2.027082,    44.912849,    -1.976920,    44.912849
   -2.027148,    44.912754,    -1.976854,    44.774441
   -1.976920,    44.774345,    -2.027082,    44.774345
   -2.027182,    44.774445,    -2.027182,    44.912750
   -2.027082,    44.774345,    -1.976920,    44.774345
   -1.976820,    44.774445,    -1.976820,    44.912750
   -1.976920,    44.912849,    -2.027082,    44.912849
   -2.027182,    44.912750,    -2.027182,    44.774445
   -3.198264,    51.195866,    -3.336569,    51.195866
   -3.336575,    51.195900,    -3.198258,    51.246197
   -3.198164,    51.246132,    -3.198164,    51.195965
   -3.198258,    51.246197,    -3.336575,    51.195900
   -3.336669,    51.195965,    -3.336669,    51.246132
   -3.336569,    51.246231,    -3.198264,    51.246231
   -3.336669,    51.246132,    -3.336669,    51.195965
   -3.336569,    51.195866,    -3.198264,    51.195866
   -3.198164,    51.195965,    -3.198164,    51.246132
   -3.198264,    51.246231,    -3.336569,    51.246231
    3.638863,    56.395935,     3.638863,    56.245041
    3.638832,    56.245037,     3.588529,    56.395939
    3.588598,    56.396034,     3.638763,    56.396034
    3.588529,    56.395939,     3.638832,    56.245037
    3.638763,    56.244942,     3.588598,    56.244942
    3.588598,    56.244942,     3.638763,    56.244942
    3.638863,    56.245041,     3.638863,    56.395935
    3.638763,    56.396034,     3.588598,    56.396034
    3.588498,    56.395935,     3.588498,    53.311287
   -3.160393,    51.699413,    -3.160393,    51.548519
   -3.160424,    51.548515,    -3.210726,    51.699417
   -3.210658,    51.699512,    -3.160492,    51.699512
   -3.210726,    51.699417,    -3.160424,    51.548515
   -3.160492,    51.548420,    -3.210658,    51.548420
   -3.210658,    51.548420,    -3.160492,    51.548420
   -3.160393,    51.548519,    -3.160393,    51.699413
   -3.160492,    51.699512,    -3.210658,    51.699512
   -3.210758,    51.699413,    -3.210758,    51.246330
    3.450094,    44.522522,     3.600986,    44.522522
    3.600991,    44.522491,     3.450089,    44.472187
    3.449994,    44.472256,     3.449994,    44.522423
    3.450089,    44.472187,     3.600991,    44.522491
    3.601086,    44.522423,     3.601086,    44.472256
    3.600986,    44.472157,     3.450094,    44.472157
    3.601086,    44.472256,     3.601086,    44.522423
    3.600986,    44.522522,     3.450094,    44.522522
    3.449994,    44.522423,     3.449994,    44.472256
    3.450094,    44.472157,     3.600986,    44.472157
    3.600986,    48.350250,     3.450094,    48.350250
    3.450089,    48.350281,     3.600991,    48.400585
    3.601086,    48.400517,     3.601086,    48.350349
    3.600991,    48.400585,     3.450089,    48.350281
    3.449994,    48.350349,     3.449994,    48.400517
    3.450094,    48.400616,     3.600986,    48.400616
    3.449994,    48.400517,     3.449994,    48.350349
    3.450094,    48.350250,     3.600986,    48.350250
    3.601086,    48.350349,     3.601086,    48.400517
    3.600986,    48.400616,     3.450094,    48.400616
    3.449994,    47.594875,     3.449994,    48.350151
    3.601086,    48.350151,     3.601086,    47.594875
    3.601086,    45.277897,     3.601086,    44.522621
    3.449994,    44.522621,     3.449994,    45.277897
    3.600986,    51.561012,     3.450094,    51.561012
    3.450089,    51.560982,     3.600991,    51.510677
    3.601086,    51.510746,     3.601086,    51.560913
    3.600991,    51.510677,     3.450089,    51.560982
    3.449994,    51.560913,     3.449994,    51.510746
    3.450094,    51.510647,     3.600986,    51.510647
    3.449994,    51.560913,     3.449994,    51.510746
    3.450094,    51.510647,     3.600986,    51.510647
    3.601086,    51.510746,     3.601086,    51.560913
    3.600986,    51.561012,     3.450094,    51.561012
    3.600986,    52.505352,     3.450094,    52.505352
    3.450089,    52.505322,     3.600991,    52.455017
    3.601086,    52.455086,     3.601086,    52.505253
    3.600991,    52.455017,     3.450089,    52.505322
    3.449994,    52.505253,     3.449994,    52.455086
    3.450094,    52.454987,     3.600986,    52.454987
    3.449994,    52.505253,     3.449994,    52.455086
    3.450094,    52.454987,     3.600986,    52.454987
    3.601086,    52.455086,     3.601086,    52.505253
    3.600986,    52.505352,     3.450094,    52.505352
    3.600986,    53.260822,     3.450094,    53.260822
    3.450089,    53.260853,     3.600991,    53.311157
    3.601086,    53.311089,     3.601086,    53.260921
    3.600991,    53.311157,     3.450089,    53.260853
    3.449994,    53.260921,     3.449994,    53.311089
    3.450094,    53.311188,     3.600986,    53.311188
    3.449994,    53.311089,     3.449994,    53.260921
    3.450094,    53.260822,     3.600986,    53.260822
    3.601086,    53.260921,     3.601086,    53.311089
    3.600986,    53.311188,     3.450094,    53.311188
    3.449994,    52.505451,     3.449994,    53.260723
    3.601086,    53.260723,     3.601086,    52.505451
    1.951541,    48.312477,     1.800643,    48.312477
    1.800638,    48.312447,     1.951546,    48.262142
    1.951641,    48.262211,     1.951641,    48.312378
    1.951546,    48.262142,     1.800638,    48.312447
    1.800543,    48.312378,     1.800543,    48.262211
    1.800643,    48.262112,     1.951541,    48.262112
    1.800543,    48.312378,     1.800543,    48.262211
    1.800643,    48.262112,     1.951541,    48.262112
    1.951641,    48.262211,     1.951641,    48.312378
    1.951541,    48.312477,     1.800643,    48.312477
    1.951541,    49.256821,     1.800643,    49.256821
    1.800640,    49.256798,     1.951544,    49.219067
    1.951544,    49.219067,     1.800640,    49.256798
    1.800643,    49.219044,     1.951541,    49.219044
    1.800643,    49.219044,     1.951541,    49.219044
    1.951541,    49.256821,     1.800643,    49.256821
    1.800643,    47.884377,     1.951541,    47.884377
    1.951546,    47.884407,     1.800638,    47.934711
    1.800543,    47.934643,     1.800543,    47.884476
    1.800638,    47.934711,     1.951546,    47.884407
    1.951641,    47.884476,     1.951641,    47.934643
    1.951541,    47.934742,     1.800643,    47.934742
    1.951641,    47.884476,     1.951641,    47.934643
    1.951541,    47.934742,     1.800643,    47.934742
    1.800543,    47.934643,     1.800543,    47.884476
    1.800643,    47.884377,     1.951541,    47.884377
    1.800643,    46.940037,     1.951541,    46.940037
    1.951546,    46.940067,     1.800638,    46.990372
    1.800543,    46.990303,     1.800543,    46.940136
    1.800638,    46.990372,     1.951546,    46.940067
    1.951641,    46.940136,     1.951641,    46.990303
    1.951541,    46.990402,     1.800643,    46.990402
    1.951641,    46.940136,     1.951641,    46.990303
    1.951541,    46.990402,     1.800643,    46.990402
    1.800543,    46.990303,     1.800543,    46.940136
    1.800643,    46.940037,     1.951541,    46.940037
    1.800643,    46.184563,     1.951541,    46.184563
    1.951546,    46.184532,     1.800638,    46.134228
    1.800543,    46.134296,     1.800543,    46.184464
    1.800638,    46.134228,     1.951546,    46.184532
    1.951641,    46.184464,     1.951641,    46.134296
    1.951541,    46.134197,     1.800643,    46.134197
    1.951641,    46.134296,     1.951641,    46.184464
    1.951541,    46.184563,     1.800643,    46.184563
    1.800543,    46.184464,     1.800543,    46.134296
    1.800643,    46.134197,     1.951541,    46.134197
    1.951541,    50.012291,     1.800643,    50.012291
    1.800638,    50.012321,     1.951546,    50.062626
    1.951641,    50.062557,     1.951641,    50.012390
    1.951546,    50.062626,     1.800638,    50.012321
    1.800543,    50.012390,     1.800543,    50.062557
    1.800643,    50.062656,     1.951541,    50.062656
    1.800543,    50.062557,     1.800543,    50.012390
    1.800643,    50.012291,     1.951541,    50.012291
    1.951641,    50.012390,     1.951641,    50.062557
    1.951541,    50.062656,     1.800643,    50.062656
    1.800543,    49.256920,     1.800543,    50.012192
    1.951641,    50.012192,     1.951641,    49.256920
    1.951641,    46.939938,     1.951641,    46.184662
    1.800543,    46.184662,     1.800543,    46.939938
    3.600986,    36.741154,     3.450094,    36.741154
    3.450089,    36.741123,     3.600991,    36.690819
    3.601086,    36.690887,     3.601086,    36.741055
    3.600991,    36.690819,     3.450089,    36.741123
    3.449994,    36.741055,     3.449994,    36.690887
    3.450094,    36.690788,     3.600986,    36.690788
    3.449994,    36.741055,     3.449994,    36.690887
    3.450094,    36.690788,     3.600986,    36.690788
    3.601086,    36.690887,     3.601086,    36.741055
    3.600986,    36.741154,     3.450094,    36.741154
    3.600986,    37.685493,     3.450094,    37.685493
    3.450089,    37.685463,     3.600991,    37.635159
    3.601086,    37.635227,     3.601086,    37.685394
    3.600991,    37.635159,     3.450089,    37.685463
    3.449994,    37.685394,     3.449994,    37.635227
    3.450094,    37.635128,     3.600986,    37.635128
    3.449994,    37.685394,     3.449994,    37.635227
    3.450094,    37.635128,     3.600986,    37.635128
    3.601086,    37.635227,     3.601086,    37.685394
    3.600986,    37.685493,     3.450094,    37.685493
    3.600986,    38.440968,     3.450094,    38.440968
    3.450089,    38.440998,     3.600991,    38.491302
    3.601086,    38.491234,     3.601086,    38.441067
    3.600991,    38.491302,     3.450089,    38.440998
    3.449994,    38.441067,     3.449994,    38.491234
    3.450094,    38.491333,     3.600986,    38.491333
    3.449994,    38.491234,     3.449994,    38.441067
    3.450094,    38.440968,     3.600986,    38.440968
    3.601086,    38.441067,     3.601086,    38.491234
    3.600986,    38.491333,     3.450094,    38.491333
    3.449994,    37.685593,     3.449994,    38.440868
    3.601086,    38.440868,     3.601086,    37.685593
    6.459292,    52.769669,     6.459292,    51.410015
    6.572613,    51.410015,     6.572613,    52.656345
    6.459292,    52.769669,     6.459292,    51.410015
    3.601186,    51.409916,     6.673245,    51.409916
    6.862111,    52.769768,     6.459393,    52.769768
    6.572713,    52.656445,     7.013208,    52.656445
    6.862111,    52.769768,     6.459393,    52.769768
    6.862211,    55.829330,     6.862211,    52.769867
    6.975532,    52.769867,     6.975532,    55.829330
    6.975432,    55.829430,     6.673445,    55.829430
    6.862211,    55.829330,     6.862211,    52.769867
    6.862211,    50.931351,     6.862211,    46.851997
    6.975532,    46.851997,     6.975532,    50.931351
    6.975432,    50.931450,     6.673445,    50.931450
    6.862211,    50.931351,     6.862211,    46.851997
    6.673445,    46.851898,     6.975432,    46.851898
    6.862211,    46.020779,     6.862211,    45.466965
    6.975532,    45.580284,     6.975532,    46.020779
    6.975432,    46.020878,     6.673445,    46.020878
    6.862211,    46.020779,     6.862211,    45.466965
    6.862311,    45.466866,     7.013208,    45.466866
    6.862311,    45.466866,     7.013208,    45.466866
    6.862211,    42.495239,     6.862211,    41.941422
    6.673445,    41.941322,     6.975432,    41.941322
    6.975532,    41.941422,     6.975532,    42.381916
    6.862311,    42.495338,     7.013208,    42.495338
    7.013208,    42.482746,     6.862311,    42.482746
    6.862211,    37.030853,     6.862211,    37.584667
    6.862211,    37.584667,     6.862211,    37.030853
    6.673445,    37.030754,     6.975432,    37.030754
    6.975532,    37.030853,     6.975532,    37.471344
    6.862311,    37.584766,     7.013208,    37.584766
    7.013208,    37.584766,     6.862311,    37.584766
    6.862211,    41.110207,     6.862211,    40.556389
    6.975532,    40.669712,     6.975532,    41.110207
    6.975432,    41.110306,     6.673445,    41.110306
    6.862211,    41.110207,     6.862211,    40.556389
    6.862311,    40.556290,     7.013208,    40.556290
    6.862311,    40.556290,     7.013208,    40.556290
   54.822136,    54.053970,    54.822136,    52.442493
   54.822136,    52.442493,    54.822136,    54.053970
   54.708817,    53.940651,    54.708817,    52.555817
   54.217857,    54.054070,    54.444302,    54.054070
   54.557819,    54.054070,    54.822037,    54.054070
   54.822037,    54.054070,    54.557819,    54.054070
   54.444302,    54.054070,    54.217857,    54.054070
   54.217857,    53.940750,    54.708717,    53.940750
   54.557720,    55.841923,    54.557720,    54.054169
   54.557720,    54.054169,    54.557720,    55.841923
   54.557621,    55.842022,    54.444500,    55.842022
   54.444401,    55.841923,    54.444401,    54.054169
   54.532539,    48.904167,    54.532539,    46.851997
   54.519947,    46.851997,    54.519947,    48.904167
   54.419216,    49.004894,    54.419216,    46.851997
   54.217857,    46.851898,    54.519848,    46.851898
   54.532539,    46.020779,    54.532539,    45.466965
   54.519947,    45.466965,    54.519947,    46.020779
   54.519848,    46.020878,    54.217857,    46.020878
   54.419216,    46.020779,    54.419216,    45.580284
   54.217857,    45.466866,    54.532440,    45.466866
   54.419117,    45.580185,    54.217857,    45.580185
   54.532539,    41.941422,    54.532539,    42.495239
   54.419216,    42.381916,    54.419216,    41.941422
   54.217857,    41.941322,    54.519848,    41.941322
   54.519947,    41.941422,    54.519947,    42.495239
   54.217857,    42.382015,    54.419117,    42.382015
   54.532440,    42.495338,    54.217857,    42.495338
   54.532539,    37.030853,    54.532539,    37.584667
   54.419216,    37.471344,    54.419216,    37.030853
   54.217857,    37.030754,    54.519848,    37.030754
   54.519947,    37.030853,    54.519947,    37.584667
   54.217857,    37.471443,    54.419117,    37.471443
   54.532440,    37.584766,    54.217857,    37.584766
   54.532539,    41.110207,    54.532539,    40.556389
   54.519947,    40.556389,    54.519947,    41.110207
   54.519848,    41.110306,    54.217857,    41.110306
   54.419216,    41.110207,    54.419216,    40.669712
   54.217857,    40.556290,    54.532440,    40.556290
   54.419117,    40.669613,    54.217857,    40.669613
   57.189384,    36.451557,    57.239548,    36.451557
   57.239647,    36.451656,    57.239647,    39.863674
   57.239548,    36.602650,    57.189384,    36.602650
   57.189285,    36.602551,    57.189285,    36.451656
   57.189186,    36.451557,    56.081356,    36.451557
   56.081356,    36.602650,    57.189186,    36.602650
   56.030991,    36.451557,    56.081158,    36.451557
   56.081257,    36.451656,    56.081257,    36.602551
   56.081158,    36.602650,    56.030991,    36.602650
   56.030891,    36.602551,    56.030891,    36.451656
   57.365562,    64.517464,    57.365562,    64.806862
   57.365562,    65.524765,    57.365562,    65.751205
   57.252239,    65.751205,    57.252239,    65.524765
   57.352970,    65.524765,    57.352970,    65.751205
   57.252239,    64.806862,    57.252239,    64.618195
   57.352970,    64.517464,    57.352970,    64.806862
   61.684345,    48.274803,    61.684345,    50.679527
   61.684345,    52.014393,    61.684345,    53.210361
   61.810261,    54.419315,    61.810261,    54.545029
   61.810261,    52.014393,    61.810261,    53.210361
   61.810261,    51.284103,    61.810261,    51.409817
   61.810261,    48.148891,    61.810261,    50.679527
   61.810261,    54.419315,    61.810261,    54.545029
   61.684345,    53.210361,    61.684345,    52.014393
   61.810261,    52.014393,    61.810261,    53.210361
   61.810261,    51.284103,    61.810261,    51.409817
   61.684345,    50.679527,    61.684345,    48.274803
   61.810261,    48.148891,    61.810261,    50.679527
   61.810162,    54.545128,    59.418026,    54.545128
   57.655060,    54.557720,    57.604893,    54.557720
   57.604893,    54.406624,    57.655060,    54.406624
   57.655159,    54.406723,    57.655159,    54.557621
   58.611992,    54.557720,    58.561825,    54.557720
   58.561726,    54.557621,    58.561726,    54.406723
   58.561825,    54.406624,    58.611992,    54.406624
   58.612091,    54.406723,    58.612091,    54.557621
   58.612190,    54.557720,    59.367466,    54.557720
   59.367466,    54.406624,    58.612190,    54.406624
   59.417828,    54.557720,    59.367664,    54.557720
   59.367565,    54.557621,    59.367565,    54.406723
   59.367664,    54.406624,    59.417828,    54.406624
   59.417927,    54.406723,    59.417927,    54.557621
   61.671757,    53.260723,    61.671757,    53.210560
   61.671856,    53.210461,    61.822750,    53.210461
   61.822849,    53.210560,    61.822849,    53.260723
   61.822750,    53.260822,    61.671856,    53.260822
   61.671757,    53.260921,    61.671757,    54.368752
   61.822849,    54.368752,    61.822849,    53.260921
   61.671757,    54.419117,    61.671757,    54.368950
   61.671856,    54.368851,    61.822750,    54.368851
   61.822849,    54.368950,    61.822849,    54.419117
   61.822750,    54.419216,    59.418026,    54.419216
   57.604694,    54.545128,    57.353069,    54.545128
   57.353069,    54.419216,    57.604694,    54.419216
   57.604794,    54.406723,    57.604794,    54.557621
   57.227058,    46.625156,    57.227058,    46.574989
   57.227158,    46.574890,    57.365463,    46.574890
   57.365562,    46.574989,    57.365562,    46.625156
   57.365463,    46.625256,    57.227158,    46.625256
   57.227058,    47.582088,    57.227058,    47.531921
   57.227158,    47.531822,    57.365463,    47.531822
   57.365562,    47.531921,    57.365562,    47.582088
   57.365463,    47.582188,    57.227158,    47.582188
   57.227058,    47.582287,    57.227058,    48.022781
   57.365562,    48.022781,    57.365562,    47.582287
   57.227058,    48.073147,    57.227058,    48.022980
   57.227158,    48.022881,    57.365463,    48.022881
   57.365562,    48.022980,    57.365562,    48.073147
   57.365463,    48.073246,    57.227158,    48.073246
   61.684246,    48.274704,    59.418026,    48.274704
   61.810162,    48.148792,    60.966747,    48.148792
   60.639175,    48.148792,    59.418026,    48.148792
   57.353069,    48.148792,    57.604694,    48.148792
   57.604694,    48.274704,    57.353069,    48.274704
   59.418026,    48.148792,    60.639175,    48.148792
   60.966747,    48.148792,    61.810162,    48.148792
   61.684246,    48.274704,    59.418026,    48.274704
   57.655060,    48.287296,    57.604893,    48.287296
   57.604794,    48.287197,    57.604794,    48.136299
   57.604893,    48.136200,    57.655060,    48.136200
   57.655159,    48.136299,    57.655159,    48.287197
   58.611992,    48.287296,    58.561825,    48.287296
   58.561726,    48.287197,    58.561726,    48.136299
   58.561825,    48.136200,    58.611992,    48.136200
   58.612091,    48.136299,    58.612091,    48.287197
   58.612190,    48.287296,    59.367466,    48.287296
   59.367466,    48.136200,    58.612190,    48.136200
   59.417828,    48.287296,    59.367664,    48.287296
   59.367565,    48.287197,    59.367565,    48.136299
   59.367664,    48.136200,    59.417828,    48.136200
   59.417927,    48.136299,    59.417927,    48.287197
   59.871212,    60.223663,    59.871212,    58.788464
   60.034897,    56.836826,    60.034897,    60.059978
   61.671757,    50.729893,    61.671757,    50.679726
   61.671856,    50.679626,    61.822750,    50.679626
   61.822849,    50.679726,    61.822849,    50.729893
   61.822750,    50.729992,    61.671856,    50.729992
   61.671757,    50.730091,    61.671757,    51.233540
   61.822849,    51.233540,    61.822849,    50.730091
   61.671757,    51.283905,    61.671757,    51.233738
   61.671856,    51.233639,    61.822750,    51.233639
   61.822849,    51.233738,    61.822849,    51.283905
   61.822849,    51.964027,    61.822849,    52.014194
   61.822750,    52.014294,    61.671856,    52.014294
   61.671757,    52.014194,    61.671757,    51.964027
   61.671856,    51.963928,    61.822750,    51.963928
   61.822849,    51.963829,    61.822849,    51.460381
   61.671757,    51.460381,    61.671757,    51.963829
   61.822849,    51.410015,    61.822849,    51.460182
   61.822750,    51.460281,    61.671856,    51.460281
   61.671757,    51.460182,    61.671757,    51.410015
   54.708717,    52.555717,    54.419315,    52.555717
   54.520046,    52.442394,    54.822037,    52.442394
   54.532539,    51.762569,    54.532539,    52.442295
   54.419216,    52.555618,    54.419216,    51.762569
   54.217857,    51.762470,    54.519848,    51.762470
   54.519947,    51.762569,    54.519947,    52.442295
   54.217857,    64.517365,    57.365463,    64.517365
   54.318584,    56.710815,    54.368752,    56.710815
   54.368752,    56.761181,    54.318584,    56.761181
   54.318485,    56.761082,    54.318485,    56.710915
   54.318584,    57.352966,    54.368752,    57.352966
   54.368752,    56.761181,    54.318584,    56.761181
   54.318485,    56.761280,    54.318485,    57.352867
   54.318584,    60.009712,    54.368752,    60.009712
   54.368752,    59.191284,    54.318584,    59.191284
   54.318485,    59.191383,    54.318485,    60.009613
   54.318584,    59.140919,    54.368752,    59.140919
   54.368752,    58.284718,    54.318584,    58.284718
   54.318485,    58.284817,    54.318485,    59.140820
   54.318584,    58.234352,    54.368752,    58.234352
   54.368752,    57.403332,    54.318584,    57.403332
   54.318485,    57.403431,    54.318485,    58.234253
   54.318584,    60.664455,    54.368752,    60.664455
   54.368752,    60.060078,    54.318584,    60.060078
   54.318485,    60.060177,    54.318485,    60.664356
   54.318584,    60.009712,    54.368752,    60.009712
   54.368752,    60.060078,    54.318584,    60.060078
   54.318485,    60.059978,    54.318485,    60.009811
   54.318584,    59.140919,    54.368752,    59.140919
   54.368752,    59.191284,    54.318584,    59.191284
   54.318485,    59.191185,    54.318485,    59.141018
   54.318584,    58.234352,    54.368752,    58.234352
   54.368752,    58.284718,    54.318584,    58.284718
   54.318485,    58.284618,    54.318485,    58.234451
   54.318584,    57.352966,    54.368752,    57.352966
   54.368752,    57.403332,    54.318584,    57.403332
   54.318485,    57.403233,    54.318485,    57.353065
   54.318584,    60.664455,    54.368752,    60.664455
   54.368752,    60.714821,    54.318584,    60.714821
   54.318485,    60.714722,    54.318485,    60.664555
   54.368851,    60.714722,    54.368851,    56.710915
   61.306511,    65.650574,    61.256344,    65.650574
   61.256245,    65.650475,    61.256245,    65.600311
   61.256344,    65.600212,    61.306511,    65.600212
   61.306610,    65.600311,    61.306610,    65.650475
   61.029602,    65.600311,    61.029602,    65.650475
   61.256245,    65.650475,    61.256245,    65.600311
   61.029701,    65.650574,    61.256145,    65.650574
   61.256145,    65.600212,    61.029701,    65.600212
   58.372856,    65.600311,    58.372856,    65.650475
   59.203876,    65.650475,    59.203876,    65.600311
   58.372955,    65.650574,    59.203777,    65.650574
   59.203777,    65.600212,    58.372955,    65.600212
   59.254242,    65.600311,    59.254242,    65.650475
   60.097855,    65.650475,    60.097855,    65.600311
   59.254341,    65.650574,    60.097755,    65.650574
   60.097755,    65.600212,    59.254341,    65.600212
   60.148220,    65.600311,    60.148220,    65.650475
   60.979237,    65.650475,    60.979237,    65.600311
   60.148319,    65.650574,    60.979137,    65.650574
   60.979137,    65.600212,    60.148319,    65.600212
   58.095852,    65.600311,    58.095852,    65.650475
   58.322495,    65.650475,    58.322495,    65.600311
   58.095951,    65.650574,    58.322395,    65.650574
   58.322395,    65.600212,    58.095951,    65.600212
   58.372757,    65.650574,    58.322594,    65.650574
   58.322495,    65.650475,    58.322495,    65.600311
   58.322594,    65.600212,    58.372757,    65.600212
   58.372856,    65.600311,    58.372856,    65.650475
   59.254143,    65.650574,    59.203976,    65.650574
   59.203876,    65.650475,    59.203876,    65.600311
   59.203976,    65.600212,    59.254143,    65.600212
   59.254242,    65.600311,    59.254242,    65.650475
   60.148121,    65.650574,    60.097954,    65.650574
   60.097855,    65.650475,    60.097855,    65.600311
   60.097954,    65.600212,    60.148121,    65.600212
   60.148220,    65.600311,    60.148220,    65.650475
   61.029503,    65.650574,    60.979336,    65.650574
   60.979237,    65.650475,    60.979237,    65.600311
   60.979336,    65.600212,    61.029503,    65.600212
   61.029602,    65.600311,    61.029602,    65.650475
   58.095753,    65.650574,    58.045586,    65.650574
   58.045486,    65.650475,    58.045486,    65.600311
   58.045586,    65.600212,    58.095753,    65.600212
   58.095852,    65.600311,    58.095852,    65.650475
   61.822750,    51.409916,    57.353069,    51.409916
   57.353069,    51.284004,    61.822750,    51.284004
   57.239548,    51.409916,    54.431908,    51.409916
   54.431908,    51.284004,    57.239548,    51.284004
   54.318485,    64.504677,    54.318485,    64.454514
   54.318584,    64.454414,    54.368752,    64.454414
   54.368752,    64.504776,    54.318584,    64.504776
   54.368752,    62.200584,    54.318584,    62.200584
   54.318584,    63.031605,    54.368752,    63.031605
   54.318485,    62.200684,    54.318485,    63.031506
   54.368752,    63.081970,    54.318584,    63.081970
   54.318584,    63.912987,    54.368752,    63.912987
   54.318485,    63.082069,    54.318485,    63.912888
   54.368752,    63.963352,    54.318584,    63.963352
   54.318584,    64.454414,    54.368752,    64.454414
   54.318485,    63.963451,    54.318485,    64.454315
   54.368752,    61.671753,    54.318584,    61.671753
   54.318584,    62.150219,    54.368752,    62.150219
   54.318485,    61.671852,    54.318485,    62.150120
   54.318485,    62.200485,    54.318485,    62.150318
   54.318584,    62.150219,    54.368752,    62.150219
   54.368752,    62.200584,    54.318584,    62.200584
   54.318485,    63.081871,    54.318485,    63.031704
   54.318584,    63.031605,    54.368752,    63.031605
   54.368752,    63.081970,    54.318584,    63.081970
   54.318485,    63.963253,    54.318485,    63.913086
   54.318584,    63.912987,    54.368752,    63.912987
   54.368752,    63.963352,    54.318584,    63.963352
   54.318485,    61.671654,    54.318485,    61.621487
   54.318584,    61.621387,    54.368752,    61.621387
   54.368752,    61.671753,    54.318584,    61.671753
   54.368851,    61.621487,    54.368851,    64.504677
   63.459606,    56.106438,    62.767288,    56.106438
   62.679050,    56.106339,    62.679050,    56.005806
   62.679150,    56.005707,    63.572929,    56.005707
   60.450508,    54.582901,    61.180599,    54.582901
   61.180798,    54.582901,    61.659065,    54.582901
   56.710918,    56.270123,    56.761082,    56.270123
   56.761181,    56.270222,    56.761181,    56.421120
   56.761082,    56.421219,    56.710918,    56.421219
   56.710819,    56.421120,    56.710819,    56.270222
   56.710720,    56.270123,    55.602890,    56.270123
   55.602890,    56.421219,    56.710720,    56.421219
   55.552525,    56.270123,    55.602692,    56.270123
   55.602791,    56.270222,    55.602791,    56.421120
   55.602692,    56.421219,    55.552525,    56.421219
   55.552425,    56.421120,    55.552425,    56.270222
   63.333797,    49.282101,    63.333797,    49.332268
   63.421932,    49.332268,    63.421932,    49.143597
   63.333897,    49.332367,    63.421833,    49.332367
   63.421833,    49.282001,    63.333897,    49.282001
   57.365562,    64.807060,    57.365562,    64.869820
   57.365463,    64.869919,    57.302704,    64.869919
   57.176693,    64.869820,    57.176693,    64.807060
   57.176792,    64.806961,    57.365463,    64.806961
   57.365562,    65.461807,    57.365562,    65.524567
   57.365463,    65.524666,    57.176792,    65.524666
   57.176693,    65.524567,    57.176693,    65.461807
   57.302704,    65.461708,    57.365463,    65.461708
   62.767189,    56.106537,    62.767189,    56.509258
   63.572929,    60.223763,    59.871311,    60.223763
   62.779881,    60.110443,    63.459606,    60.110443
   62.653870,    56.106537,    62.653870,    56.735901
   62.779781,    56.509457,    62.779781,    60.110344
   63.547844,    60.324593,    63.547844,    61.369465
   63.585621,    61.369465,    63.585621,    60.324593
   63.547844,    61.419830,    63.547844,    61.369663
   63.585621,    61.369663,    63.585621,    61.419830
   63.547844,    60.324394,    63.547844,    60.274227
   63.585621,    60.274227,    63.585621,    60.324394
   63.459705,    60.110344,    63.459705,    56.106537
   63.573029,    56.005806,    63.573029,    60.223663
   58.775871,    39.712715,    59.304512,    39.901516
   59.317104,    39.863739,    58.801056,    39.674942
   61.621368,    40.694889,    61.608822,    40.745064
   61.608894,    40.745193,    62.691547,    41.135452
   62.704140,    41.097679,    61.621487,    40.694828
   61.558456,    40.732475,    61.571003,    40.682297
   60.475685,    40.329685,    61.558338,    40.732536
   61.570930,    40.682167,    60.488277,    40.291912
   59.367519,    39.876453,    59.342426,    39.926643
   60.425270,    40.316971,    60.450363,    40.266781
   59.342476,    39.926765,    60.425129,    40.317024
   60.450314,    40.266659,    59.367661,    39.876400
   58.725506,    39.712715,    59.317104,    39.926697
   59.317295,    39.926765,    60.450314,    40.329617
   60.450504,    40.329685,    61.583523,    40.745125
   61.583714,    40.745193,    62.716732,    41.160637
   62.716923,    41.160706,    63.295925,    41.374687
   62.754578,    41.110401,    62.742031,    41.160576
   63.258270,    41.349442,    63.270817,    41.299267
   62.742104,    41.160706,    63.258152,    41.349503
   63.270744,    41.299137,    62.754696,    41.110340
   58.738026,    39.699993,    58.750572,    39.649818
   58.750683,    39.649769,    58.800873,    39.674862
   62.754578,    41.110401,    62.742031,    41.160576
   62.741920,    41.160625,    62.691730,    41.135532
   62.704330,    41.097736,    62.754505,    41.110283
   61.621368,    40.694889,    61.608822,    40.745064
   61.608704,    40.745136,    61.558529,    40.732594
   61.558456,    40.732475,    61.571003,    40.682297
   61.571121,    40.682224,    61.621296,    40.694771
   60.475494,    40.329628,    60.425320,    40.317081
   60.425270,    40.316971,    60.450363,    40.266781
   59.367519,    39.876453,    59.342426,    39.926643
   59.317295,    39.863796,    59.367470,    39.876343
   63.321159,    41.311852,    63.296066,    41.362041
   63.258270,    41.349442,    63.270817,    41.299267
   63.270935,    41.299194,    63.321110,    41.311741
   58.700130,    36.552288,    58.649963,    36.552288
   58.649963,    37.446262,    58.700130,    37.446262
   58.649864,    36.552387,    58.649864,    37.446163
   58.700230,    37.446163,    58.700230,    36.552387
   58.700130,    38.705383,    58.649963,    38.705383
   58.649963,    39.599361,    58.700130,    39.599361
   58.649864,    38.705482,    58.649864,    39.599262
   58.700230,    39.599262,    58.700230,    38.705482
   58.700130,    37.496628,    58.649963,    37.496628
   58.649963,    38.655018,    58.700130,    38.655018
   58.649864,    37.496727,    58.649864,    38.654919
   58.700230,    38.654919,    58.700230,    37.496727
   58.700130,    36.552288,    58.649963,    36.552288
   58.649864,    36.552189,    58.649864,    36.502022
   58.649963,    36.501923,    58.700130,    36.501923
   58.700230,    36.502022,    58.700230,    36.552189
   58.700130,    38.705383,    58.649963,    38.705383
   58.649864,    38.705284,    58.649864,    38.655117
   58.649963,    38.655018,    58.700130,    38.655018
   58.700230,    38.655117,    58.700230,    38.705284
   58.700130,    37.496628,    58.649963,    37.496628
   58.649864,    37.496529,    58.649864,    37.446362
   58.649963,    37.446262,    58.700130,    37.446262
   58.700230,    37.446362,    58.700230,    37.496529
   58.700130,    39.649723,    58.649963,    39.649723
   58.649864,    39.649624,    58.649864,    39.599461
   58.649963,    39.599361,    58.700130,    39.599361
   58.700230,    39.599461,    58.700230,    39.649624
   61.860710,    62.477539,    62.666374,    62.011765
   63.522575,    61.445160,    62.653957,    61.948711
   64.706337,    49.143497,    64.756500,    49.143497
   64.756599,    49.143398,    64.756599,    49.055458
   64.706238,    49.055458,    64.706238,    49.143398
   64.706337,    49.055359,    64.756500,    49.055359
   63.422031,    49.143497,    63.472198,    49.143497
   63.472298,    49.143398,    63.472298,    49.055458
   63.421932,    49.055458,    63.421932,    49.143398
   63.422031,    49.055359,    63.472198,    49.055359
   64.706337,    49.546417,    64.756500,    49.546417
   64.756599,    49.546318,    64.756599,    49.143597
   64.706238,    49.143597,    64.706238,    49.546318
   64.756599,    49.546516,    64.756599,    49.596680
   64.756500,    49.596779,    64.706337,    49.596779
   64.706238,    49.596680,    64.706238,    49.546516
   64.706337,    49.546417,    64.756500,    49.546417
   54.419315,    49.395321,    54.859810,    49.395321
   54.973133,    49.508644,    54.520046,    49.508644
   54.973232,    48.904366,    54.973232,    49.508545
   54.859909,    49.395222,    54.859909,    49.005093
   54.960640,    48.904366,    54.960640,    49.508545
   54.859810,    49.004993,    54.419315,    49.004993
   54.520046,    48.904266,    54.973133,    48.904266
   54.532539,    50.931351,    54.532539,    49.508743
   54.519947,    49.508743,    54.519947,    50.931351
   54.519848,    50.931450,    54.217857,    50.931450
   54.419216,    50.931351,    54.419216,    49.395420
   61.836678,    62.429691,    61.860577,    62.477501
   64.756500,    50.553711,    64.706436,    50.553711
   64.706039,    50.553711,    63.333897,    50.553711
    3.399628,    31.566364,     3.399628,    32.208221
   61.836678,    62.429691,    61.860577,    62.477501
   62.641190,    61.973991,    61.950706,    62.362389
   61.950356,    62.362587,    61.835529,    62.427177
