23.7366,36.6852,25.0691,36.6852
25.0691,36.6852,23.7366,36.8092
23.7366,36.8092,23.7366,36.6852
25.0691,36.6852,23.7366,36.8092
23.7366,36.8092,25.0691,36.8092
25.0691,36.8092,25.0691,36.6852
-10.0968,36.0241,-9.9729,36.0241
-9.9729,36.0241,-10.0968,36.2152
-10.0968,36.2152,-10.0968,36.0241
-9.9729,36.0241,-10.0968,36.2152
-10.0968,36.2152,-9.9729,36.2152
-9.9729,36.2152,-9.9729,36.0241
-10.0968,35.9002,-9.6372,35.9002
-9.6372,35.9002,-10.0968,36.0241
-10.0968,36.0241,-10.0968,35.9002
-9.6372,35.9002,-10.0968,36.0241
-10.0968,36.0241,-9.6372,36.0241
-9.6372,36.0241,-9.6372,35.9002
-9.7611,34.6813,-9.6372,34.6813
-9.6372,34.6813,-9.7611,34.9860
-9.7611,34.9860,-9.7611,34.6813
-9.6372,34.6813,-9.7611,34.9860
-9.7611,34.9860,-9.6372,34.9860
-9.6372,34.9860,-9.6372,34.6813
-9.7611,34.5574,-9.1827,34.5574
-9.1827,34.5574,-9.7611,34.6813
-9.7611,34.6813,-9.7611,34.5574
-9.1827,34.5574,-9.7611,34.6813
-9.7611,34.6813,-9.1827,34.6813
-9.1827,34.6813,-9.1827,34.5574
35.9199,32.1971,37.7069,32.1971
37.7069,32.1971,35.9199,32.3211
35.9199,32.3211,35.9199,32.1971
37.7069,32.1971,35.9199,32.3211
35.9199,32.3211,37.7069,32.3211
37.7069,32.3211,37.7069,32.1971
8.7953,32.1610,17.1931,32.1610
8.7953,32.2901,8.7953,32.1610
-9.3066,32.1042,-9.1827,32.1042
-9.1827,32.1042,-9.3066,34.5574
-9.3066,34.5574,-9.3066,32.1042
-9.1827,32.1042,-9.3066,34.5574
-9.3066,34.5574,-9.1827,34.5574
-9.1827,34.5574,-9.1827,32.1042
37.0510,32.1042,37.7069,32.1042
37.7069,32.1042,37.0510,32.1971
37.7069,32.1042,37.0510,32.1971
37.0510,32.1971,37.7069,32.1971
-11.6205,31.9803,-10.8251,31.9803
-10.8251,31.9803,-11.6205,32.1042
-11.6205,32.1042,-11.6205,31.9803
-10.8251,31.9803,-11.6205,32.1042
-11.6205,32.1042,-10.8251,32.1042
-10.8251,32.1042,-10.8251,31.9803
-1.3635,31.9803,-1.4615,32.1042
-1.4615,32.1042,-1.4615,31.9803
-1.3635,31.9803,-1.4615,32.1042
-1.3635,32.1042,-1.3635,31.9803
-7.5610,31.9803,-2.9800,31.9803
-7.5610,32.1042,-7.5610,31.9803
-7.5610,32.1042,-2.9800,32.1042
-2.9800,32.1042,-2.9800,31.9803
-9.8644,31.9803,-9.0794,31.9803
-9.0794,31.9803,-9.8644,32.1042
-9.8644,32.1042,-9.8644,31.9803
-9.0794,31.9803,-9.8644,32.1042
-9.8644,32.1042,-9.0794,32.1042
-9.0794,32.1042,-9.0794,31.9803
8.6714,31.3502,8.6714,30.0797
8.6714,31.3502,8.7953,31.3502
7.9845,28.2823,8.7953,28.2823
8.7953,28.2823,7.9845,28.3599
8.7953,28.2823,7.9845,28.3599
7.9845,28.3599,8.7953,28.3599
8.2428,28.1532,8.7953,28.1532
8.7953,28.1532,8.2428,28.2823
8.2428,28.2823,8.2428,28.1532
8.7953,28.1532,8.2428,28.2823
8.2428,28.2823,8.7953,28.2823
8.7953,28.2823,8.7953,28.1532
14.5746,28.0551,14.7037,28.0551
14.7037,28.0551,14.5746,28.1532
14.7037,28.0551,14.5746,28.1532
14.5746,28.1532,14.7037,28.1532
14.5746,24.3573,14.7037,24.3573
14.7037,24.3573,14.5746,26.5316
14.5746,26.5316,14.5746,24.3573
14.7037,24.3573,14.5746,26.5316
14.5746,26.5316,14.7037,26.5316
14.7037,26.5316,14.7037,24.3573
8.6714,24.3573,8.7953,24.3573
8.7953,24.3573,8.6714,28.1532
8.6714,28.1532,8.6714,24.3573
8.7953,24.3573,8.6714,28.1532
8.6714,28.1532,8.7953,28.1532
8.7953,28.1532,8.7953,24.3573
2.1020,24.3573,2.2260,24.3573
2.2260,24.3573,2.1020,28.1532
2.1020,28.1532,2.1020,24.3573
2.2260,24.3573,2.1020,28.1532
2.1020,28.1532,2.2260,28.1532
2.2260,28.1532,2.2260,24.3573
-0.9710,24.3573,-0.8470,24.3573
-0.8470,24.3573,-0.9710,28.1532
-0.9710,28.1532,-0.9710,24.3573
-0.8470,24.3573,-0.9710,28.1532
-0.9710,28.1532,-0.8470,28.1532
-0.8470,28.1532,-0.8470,24.3573
-4.0438,24.3573,-3.9199,24.3573
-3.9199,24.3573,-4.0438,28.1532
-4.0438,28.1532,-4.0438,24.3573
-3.9199,24.3573,-4.0438,28.1532
-4.0438,28.1532,-3.9199,28.1532
-3.9199,28.1532,-3.9199,24.3573
-4.0438,24.2282,-1.7147,24.2282
-1.7147,24.2282,-4.0438,24.3573
-4.0438,24.3573,-4.0438,24.2282
-1.7147,24.2282,-4.0438,24.3573
-4.0438,24.3573,-1.7147,24.3573
-1.7147,24.3573,-1.7147,24.2282
-4.0438,18.3662,-3.9199,18.3662
-3.9199,18.3662,-4.0438,24.2282
-4.0438,24.2282,-4.0438,18.3662
-3.9199,18.3662,-4.0438,24.2282
-4.0438,24.2282,-3.9199,24.2282
-3.9199,24.2282,-3.9199,18.3662
-4.0438,17.3643,-3.5636,17.3643
-3.5636,17.3643,-4.0438,17.4315
-3.5636,17.3643,-4.0438,17.4315
-4.0438,17.4315,-3.5636,17.4315
-8.6300,17.2404,-3.4654,17.2404
-3.4654,17.2404,-8.6300,17.3643
-8.6300,17.3643,-8.6300,17.2404
-3.4654,17.2404,-8.6300,17.3643
-8.6300,17.3643,-3.4654,17.3643
-3.4654,17.3643,-3.4654,17.2404
-1.9419,17.2404,0.8728,17.2404
0.8728,17.2404,-1.9419,17.3643
-1.9419,17.3643,-1.9419,17.2404
0.8728,17.2404,-1.9419,17.3643
-1.9419,17.3643,0.8728,17.3643
0.8728,17.3643,0.8728,17.2404
-15.8967,13.6871,-15.7728,13.6871
-15.7728,13.6871,-15.8967,14.8595
-15.8967,14.8595,-15.8967,13.6871
-15.7728,13.6871,-15.8967,14.8595
-15.8967,14.8595,-15.7728,14.8595
-15.7728,14.8595,-15.7728,13.6871
42.3912,13.3514,42.5203,13.3514
42.5203,13.3514,42.3912,14.5651
42.3912,14.5651,42.3912,13.3514
42.5203,13.3514,42.3912,14.5651
42.3912,14.5651,42.5203,14.5651
42.5203,14.5651,42.5203,13.3514
-8.7592,11.7452,-8.6300,11.7452
-8.6300,11.7452,-8.7592,12.6542
-8.7592,12.6542,-8.7592,11.7452
-8.6300,11.7452,-8.7592,12.6542
-8.7592,12.6542,-8.6300,12.6542
-8.6300,12.6542,-8.6300,11.7452
-4.0438,11.5903,-3.9199,11.5903
-3.9199,11.5903,-4.0438,17.2404
-4.0438,17.2404,-4.0438,11.5903
-3.9199,11.5903,-4.0438,17.2404
-4.0438,17.2404,-3.9199,17.2404
-3.9199,17.2404,-3.9199,11.5903
23.5094,9.7052,23.7883,9.7052
23.7883,9.7052,23.5094,9.8292
23.5094,9.8292,23.5094,9.7052
23.7883,9.7052,23.5094,9.8292
23.5094,9.8292,23.7883,9.8292
23.7883,9.8292,23.7883,9.7052
17.5081,9.7052,22.6004,9.7052
22.6004,9.7052,17.5081,9.8292
17.5081,9.8292,17.5081,9.7052
22.6004,9.7052,17.5081,9.8292
17.5081,9.8292,22.6004,9.8292
22.6004,9.8292,22.6004,9.7052
11.7341,9.7052,12.6430,9.7052
12.6430,9.7052,11.7341,9.8292
11.7341,9.8292,11.7341,9.7052
12.6430,9.7052,11.7341,9.8292
11.7341,9.8292,12.6430,9.8292
12.6430,9.8292,12.6430,9.7052
8.3925,9.7052,11.5584,9.7052
11.5584,9.7052,8.3925,9.8292
8.3925,9.8292,8.3925,9.7052
11.5584,9.7052,8.3925,9.8292
8.3925,9.8292,11.5584,9.8292
11.5584,9.8292,11.5584,9.7052
8.3925,6.1210,8.5164,6.1210
8.5164,6.1210,8.3925,9.7052
8.3925,9.7052,8.3925,6.1210
8.5164,6.1210,8.3925,9.7052
8.3925,9.7052,8.5164,9.7052
8.5164,9.7052,8.5164,6.1210
2.9438,6.1210,3.0730,6.1210
3.0730,6.1210,2.9438,9.7052
2.9438,9.7052,2.9438,6.1210
3.0730,6.1210,2.9438,9.7052
2.9438,9.7052,3.0730,9.7052
3.0730,9.7052,3.0730,6.1210
23.6644,6.1210,23.7883,6.1210
23.7883,6.1210,23.6644,9.7052
23.6644,9.7052,23.6644,6.1210
23.7883,6.1210,23.6644,9.7052
23.6644,9.7052,23.7883,9.7052
23.7883,9.7052,23.7883,6.1210
27.0575,5.9919,28.5759,5.9919
28.5759,5.9919,27.0575,6.1210
27.0575,6.1210,27.0575,5.9919
28.5759,5.9919,27.0575,6.1210
27.0575,6.1210,28.5759,6.1210
28.5759,6.1210,28.5759,5.9919
17.5081,5.9919,18.0607,5.9919
18.0607,5.9919,17.5081,6.1210
17.5081,6.1210,17.5081,5.9919
18.0607,5.9919,17.5081,6.1210
17.5081,6.1210,18.0607,6.1210
18.0607,6.1210,18.0607,5.9919
8.3925,5.9919,8.6714,5.9919
8.6714,5.9919,8.3925,6.1210
8.3925,6.1210,8.3925,5.9919
8.6714,5.9919,8.3925,6.1210
8.3925,6.1210,8.6714,6.1210
8.6714,6.1210,8.6714,5.9919
18.9749,5.9919,23.7883,5.9919
23.7883,5.9919,18.9749,6.1210
18.9749,6.1210,18.9749,5.9919
23.7883,5.9919,18.9749,6.1210
18.9749,6.1210,23.7883,6.1210
23.7883,6.1210,23.7883,5.9919
3.6049,5.9919,5.1233,5.9919
5.1233,5.9919,3.6049,6.1210
3.6049,6.1210,3.6049,5.9919
5.1233,5.9919,3.6049,6.1210
3.6049,6.1210,5.1233,6.1210
5.1233,6.1210,5.1233,5.9919
9.5804,5.9919,11.5584,5.9919
11.5584,5.9919,9.5804,6.1210
9.5804,6.1210,9.5804,5.9919
11.5584,5.9919,9.5804,6.1210
9.5804,6.1210,11.5584,6.1210
11.5584,6.1210,11.5584,5.9919
5.4538,5.9919,6.7708,5.9919
6.7708,5.9919,5.4538,6.1210
5.4538,6.1210,5.4538,5.9919
6.7708,5.9919,5.4538,6.1210
5.4538,6.1210,6.7708,6.1210
6.7708,6.1210,6.7708,5.9919
35.8839,3.5747,36.7927,3.5747
36.7927,3.5747,35.8839,3.7039
35.8839,3.7039,35.8839,3.5747
36.7927,3.5747,35.8839,3.7039
35.8839,3.7039,36.7927,3.7039
36.7927,3.7039,36.7927,3.5747
23.7159,-1.0269,25.0691,-1.0269
25.0691,-1.0269,23.7159,-0.9030
23.7159,-0.9030,23.7159,-1.0269
25.0691,-1.0269,23.7159,-0.9030
23.7159,-0.9030,25.0691,-0.9030
25.0691,-0.9030,25.0691,-1.0269
-0.8676,-1.9152,1.2291,-1.9152
1.2291,-1.9152,-0.8676,-1.8119
1.2291,-1.9152,-0.8676,-1.8119
-0.8676,-1.8119,1.2291,-1.8119
5.1492,-4.8126,5.0458,-1.8119
5.0458,-1.8119,5.0458,-4.8126
5.1492,-4.8126,5.0458,-1.8119
5.1492,-1.8119,5.1492,-4.8126
-14.9877,-0.2161,-14.2802,-0.2161
-14.2802,-0.2161,-14.2802,-0.5982
-14.2802,-0.5982,-14.9877,-0.5982
-14.9877,-0.5982,-14.9877,-0.2161
-11.1866,0.3262,-11.9871,0.3262
-11.9871,0.3262,-11.9871,-0.5982
-11.9871,-0.5982,-11.1866,-0.5982
-11.1866,-0.5982,-11.1866,0.3262
-7.0084,3.3785,-7.0084,-0.4072
-9.9729,3.3785,-9.9729,-0.4072
-10.0968,3.5076,-10.0968,-0.4072
-15.6075,2.6865,-15.6075,2.4489
-15.7366,2.8156,-15.7366,2.5728
-6.8844,3.3785,-6.8844,-0.4072
-3.8941,3.3785,-3.8941,-0.4072
-3.7650,3.3785,-3.7650,-0.4072
-0.9916,3.3785,-0.9916,-0.2161
-0.8676,-0.2161,-0.8676,3.5076
-0.8676,3.5076,-0.8676,1.2765
-0.3977,4.4683,-0.3977,3.5076
-8.8470,-0.2161,-8.1343,-0.2161
-8.1343,-0.2161,-8.1343,-0.5982
-8.1343,-0.5982,-8.8470,-0.5982
-8.8470,-0.5982,-8.8470,-0.2161
-5.7431,-0.2161,-5.0355,-0.2161
-5.0355,-0.2161,-5.0355,-0.5982
-5.0355,-0.5982,-5.7431,-0.5982
-5.7431,-0.5982,-5.7431,-0.2161
-3.8114,-0.5621,-2.6391,-0.5621
-2.6391,-0.5621,-2.6391,-0.4072
-2.6391,-0.4072,-3.8114,-0.4072
-3.8631,-0.4072,-5.0355,-0.4072
-4.9839,-0.4072,-4.9839,-0.5621
-5.0355,-0.5621,-3.8631,-0.5621
-2.6908,-0.4072,-2.6908,-0.5621
-4.9839,-0.4846,-3.8631,-0.4846
-3.8114,-0.4846,-2.6908,-0.4846
-2.6391,-0.2161,-0.8676,-0.2161
-2.6391,-0.2161,-2.6391,-0.5982
-2.6391,-0.5982,-1.2447,-0.5982
-1.2447,-0.5982,-1.2447,-2.0288
-1.2447,-2.0288,-0.8676,-2.0288
-0.8676,-2.0288,-0.8676,-0.2161
-3.8631,-0.5621,-3.8631,-0.4072
-3.8114,-0.4072,-3.8114,-0.5621
-6.9155,-0.5621,-5.7431,-0.5621
-5.7431,-0.5621,-5.7431,-0.4072
-5.7431,-0.4072,-6.9155,-0.4072
-6.9670,-0.4072,-8.1343,-0.4072
-8.0878,-0.4072,-8.0878,-0.5621
-8.1343,-0.5621,-6.9670,-0.5621
-5.7947,-0.4072,-5.7947,-0.5621
-8.0878,-0.4846,-6.9670,-0.4846
-6.9155,-0.4846,-5.7947,-0.4846
-6.9670,-0.5621,-6.9670,-0.4072
-6.9155,-0.4072,-6.9155,-0.5621
-10.0143,-0.5621,-8.8470,-0.5621
-8.8470,-0.5621,-8.8470,-0.4072
-8.8470,-0.4072,-10.0143,-0.4072
-10.0658,-0.4072,-11.2382,-0.4072
-11.1866,-0.4072,-11.1866,-0.5621
-11.2382,-0.5621,-10.0658,-0.5621
-8.8935,-0.4072,-8.8935,-0.5621
-11.1866,-0.4846,-10.0658,-0.4846
-10.0143,-0.4846,-8.8935,-0.4846
-10.0658,-0.5621,-10.0658,-0.4072
-10.0143,-0.4072,-10.0143,-0.5621
-11.2382,-0.4072,-11.2382,-0.5621
-13.1079,-0.5621,-11.9354,-0.5621
-11.9354,-0.5621,-11.9354,-0.4072
-11.9354,-0.4072,-13.1079,-0.4072
-13.1594,-0.4072,-14.3267,-0.4072
-14.2802,-0.4072,-14.2802,-0.5621
-14.3267,-0.5621,-13.1594,-0.5621
-11.9871,-0.4072,-11.9871,-0.5621
-14.2802,-0.4846,-13.1594,-0.4846
-13.1079,-0.4846,-11.9871,-0.4846
-13.1594,-0.5621,-13.1594,-0.4072
-13.1079,-0.4072,-13.1079,-0.5621
-14.3267,-0.4072,-14.3267,-0.5621
-15.7366,2.8156,-11.9871,2.8156
-11.8580,3.7245,-11.2537,3.7245
-11.8580,4.3857,-11.2537,4.3857
-15.6075,5.7801,-11.9871,5.7801
-15.7366,5.9040,-11.9871,5.9040
-15.6075,8.9511,-11.9871,8.9511
-15.7366,9.0751,-11.9871,9.0751
-15.7728,12.0396,-12.0233,12.0396
-15.8967,12.1687,-11.1969,12.1687
-15.9638,5.5425,-15.6075,5.5425
-15.9638,5.6716,-15.7366,5.6716
-15.9638,2.4489,-15.6075,2.4489
-15.9638,2.5728,-15.7366,2.5728
-16.1550,0.6517,-16.1550,1.3592
-16.1550,1.3592,-15.7728,1.3592
-15.7728,1.3592,-15.7728,0.6517
-15.7728,0.6517,-16.1550,0.6517
-15.0394,-0.4072,-15.9638,-0.4072
-15.9638,-0.4072,-15.9638,0.6517
-15.9638,0.6517,-16.1136,0.6517
-16.1136,0.6517,-16.1136,-0.5621
-16.1136,-0.5621,-15.0394,-0.5621
-16.1136,0.6000,-15.9638,0.6000
-16.0362,-0.4072,-16.0362,0.6000
-15.9638,-0.4846,-15.0394,-0.4846
-15.0394,-0.5621,-15.0394,-0.4072
-14.9877,-0.4072,-14.9877,-0.5621
-15.9638,-0.5621,-15.9638,-0.4072
-15.9638,-0.4072,-16.1136,-0.4072
-15.9638,2.5832,-15.9638,3.7504
-15.9638,3.7504,-16.1136,3.7504
-16.1136,3.7504,-16.1136,2.5832
-16.1136,2.5315,-16.1136,1.3592
-15.9638,1.3592,-15.9638,2.5315
-16.0362,1.4108,-16.0362,2.5315
-16.0362,2.5832,-16.0362,3.7039
-15.9638,2.5315,-16.1136,2.5315
-16.1136,2.5832,-15.9638,2.5832
-15.9638,1.3592,-16.1136,1.3592
-16.1136,1.3592,-15.9638,1.3592
-16.1136,3.7039,-15.9638,3.7039
-16.1550,4.4993,-16.1550,3.7039
-16.1550,3.7039,-15.2305,3.7039
-15.2305,3.7039,-15.2305,4.4993
-15.2305,4.4993,-16.1550,4.4993
-15.9638,1.4108,-16.1136,1.4108
-15.9638,5.6716,-15.9638,6.8439
-15.9638,6.8439,-16.1136,6.8439
-16.1136,6.8439,-16.1136,5.6716
-16.1136,5.6200,-16.1136,4.4476
-15.9638,4.4476,-15.9638,5.6200
-16.0362,4.4993,-16.0362,5.6200
-16.0362,5.6716,-16.0362,6.7924
-15.9638,5.6200,-16.1136,5.6200
-16.1136,5.6716,-15.9638,5.6716
-15.9638,4.4476,-16.1136,4.4476
-16.1136,4.4476,-15.9638,4.4476
-16.1136,6.7924,-15.9638,6.7924
-15.9638,4.4993,-16.1136,4.4993
-15.6075,5.5425,-15.6075,5.7801
-15.7366,5.6716,-15.7366,5.9040
-15.9638,8.6774,-15.6075,8.6774
-15.9638,8.8066,-15.7366,8.8066
-15.6075,8.6774,-15.6075,8.9511
-15.7366,8.8066,-15.7366,9.0751
-16.1550,6.8439,-16.1550,7.5516
-16.1550,7.5516,-15.7728,7.5516
-15.7728,7.5516,-15.7728,6.8439
-15.7728,6.8439,-16.1550,6.8439
-15.9638,8.7755,-15.9638,9.9428
-15.9638,9.9428,-16.1136,9.9428
-16.1136,9.9428,-16.1136,8.7755
-16.1136,8.7239,-16.1136,7.5516
-15.9638,7.5516,-15.9638,8.7239
-16.0362,7.6032,-16.0362,8.7239
-16.0362,8.7755,-16.0362,9.8963
-15.9638,8.7239,-16.1136,8.7239
-16.1136,8.7755,-15.9638,8.7755
-16.1136,7.5516,-15.9638,7.5516
-16.1136,9.8963,-15.9638,9.8963
-15.9638,7.6032,-16.1136,7.6032
-12.0233,11.3165,-12.0233,12.0396
-11.8580,2.8156,-11.8580,3.7245
-11.2537,3.7245,-11.2537,4.3857
-11.1969,11.3165,-11.1969,12.1687
-16.1550,9.9428,-16.1550,11.3372
-17.5597,11.7193,-15.7728,11.7193
-20.3331,14.9576,-15.8967,14.9576
-20.3331,15.0867,-16.5319,15.0867
-16.4080,15.0867,-15.7728,15.0867
-20.3331,17.8446,-16.5319,17.8446
-16.4080,17.8446,-11.1763,17.8446
-11.8580,24.3418,-11.1763,24.3418
-20.3331,17.9738,-11.1763,17.9738
-20.7101,15.6703,-20.3331,15.6703
-20.7101,14.3792,-20.3331,14.3792
-17.5597,11.3372,-16.1550,11.3372
-15.7728,11.7193,-15.7728,9.9428
-15.7728,9.9428,-16.1550,9.9428
-15.7728,11.7193,-15.7728,12.0396
-8.7592,11.5903,-8.7592,17.5193
-9.2137,11.4663,-9.2137,11.5903
-8.7592,28.0034,-8.7592,28.1532
5.1749,24.3573,5.1749,28.1532
5.2989,24.3573,5.2989,28.2823
7.5610,24.3573,7.5610,24.6103
7.5610,26.0254,7.5610,26.5316
7.5610,27.9518,7.5610,28.2823
7.6850,24.3573,7.6850,24.6103
7.6850,26.0254,7.6850,26.5316
7.6850,27.9518,7.6850,28.1532
8.7953,28.3599,8.7953,24.3573
8.7953,24.3573,8.7953,28.2823
14.5746,24.3573,14.5746,26.5316
14.5746,28.0551,14.5746,28.2823
14.7037,24.3573,14.7037,26.5316
20.5811,24.3573,20.5811,28.1532
20.7050,24.3573,20.7050,28.2823
22.1253,24.3573,22.1253,26.9396
22.1253,28.1532,22.1253,28.2823
24.7437,27.8537,24.7437,28.2823
25.4306,24.3573,25.4306,27.7245
25.4306,27.8537,25.4306,28.2823
25.5545,24.3573,25.5545,28.1532
25.7095,28.1532,25.7095,28.2823
26.6185,28.1532,26.6185,28.2823
31.1168,24.3573,31.1168,28.1532
31.2409,24.3573,31.2409,28.2823
37.9909,11.4663,37.9909,24.3573
37.8670,12.2979,37.8670,23.5205
36.6379,11.5903,36.6379,12.2979
24.6197,27.7245,24.6197,28.1532
22.2492,24.3573,22.2492,26.9396
8.6714,24.3573,8.6714,28.1532
-9.6682,28.1532,-9.6682,28.2823
-11.3002,22.6323,-11.3002,23.4948
-17.5597,11.3372,-17.5597,11.7193
-1.2447,4.4683,-0.3977,4.4683
-2.1227,5.9919,0.9451,5.9919
-1.9936,6.1210,0.9451,6.1210
-1.9936,9.7052,0.9451,9.7052
3.0730,9.7052,8.3925,9.7052
8.3925,9.7052,2.1846,9.7052
23.7883,9.7052,29.9961,9.7052
-2.1227,9.8292,0.9451,9.8292
-0.8676,3.5076,-0.3977,3.5076
-0.3203,-4.8126,0.1859,-4.8126
-1.2447,-5.1947,0.1859,-5.1947
-0.8676,-4.2599,-0.3203,-4.2599
-1.2447,-3.7745,-0.8676,-3.7745
36.6379,12.2979,37.8670,12.2979
-11.8580,11.3165,-11.1969,11.3165
-0.8676,-3.7745,-0.8676,-4.2599
7.8348,4.4683,7.8348,-4.2703
7.9587,3.5076,7.9587,-4.2703
8.8057,4.3392,8.8057,3.5076
-1.2447,-3.7745,-1.2447,-5.1947
-0.3203,-4.2599,-0.3203,-4.8126
0.1859,-4.8126,0.1859,-5.1947
-1.2447,3.5076,-1.2447,4.4683
-1.2085,-2.0805,-1.2085,-3.7280
-1.0587,-3.7280,-1.0587,-2.0805
-1.1311,-3.7280,-1.1311,-2.0805
-1.0587,-2.0805,-1.2085,-2.0805
-1.2085,-2.0288,-1.0587,-2.0288
-1.0587,-3.7745,-1.2085,-3.7745
-1.2085,-3.7280,-1.0587,-3.7280
0.2324,-5.1586,1.8799,-5.1586
1.8799,-5.0037,0.2324,-5.0037
1.8799,-5.0811,0.2324,-5.0811
0.2324,-5.0037,0.2324,-5.1586
0.1859,-5.1586,0.1859,-5.0037
1.9316,-5.0037,1.9316,-5.1586
1.8799,-5.1586,1.8799,-5.0037
1.9316,-4.8126,3.2227,-4.8126
3.2227,-4.8126,3.2227,-5.1947
3.2227,-5.1947,1.9316,-5.1947
1.9316,-5.1947,1.9316,-4.8126
3.2744,-5.1586,4.9219,-5.1586
4.9219,-5.0037,3.2744,-5.0037
4.9219,-5.0811,3.2744,-5.0811
3.2744,-5.0037,3.2744,-5.1586
3.2227,-5.1586,3.2227,-5.0037
4.9736,-5.0037,4.9736,-5.1586
4.9219,-5.1586,4.9219,-5.0037
4.9736,-4.8126,5.9600,-4.8126
5.9600,-4.8126,5.9600,-5.1947
5.9600,-5.1947,4.9736,-5.1947
4.9736,-5.1947,4.9736,-4.8126
6.0116,-5.1586,7.6539,-5.1586
7.6539,-5.0037,6.0116,-5.0037
7.6539,-5.0811,6.0116,-5.0811
6.0116,-5.0037,6.0116,-5.1586
5.9600,-5.1586,5.9600,-5.0037
7.7056,-5.0037,7.7056,-5.1586
7.6539,-5.1586,7.6539,-5.0037
13.6191,3.7349,10.4945,3.7349
13.6191,3.8588,10.6185,3.8588
7.9587,3.5076,8.8057,3.5076
-19.2538,11.3733,-17.6062,11.3733
-17.6062,11.5283,-19.2538,11.5283
-17.6062,11.4509,-19.2538,11.4509
-19.2538,11.5283,-19.2538,11.3733
-19.3054,11.3733,-19.3054,11.5283
-17.5597,11.5283,-17.5597,11.3733
-17.6062,11.3733,-17.6062,11.5283
-19.3054,11.3372,-19.3054,11.7193
-20.3331,12.2772,-19.7857,12.2772
-19.7857,12.2772,-19.7857,11.7193
-19.7857,11.7193,-19.3054,11.7193
-20.3331,12.6283,-20.7101,12.6283
-19.3054,11.3372,-20.7101,11.3372
-20.3331,12.2772,-20.3331,12.6283
-20.7101,11.3372,-20.7101,12.6283
-20.7101,14.3792,-20.7101,15.6703
-20.3331,14.3792,-20.3331,15.6703
-20.6740,14.3275,-20.6740,12.6800
-20.5191,12.6800,-20.5191,14.3275
-20.5965,12.6800,-20.5965,14.3275
-20.5191,14.3275,-20.6740,14.3275
-20.6740,14.3792,-20.5191,14.3792
-20.5191,12.6283,-20.6740,12.6283
-20.6740,12.6800,-20.5191,12.6800
-20.6740,17.3643,-20.6740,15.7168
-20.5191,15.7168,-20.5191,17.3643
-20.5965,15.7168,-20.5965,17.3643
-20.5191,17.3643,-20.6740,17.3643
-20.6740,17.4160,-20.5191,17.4160
-20.5191,15.6703,-20.6740,15.6703
-20.6740,15.7168,-20.5191,15.7168
-20.7101,17.4160,-20.3331,17.4160
-20.7101,17.4160,-20.7101,18.4024
-20.7101,18.4024,-20.3331,18.4024
-20.3331,18.4024,-20.3331,17.4160
-20.7101,21.4444,-20.3331,21.4444
-20.7101,21.4444,-20.7101,20.1533
-20.7101,20.1533,-20.3331,20.1533
-20.3331,20.1533,-20.3331,21.4444
-20.6740,20.1016,-20.6740,18.4541
-20.5191,18.4541,-20.5191,20.1016
-20.5965,18.4541,-20.5965,20.1016
-20.5191,20.1016,-20.6740,20.1016
-20.6740,20.1533,-20.5191,20.1533
-20.5191,18.4024,-20.6740,18.4024
-20.6740,18.4541,-20.5191,18.4541
-20.6740,23.1384,-20.6740,21.4960
-20.5191,21.4960,-20.5191,23.1384
-20.5965,21.4960,-20.5965,23.1384
-20.5191,23.1384,-20.6740,23.1384
-20.6740,23.1900,-20.5191,23.1900
-20.5191,21.4444,-20.6740,21.4444
-20.6740,21.4960,-20.5191,21.4960
-20.7101,23.1900,-20.3331,23.1900
-19.7857,23.5464,-20.3331,23.5464
-19.7857,24.0887,-19.3209,24.0887
-20.7101,24.4709,-19.3209,24.4709
-20.3331,23.1900,-20.3331,23.5464
-19.7857,24.0887,-19.7857,23.5464
-19.3209,24.0887,-19.3209,24.4709
-20.7101,23.1900,-20.7101,24.4709
-19.2692,24.4295,-17.6217,24.4295
-17.6217,24.2797,-19.2692,24.2797
-17.6217,24.3573,-19.2692,24.3573
-19.2692,24.2797,-19.2692,24.4295
-19.3209,24.4295,-19.3209,24.2797
-17.5700,24.2797,-17.5700,24.4295
-17.6217,24.4295,-17.6217,24.2797
-17.5700,24.0887,-17.5700,24.4709
-15.7728,24.0887,-15.7728,25.8239
-16.1550,24.4709,-16.1550,25.8239
-17.5700,24.4709,-16.1550,24.4709
-11.3002,22.6323,-11.1763,22.6323
-15.7728,25.0131,-11.9871,25.0131
-15.7728,28.3599,-11.9871,28.3599
-15.7728,28.4838,-11.9871,28.4838
-16.1550,25.8239,-15.7728,25.8239
-14.9877,36.0241,-14.2802,36.0241
-14.2802,36.0241,-14.2802,36.4063
-14.2802,36.4063,-14.9877,36.4063
-14.9877,36.4063,-14.9877,36.0241
-11.1866,35.4819,-11.9871,35.4819
-11.9871,35.4819,-11.9871,36.4063
-11.9871,36.4063,-11.1866,36.4063
-11.1866,36.4063,-11.1866,35.4819
-8.8470,36.0241,-8.1343,36.0241
-8.1343,36.0241,-8.1343,36.4063
-8.1343,36.4063,-8.8470,36.4063
-8.8470,36.4063,-8.8470,36.0241
-5.7431,36.0241,-5.0355,36.0241
-5.0355,36.0241,-5.0355,36.4063
-5.0355,36.4063,-5.7431,36.4063
-5.7431,36.4063,-5.7431,36.0241
-3.8114,36.3650,-2.6391,36.3650
-2.6391,36.3650,-2.6391,36.2152
-2.6391,36.2152,-3.8114,36.2152
-3.8631,36.2152,-5.0355,36.2152
-4.9839,36.2152,-4.9839,36.3650
-5.0355,36.3650,-3.8631,36.3650
-2.6908,36.2152,-2.6908,36.3650
-4.9839,36.2927,-3.8631,36.2927
-3.8114,36.2927,-2.6908,36.2927
-2.6391,36.0241,-0.8676,36.0241
-1.2447,37.8369,-0.8676,37.8369
-0.8676,37.8369,-0.8676,36.0241
-0.7127,36.6852,-0.7127,36.8092
-0.7643,36.6852,-0.7643,36.8092
0.1962,36.6852,0.1962,36.8092
0.7540,36.6852,0.7540,36.8092
0.7024,36.6852,0.7024,36.8092
0.2479,36.6852,0.2479,36.8092
2.0813,36.8092,2.0813,40.6206
2.2105,36.8092,2.2105,40.6206
5.1595,36.8092,5.1595,40.6206
5.2886,36.8092,5.2886,40.6206
-2.6391,36.0241,-2.6391,36.4063
-2.6391,36.4063,-1.2447,36.4063
-1.2447,36.4063,-1.2447,37.8369
-3.8631,36.3650,-3.8631,36.2152
-3.8114,36.2152,-3.8114,36.3650
-6.9155,36.3650,-5.7431,36.3650
-5.7431,36.3650,-5.7431,36.2152
-5.7431,36.2152,-6.9155,36.2152
-6.9670,36.2152,-8.1343,36.2152
-8.0878,36.2152,-8.0878,36.3650
-8.1343,36.3650,-6.9670,36.3650
-5.7947,36.2152,-5.7947,36.3650
-8.0878,36.2927,-6.9670,36.2927
-6.9155,36.2927,-5.7947,36.2927
-6.9670,36.3650,-6.9670,36.2152
-6.9155,36.2152,-6.9155,36.3650
-10.0143,36.3650,-8.8470,36.3650
-8.8470,36.3650,-8.8470,36.2152
-8.8470,36.2152,-10.0143,36.2152
-10.0658,36.2152,-11.2382,36.2152
-11.1866,36.2152,-11.1866,36.3650
-11.2382,36.3650,-10.0658,36.3650
-8.8935,36.2152,-8.8935,36.3650
-11.1866,36.2927,-10.0658,36.2927
-10.0143,36.2927,-8.8935,36.2927
-10.0658,36.3650,-10.0658,36.2152
-10.0143,36.2152,-10.0143,36.3650
-11.2382,36.2152,-11.2382,36.3650
-13.1079,36.3650,-11.9354,36.3650
-11.9354,36.3650,-11.9354,36.2152
-11.9354,36.2152,-13.1079,36.2152
-13.1594,36.2152,-14.3267,36.2152
-14.2802,36.2152,-14.2802,36.3650
-14.3267,36.3650,-13.1594,36.3650
-11.9871,36.2152,-11.9871,36.3650
-14.2802,36.2927,-13.1594,36.2927
-13.1079,36.2927,-11.9871,36.2927
-13.1594,36.3650,-13.1594,36.2152
-13.1079,36.2152,-13.1079,36.3650
-14.3267,36.2152,-14.3267,36.3650
-16.1550,35.1565,-16.1550,34.4489
-16.1550,34.4489,-15.7728,34.4489
-15.7728,34.4489,-15.7728,35.1565
-15.7728,35.1565,-16.1550,35.1565
-15.0394,36.2152,-15.9638,36.2152
-15.9638,36.2152,-15.9638,35.1565
-15.9638,35.1565,-16.1136,35.1565
-16.1136,35.1565,-16.1136,36.3650
-16.1136,36.3650,-15.0394,36.3650
-16.1136,35.2081,-15.9638,35.2081
-16.0362,36.2152,-16.0362,35.2081
-15.9638,36.2927,-15.0394,36.2927
-15.0394,36.3650,-15.0394,36.2152
-14.9877,36.2152,-14.9877,36.3650
-15.9638,36.3650,-15.9638,36.2152
-15.9638,36.2152,-16.1136,36.2152
-15.9638,33.2249,-15.9638,32.0577
-15.9638,32.0577,-16.1136,32.0577
-16.1136,32.0577,-16.1136,33.2249
-16.1136,33.2765,-16.1136,34.4489
-15.9638,34.4489,-15.9638,33.2765
-16.0362,34.3973,-16.0362,33.2765
-16.0362,33.2249,-16.0362,32.1042
-15.9638,33.2765,-16.1136,33.2765
-16.1136,33.2249,-15.9638,33.2249
-15.9638,34.4489,-16.1136,34.4489
-16.1136,34.4489,-15.9638,34.4489
-16.1136,32.1042,-15.9638,32.1042
-16.1550,31.3088,-16.1550,32.1042
-16.1550,32.1042,-15.2305,32.1042
-15.2305,32.1042,-15.2305,31.3088
-15.2305,31.3088,-16.1550,31.3088
-15.9638,34.3973,-16.1136,34.3973
-15.9638,30.1365,-15.9638,28.9641
-15.9638,28.9641,-16.1136,28.9641
-16.1136,28.9641,-16.1136,30.1365
-16.1136,30.1880,-16.1136,31.3605
-15.9638,31.3605,-15.9638,30.1880
-16.0362,31.3088,-16.0362,30.1880
-16.0362,30.1365,-16.0362,29.0157
-15.9638,30.1880,-16.1136,30.1880
-16.1136,30.1365,-15.9638,30.1365
-15.9638,31.3605,-16.1136,31.3605
-16.1136,31.3605,-15.9638,31.3605
-16.1136,29.0157,-15.9638,29.0157
-15.9638,31.3088,-16.1136,31.3088
-16.1550,28.9641,-16.1550,28.2565
-16.1550,28.2565,-15.7728,28.2565
-15.7728,28.2565,-15.7728,28.9641
-15.7728,28.9641,-16.1550,28.9641
-15.9638,27.0325,-15.9638,25.8653
-15.9638,25.8653,-16.1136,25.8653
-16.1136,25.8653,-16.1136,27.0325
-16.1136,27.0841,-16.1136,28.2565
-15.9638,28.2565,-15.9638,27.0841
-16.0362,28.2049,-16.0362,27.0841
-16.0362,27.0325,-16.0362,25.9118
-15.9638,27.0841,-16.1136,27.0841
-16.1136,27.0325,-15.9638,27.0325
-16.1136,28.2565,-15.9638,28.2565
-16.1136,25.9118,-15.9638,25.9118
-15.9638,28.2049,-16.1136,28.2049
-0.3203,40.6206,0.1859,40.6206
-1.2447,41.0028,0.1859,41.0028
-0.8676,40.0629,-0.3203,40.0629
-1.2447,41.0028,-1.2447,39.5825
-1.2447,39.5825,-0.8676,39.5825
-0.8676,39.5825,-0.8676,40.0629
-0.3203,40.0629,-0.3203,40.6206
0.1859,40.6206,0.1859,41.0028
-1.2085,37.8886,-1.2085,39.5309
-1.0587,39.5309,-1.0587,37.8886
-1.1311,39.5309,-1.1311,37.8886
-1.0587,37.8886,-1.2085,37.8886
-1.2085,37.8369,-1.0587,37.8369
-1.0587,39.5825,-1.2085,39.5825
-1.2085,39.5309,-1.0587,39.5309
0.2324,40.9666,1.8799,40.9666
1.8799,40.8118,0.2324,40.8118
1.8799,40.8892,0.2324,40.8892
0.2324,40.8118,0.2324,40.9666
0.1859,40.9666,0.1859,40.8118
1.9316,40.8118,1.9316,40.9666
1.8799,40.9666,1.8799,40.8118
1.9316,40.6206,3.2227,40.6206
3.2227,40.6206,3.2227,41.0028
3.2227,41.0028,1.9316,41.0028
1.9316,41.0028,1.9316,40.6206
3.2744,40.9666,4.9219,40.9666
4.9219,40.8118,3.2744,40.8118
4.9219,40.8892,3.2744,40.8892
3.2744,40.8118,3.2744,40.9666
3.2227,40.9666,3.2227,40.8118
4.9736,40.8118,4.9736,40.9666
4.9219,40.9666,4.9219,40.8118
4.9736,40.6206,5.9600,40.6206
5.9600,40.6206,5.9600,41.0028
5.9600,41.0028,4.9736,41.0028
4.9736,41.0028,4.9736,40.6206
6.0116,40.9666,7.6539,40.9666
7.6539,40.8118,6.0116,40.8118
7.6539,40.8892,6.0116,40.8892
6.0116,40.8118,6.0116,40.9666
5.9600,40.9666,5.9600,40.8118
7.7056,40.8118,7.7056,40.9666
7.6539,40.9666,7.6539,40.8118
8.2376,36.8092,8.2376,40.0784
7.8089,40.0784,7.8089,40.6206
8.3667,36.8092,8.3667,40.0784
8.8832,40.0784,8.8832,40.6206
11.3157,36.8092,11.3157,40.6206
11.4449,36.8092,11.4449,40.6206
14.3938,36.8092,14.3938,40.6206
14.5178,36.8092,14.5178,40.6206
8.8832,40.6206,8.9968,40.6206
8.9968,40.6206,8.9968,41.0028
8.9968,41.0028,7.7056,41.0028
7.7056,41.0028,7.7056,40.6206
7.8089,40.0784,8.8832,40.0784
9.0484,40.9666,10.6959,40.9666
10.6959,40.8118,9.0484,40.8118
10.6959,40.8892,9.0484,40.8892
9.0484,40.8118,9.0484,40.9666
8.9968,40.9666,8.9968,40.8118
10.7475,40.8118,10.7475,40.9666
10.6959,40.9666,10.6959,40.8118
10.7475,40.6206,12.0388,40.6206
12.0388,40.6206,12.0388,41.0028
12.0388,41.0028,10.7475,41.0028
10.7475,41.0028,10.7475,40.6206
12.0904,40.9666,13.7327,40.9666
13.7327,40.8118,12.0904,40.8118
13.7327,40.8892,12.0904,40.8892
12.0904,40.8118,12.0904,40.9666
12.0388,40.9666,12.0388,40.8118
13.7844,40.8118,13.7844,40.9666
13.7327,40.9666,13.7327,40.8118
0.7540,36.8092,2.0813,36.8092
7.9845,28.3599,8.7953,28.3599
7.5610,27.9518,7.6850,27.9518
7.5610,26.5316,7.6850,26.5316
7.5610,26.0254,7.6850,26.0254
7.5610,24.6103,7.6850,24.6103
22.1253,28.2823,24.7437,28.2823
24.7437,27.8537,25.4306,27.8537
24.6197,27.7245,25.4306,27.7245
22.1253,28.1532,24.6197,28.1532
22.1253,26.9396,22.2492,26.9396
7.6850,28.1532,8.6714,28.1532
-9.6682,28.1532,-8.7592,28.1532
-15.2305,32.1042,-10.8251,32.1042
-11.8580,31.2830,-11.2124,31.2830
-15.2305,31.9803,-11.9871,31.9803
-0.8676,36.0241,-0.8676,32.2901
-0.4131,32.2901,-0.4131,31.3502
7.9845,32.2901,7.9845,31.3502
8.7953,32.2901,8.7953,31.3502
-1.3635,32.2901,-1.3635,31.3502
-0.9916,36.0241,-0.9916,32.2901
-11.2124,31.9544,-11.2124,31.2830
13.7844,40.6206,15.0756,40.6206
15.0756,40.6206,15.0756,41.0028
15.0756,41.0028,13.7844,41.0028
13.7844,41.0028,13.7844,40.6206
15.1272,40.9666,16.7747,40.9666
16.7747,40.8118,15.1272,40.8118
16.7747,40.8892,15.1272,40.8892
15.1272,40.8118,15.1272,40.9666
15.0756,40.9666,15.0756,40.8118
16.8263,40.8118,16.8263,40.9666
16.7747,40.9666,16.7747,40.8118
17.4306,36.8092,17.4306,40.0784
17.5597,36.8092,17.5597,40.0784
18.0039,40.6206,18.1175,40.6206
18.1175,40.6206,18.1175,41.0028
18.1175,41.0028,16.8263,41.0028
16.8263,41.0028,16.8263,40.6206
18.1692,40.9666,19.8115,40.9666
19.8115,40.8118,18.1692,40.8118
19.8115,40.8892,18.1692,40.8892
18.1692,40.8118,18.1692,40.9666
18.1175,40.9666,18.1175,40.8118
19.8631,40.8118,19.8631,40.9666
19.8115,40.9666,19.8115,40.8118
16.9245,40.0784,16.9245,40.6206
18.0039,40.0784,18.0039,40.6206
16.9245,40.0784,18.0039,40.0784
20.4726,36.8092,20.4726,40.6206
20.5965,36.8092,20.5965,40.6206
19.8631,40.6206,20.8495,40.6206
20.8495,40.6206,20.8495,41.0028
20.8495,41.0028,19.8631,41.0028
19.8631,41.0028,19.8631,40.6206
20.9012,40.9666,22.5487,40.9666
22.5487,40.8118,20.9012,40.8118
22.5487,40.8892,20.9012,40.8892
20.9012,40.8118,20.9012,40.9666
20.8495,40.9666,20.8495,40.8118
40.8108,-0.2161,40.0981,-0.2161
40.0981,-0.2161,40.0981,-0.5982
40.0981,-0.5982,40.8108,-0.5982
40.8108,-0.5982,40.8108,-0.2161
37.0097,0.3262,37.8102,0.3262
37.8102,0.3262,37.8102,-0.5982
37.8102,-0.5982,37.0097,-0.5982
37.0097,-0.5982,37.0097,0.3262
34.6701,-0.2161,33.9574,-0.2161
33.9574,-0.2161,33.9574,-0.5982
33.9574,-0.5982,34.6701,-0.5982
34.6701,-0.5982,34.6701,-0.2161
31.5662,-0.2161,30.8535,-0.2161
30.8535,-0.2161,30.8535,-0.5982
30.8535,-0.5982,31.5662,-0.5982
31.5662,-0.5982,31.5662,-0.2161
29.6347,-0.5621,28.4622,-0.5621
28.4622,-0.5621,28.4622,-0.4072
28.4622,-0.4072,29.6347,-0.4072
29.6863,-0.4072,30.8535,-0.4072
30.8070,-0.4072,30.8070,-0.5621
30.8535,-0.5621,29.6863,-0.5621
28.5139,-0.4072,28.5139,-0.5621
30.8070,-0.4846,29.6863,-0.4846
29.6347,-0.4846,28.5139,-0.4846
28.4622,-0.2161,26.6907,-0.2161
28.4622,-0.2161,28.4622,-0.5982
28.4622,-0.5982,27.0678,-0.5982
27.0678,-0.5982,27.0678,-2.0288
27.0678,-2.0288,26.6907,-2.0288
26.6907,-2.0288,26.6907,-0.2161
32.6921,3.5747,32.6921,-0.4072
32.8160,3.5747,32.8160,-0.4072
35.6566,3.5747,35.6566,-0.1541
35.7805,3.5747,35.7805,-0.0301
35.8839,3.7039,35.8839,3.5747
36.7927,3.7039,36.7927,3.5747
35.9096,-0.0301,35.9096,-0.4072
35.7805,-0.1541,35.7805,-0.4072
29.6863,-0.5621,29.6863,-0.4072
29.6347,-0.4072,29.6347,-0.5621
32.7386,-0.5621,31.5662,-0.5621
31.5662,-0.5621,31.5662,-0.4072
31.5662,-0.4072,32.7386,-0.4072
32.7851,-0.4072,33.9574,-0.4072
33.9058,-0.4072,33.9058,-0.5621
33.9574,-0.5621,32.7851,-0.5621
31.6178,-0.4072,31.6178,-0.5621
33.9058,-0.4846,32.7851,-0.4846
32.7386,-0.4846,31.6178,-0.4846
32.7851,-0.5621,32.7851,-0.4072
32.7386,-0.4072,32.7386,-0.5621
35.8374,-0.5621,34.6701,-0.5621
34.6701,-0.5621,34.6701,-0.4072
34.6701,-0.4072,35.8374,-0.4072
35.8890,-0.4072,37.0613,-0.4072
35.6566,-0.1541,35.7805,-0.1541
35.7805,-0.0301,35.9096,-0.0301
37.0097,-0.4072,37.0097,-0.5621
37.0613,-0.5621,35.8890,-0.5621
34.7166,-0.4072,34.7166,-0.5621
37.0097,-0.4846,35.8890,-0.4846
35.8374,-0.4846,34.7166,-0.4846
35.8890,-0.5621,35.8890,-0.4072
35.8374,-0.4072,35.8374,-0.5621
37.0613,-0.4072,37.0613,-0.5621
38.9310,-0.5621,37.7585,-0.5621
37.7585,-0.5621,37.7585,-0.4072
37.7585,-0.4072,38.9310,-0.4072
38.9774,-0.4072,40.1498,-0.4072
40.0981,-0.4072,40.0981,-0.5621
40.1498,-0.5621,38.9774,-0.5621
37.8102,-0.4072,37.8102,-0.5621
40.0981,-0.4846,38.9774,-0.4846
38.9310,-0.4846,37.8102,-0.4846
38.9774,-0.5621,38.9774,-0.4072
38.9310,-0.4072,38.9310,-0.5621
40.1498,-0.4072,40.1498,-0.5621
41.9729,0.6517,41.9729,1.3592
41.9729,1.3592,41.5959,1.3592
41.5959,1.3592,41.5959,0.6517
41.5959,0.6517,41.9729,0.6517
40.8625,-0.4072,41.7869,-0.4072
41.7869,-0.4072,41.7869,0.6517
41.7869,0.6517,41.9367,0.6517
41.9367,0.6517,41.9367,-0.5621
41.9367,-0.5621,40.8625,-0.5621
41.9367,0.6000,41.7869,0.6000
41.8593,-0.4072,41.8593,0.6000
41.7869,-0.4846,40.8625,-0.4846
40.8625,-0.5621,40.8625,-0.4072
40.8108,-0.4072,40.8108,-0.5621
41.7869,-0.5621,41.7869,-0.4072
41.7869,-0.4072,41.9367,-0.4072
41.7869,2.5832,41.7869,3.7504
41.7869,3.7504,41.9367,3.7504
41.9367,3.7504,41.9367,2.5832
41.9367,2.5315,41.9367,1.3592
41.7869,1.3592,41.7869,2.5315
41.8593,1.4108,41.8593,2.5315
41.8593,2.5832,41.8593,3.7039
41.7869,2.5315,41.9367,2.5315
41.9367,2.5832,41.7869,2.5832
41.7869,1.3592,41.9367,1.3592
41.9367,1.3592,41.7869,1.3592
41.9367,3.7039,41.7869,3.7039
41.9729,4.4993,41.9729,3.7039
41.9729,3.7039,41.0485,3.7039
41.0485,3.7039,41.0485,4.4993
41.0485,4.4993,41.9729,4.4993
41.7869,1.4108,41.9367,1.4108
41.7869,5.6716,41.7869,6.8439
41.7869,6.8439,41.9367,6.8439
41.9367,6.8439,41.9367,5.6716
41.9367,5.6200,41.9367,4.4476
41.7869,4.4476,41.7869,5.6200
41.8593,4.4993,41.8593,5.6200
41.8593,5.6716,41.8593,6.7924
41.7869,5.6200,41.9367,5.6200
41.9367,5.6716,41.7869,5.6716
41.7869,4.4476,41.9367,4.4476
41.9367,4.4476,41.7869,4.4476
41.9367,6.7924,41.7869,6.7924
41.7869,4.4993,41.9367,4.4993
41.9729,6.8439,41.9729,7.5516
41.9729,7.5516,41.5959,7.5516
41.5959,7.5516,41.5959,6.8439
41.5959,6.8439,41.9729,6.8439
41.7869,8.7755,41.7869,9.9428
41.7869,9.9428,41.9367,9.9428
41.9367,9.9428,41.9367,8.7755
41.9367,8.7239,41.9367,7.5516
41.7869,7.5516,41.7869,8.7239
41.8593,7.6032,41.8593,8.7239
41.8593,8.7755,41.8593,9.8963
41.7869,8.7239,41.9367,8.7239
41.9367,8.7755,41.7869,8.7755
41.9367,7.5516,41.7869,7.5516
41.9367,9.8963,41.7869,9.8963
41.7869,7.6032,41.9367,7.6032
41.9729,9.9428,41.9729,11.3372
43.3828,11.7193,41.5959,11.7193
46.1563,14.7201,42.5203,14.7201
42.5203,14.5651,42.3912,14.5651
46.1563,14.8440,42.5203,14.8440
46.1563,17.8602,42.5203,17.8602
46.1563,17.9841,42.5203,17.9841
46.1563,21.0002,42.5203,21.0002
46.1563,21.1241,42.5203,21.1241
46.5332,15.6703,46.1563,15.6703
46.5332,14.3792,46.1563,14.3792
43.3828,11.3372,41.9729,11.3372
41.5959,11.7193,41.5959,9.9428
30.1201,9.8292,30.1201,5.9919
28.5759,6.1210,28.5759,5.9919
27.0575,6.1210,27.0575,5.9919
29.9961,9.7052,29.9961,6.1210
41.5959,9.9428,41.9729,9.9428
43.3828,11.3372,43.3828,11.7193
26.1434,-4.8126,25.6372,-4.8126
27.0678,-5.1947,25.6372,-5.1947
26.6907,-4.2599,26.1434,-4.2599
27.0678,-5.1947,27.0678,-3.7745
27.0678,-3.7745,26.6907,-3.7745
26.6907,-3.7745,26.6907,-4.2599
26.1434,-4.2599,26.1434,-4.8126
25.6372,-4.8126,25.6372,-5.1947
27.0316,-2.0805,27.0316,-3.7280
26.8819,-3.7280,26.8819,-2.0805
26.9542,-3.7280,26.9542,-2.0805
26.8819,-2.0805,27.0316,-2.0805
27.0316,-2.0288,26.8819,-2.0288
26.8819,-3.7745,27.0316,-3.7745
27.0316,-3.7280,26.8819,-3.7280
25.5855,-5.1586,23.9432,-5.1586
23.9432,-5.0037,25.5855,-5.0037
23.9432,-5.0811,25.5855,-5.0811
25.5855,-5.0037,25.5855,-5.1586
25.6372,-5.1586,25.6372,-5.0037
23.8915,-5.0037,23.8915,-5.1586
23.9432,-5.1586,23.9432,-5.0037
23.8915,-4.8126,22.6004,-4.8126
22.6004,-4.8126,22.6004,-5.1947
22.6004,-5.1947,23.8915,-5.1947
23.8915,-5.1947,23.8915,-4.8126
22.5487,-5.1586,20.9012,-5.1586
20.9012,-5.0037,22.5487,-5.0037
20.9012,-5.0811,22.5487,-5.0811
22.5487,-5.0037,22.5487,-5.1586
22.6004,-5.1586,22.6004,-5.0037
20.8495,-5.0037,20.8495,-5.1586
20.9012,-5.1586,20.9012,-5.0037
20.8495,-4.8126,19.8631,-4.8126
19.8631,-4.8126,19.8631,-5.1947
19.8631,-5.1947,20.8495,-5.1947
20.8495,-5.1947,20.8495,-4.8126
19.8115,-5.1586,18.1692,-5.1586
18.1692,-5.0037,19.8115,-5.0037
18.1692,-5.0811,19.8115,-5.0811
19.8115,-5.0037,19.8115,-5.1586
19.8631,-5.1586,19.8631,-5.0037
18.1175,-5.0037,18.1175,-5.1586
18.1692,-5.1586,18.1692,-5.0037
45.0769,11.3733,43.4293,11.3733
43.4293,11.5283,45.0769,11.5283
43.4293,11.4509,45.0769,11.4509
45.0769,11.5283,45.0769,11.3733
45.1285,11.3733,45.1285,11.5283
43.3828,11.5283,43.3828,11.3733
43.4293,11.3733,43.4293,11.5283
45.1285,11.3372,45.1285,11.7193
46.1563,12.2772,45.6088,12.2772
45.6088,12.2772,45.6088,11.7193
45.6088,11.7193,45.1285,11.7193
46.1563,12.6283,46.5332,12.6283
45.1285,11.3372,46.5332,11.3372
46.1563,12.2772,46.1563,12.6283
46.5332,11.3372,46.5332,12.6283
46.5332,14.3792,46.5332,15.6703
46.1563,14.3792,46.1563,15.6703
46.4972,14.3275,46.4972,12.6800
46.3422,12.6800,46.3422,14.3275
46.4196,12.6800,46.4196,14.3275
46.3422,14.3275,46.4972,14.3275
46.4972,14.3792,46.3422,14.3792
46.3422,12.6283,46.4972,12.6283
46.4972,12.6800,46.3422,12.6800
46.4972,17.3643,46.4972,15.7168
46.3422,15.7168,46.3422,17.3643
46.4196,15.7168,46.4196,17.3643
46.3422,17.3643,46.4972,17.3643
46.4972,17.4160,46.3422,17.4160
46.3422,15.6703,46.4972,15.6703
46.4972,15.7168,46.3422,15.7168
46.5332,17.4160,46.1563,17.4160
46.5332,17.4160,46.5332,18.4024
46.5332,18.4024,46.1563,18.4024
46.1563,18.4024,46.1563,17.4160
46.5332,21.4444,46.1563,21.4444
46.5332,21.4444,46.5332,20.1533
46.5332,20.1533,46.1563,20.1533
46.1563,20.1533,46.1563,21.4444
46.4972,20.1016,46.4972,18.4541
46.3422,18.4541,46.3422,20.1016
46.4196,18.4541,46.4196,20.1016
46.3422,20.1016,46.4972,20.1016
46.4972,20.1533,46.3422,20.1533
46.3422,18.4024,46.4972,18.4024
46.4972,18.4541,46.3422,18.4541
46.4972,23.1384,46.4972,21.4960
46.3422,21.4960,46.3422,23.1384
46.4196,21.4960,46.4196,23.1384
46.3422,23.1384,46.4972,23.1384
46.4972,23.1900,46.3422,23.1900
46.3422,21.4444,46.4972,21.4444
46.4972,21.4960,46.3422,21.4960
46.5332,23.1900,46.1563,23.1900
45.6088,23.5464,46.1563,23.5464
45.6088,24.0887,45.1388,24.0887
46.5332,24.4709,45.1388,24.4709
46.1563,23.1900,46.1563,23.5464
45.6088,24.0887,45.6088,23.5464
45.1388,24.0887,45.1388,24.4709
46.5332,23.1900,46.5332,24.4709
45.0923,24.4295,43.4448,24.4295
43.4448,24.2797,45.0923,24.2797
43.4448,24.3573,45.0923,24.3573
45.0923,24.2797,45.0923,24.4295
45.1388,24.4295,45.1388,24.2797
43.3931,24.2797,43.3931,24.4295
43.4448,24.4295,43.4448,24.2797
43.3931,24.0887,43.3931,24.4709
41.5959,24.0887,41.5959,25.8239
41.9729,24.4709,41.9729,25.8239
43.3931,24.0887,41.5959,24.0887
43.3931,24.4709,41.9729,24.4709
41.9729,25.8239,41.5959,25.8239
40.8108,36.0241,40.0981,36.0241
40.0981,36.0241,40.0981,36.4063
40.0981,36.4063,40.8108,36.4063
40.8108,36.4063,40.8108,36.0241
37.0097,35.4819,37.8102,35.4819
37.8102,35.4819,37.8102,36.4063
37.8102,36.4063,37.0097,36.4063
37.0097,36.4063,37.0097,35.4819
34.6701,36.0241,33.9574,36.0241
33.9574,36.0241,33.9574,36.4063
33.9574,36.4063,34.6701,36.4063
34.6701,36.4063,34.6701,36.0241
31.5662,36.0241,30.8535,36.0241
30.8535,36.0241,30.8535,36.4063
30.8535,36.4063,31.5662,36.4063
31.5662,36.4063,31.5662,36.0241
29.6347,36.3650,28.4622,36.3650
28.4622,36.3650,28.4622,36.2152
28.4622,36.2152,29.6347,36.2152
29.6863,36.2152,30.8535,36.2152
30.8070,36.2152,30.8070,36.3650
30.8535,36.3650,29.6863,36.3650
28.5139,36.2152,28.5139,36.3650
30.8070,36.2927,29.6863,36.2927
29.6347,36.2927,28.5139,36.2927
28.4622,36.0241,26.6907,36.0241
27.0678,37.8369,26.6907,37.8369
26.6907,37.8369,26.6907,36.0241
26.5874,36.6852,26.5874,36.8092
28.4622,36.0241,28.4622,36.4063
28.4622,36.4063,27.0678,36.4063
27.0678,36.4063,27.0678,37.8369
29.6863,36.3650,29.6863,36.2152
29.6347,36.2152,29.6347,36.3650
32.7386,36.3650,31.5662,36.3650
31.5662,36.3650,31.5662,36.2152
31.5662,36.2152,32.7386,36.2152
32.7851,36.2152,33.9574,36.2152
33.9058,36.2152,33.9058,36.3650
33.9574,36.3650,32.7851,36.3650
31.6178,36.2152,31.6178,36.3650
33.9058,36.2927,32.7851,36.2927
32.7386,36.2927,31.6178,36.2927
32.7851,36.3650,32.7851,36.2152
32.7386,36.2152,32.7386,36.3650
35.8374,36.3650,34.6701,36.3650
34.6701,36.3650,34.6701,36.2152
34.6701,36.2152,35.8374,36.2152
35.8890,36.2152,37.0613,36.2152
37.0097,36.2152,37.0097,36.3650
34.7166,36.2152,34.7166,36.3650
35.8374,36.2927,34.7166,36.2927
35.8890,36.3650,35.8890,36.2152
35.8374,36.2152,35.8374,36.3650
37.0613,36.2152,37.0613,36.3650
38.9310,36.3650,37.7585,36.3650
37.7585,36.3650,37.7585,36.2152
37.7585,36.2152,38.9310,36.2152
38.9774,36.2152,40.1498,36.2152
40.0981,36.2152,40.0981,36.3650
40.1498,36.3650,38.9774,36.3650
37.8102,36.2152,37.8102,36.3650
40.0981,36.2927,38.9774,36.2927
38.9774,36.3650,38.9774,36.2152
38.9310,36.2152,38.9310,36.3650
40.1498,36.2152,40.1498,36.3650
41.9729,35.1565,41.9729,34.4489
41.9729,34.4489,41.5959,34.4489
41.5959,34.4489,41.5959,35.1565
41.5959,35.1565,41.9729,35.1565
40.8625,36.2152,41.7869,36.2152
41.7869,36.2152,41.7869,35.1565
41.7869,35.1565,41.9367,35.1565
41.9367,35.1565,41.9367,36.3650
41.9367,36.3650,40.8625,36.3650
41.9367,35.2081,41.7869,35.2081
41.8593,36.2152,41.8593,35.2081
41.7869,36.2927,40.8625,36.2927
40.8625,36.3650,40.8625,36.2152
40.8108,36.2152,40.8108,36.3650
41.7869,36.3650,41.7869,36.2152
41.7869,36.2152,41.9367,36.2152
41.7869,33.2249,41.7869,32.0577
41.7869,32.0577,41.9367,32.0577
41.9367,32.0577,41.9367,33.2249
41.9367,33.2765,41.9367,34.4489
41.7869,34.4489,41.7869,33.2765
41.8593,34.3973,41.8593,33.2765
41.8593,33.2249,41.8593,32.1042
41.7869,33.2765,41.9367,33.2765
41.9367,33.2249,41.7869,33.2249
41.7869,34.4489,41.9367,34.4489
41.9367,34.4489,41.7869,34.4489
41.9367,32.1042,41.7869,32.1042
41.9729,31.3088,41.9729,32.1042
41.9729,32.1042,41.0485,32.1042
41.0485,32.1042,41.0485,31.3088
41.0485,31.3088,41.9729,31.3088
41.7869,34.3973,41.9367,34.3973
41.7869,30.1365,41.7869,28.9641
41.7869,28.9641,41.9367,28.9641
41.9367,28.9641,41.9367,30.1365
41.9367,30.1880,41.9367,31.3605
41.7869,31.3605,41.7869,30.1880
41.8593,31.3088,41.8593,30.1880
41.8593,30.1365,41.8593,29.0157
41.7869,30.1880,41.9367,30.1880
41.9367,30.1365,41.7869,30.1365
41.7869,31.3605,41.9367,31.3605
41.9367,31.3605,41.7869,31.3605
41.9367,29.0157,41.7869,29.0157
41.7869,31.3088,41.9367,31.3088
41.9729,28.9641,41.9729,28.2565
41.9729,28.2565,41.5959,28.2565
41.5959,28.2565,41.5959,28.9641
41.5959,28.9641,41.9729,28.9641
41.7869,27.0325,41.7869,25.8653
41.7869,25.8653,41.9367,25.8653
41.9367,25.8653,41.9367,27.0325
41.9367,27.0841,41.9367,28.2565
41.7869,28.2565,41.7869,27.0841
41.8593,28.2049,41.8593,27.0841
41.8593,27.0325,41.8593,25.9118
41.7869,27.0841,41.9367,27.0841
41.9367,27.0325,41.7869,27.0325
41.9367,28.2565,41.7869,28.2565
41.9367,25.9118,41.7869,25.9118
41.7869,28.2049,41.9367,28.2049
26.1434,40.6206,25.6372,40.6206
27.0678,41.0028,25.6372,41.0028
26.6907,40.0629,26.1434,40.0629
27.0678,41.0028,27.0678,39.5825
27.0678,39.5825,26.6907,39.5825
26.6907,39.5825,26.6907,40.0629
26.1434,40.0629,26.1434,40.6206
25.6372,40.6206,25.6372,41.0028
27.0316,37.8886,27.0316,39.5309
26.8819,39.5309,26.8819,37.8886
26.9542,39.5309,26.9542,37.8886
26.8819,37.8886,27.0316,37.8886
27.0316,37.8369,26.8819,37.8369
26.8819,39.5825,27.0316,39.5825
27.0316,39.5309,26.8819,39.5309
25.5855,40.9666,23.9432,40.9666
23.9432,40.8118,25.5855,40.8118
23.9432,40.8892,25.5855,40.8892
25.5855,40.8118,25.5855,40.9666
25.6372,40.9666,25.6372,40.8118
23.8915,40.8118,23.8915,40.9666
23.9432,40.9666,23.9432,40.8118
23.8915,40.6206,22.6004,40.6206
22.6004,40.6206,22.6004,41.0028
22.6004,41.0028,23.8915,41.0028
23.8915,41.0028,23.8915,40.6206
22.6004,40.8118,22.6004,40.9666
22.5487,40.9666,22.5487,40.8118
23.5094,36.8092,23.5094,40.6206
23.6385,36.8092,23.6385,40.6206
8.8832,-4.2703,8.8832,-4.8126
8.8832,-4.8126,8.9968,-4.8126
8.9968,-4.8126,8.9968,-5.1947
8.9968,-5.1947,7.7056,-5.1947
7.7056,-5.1947,7.7056,-4.8126
7.7056,-4.8126,7.8348,-4.8126
7.8348,-4.2703,8.8832,-4.2703
9.0484,-5.1586,10.6959,-5.1586
10.6959,-5.0037,9.0484,-5.0037
10.6959,-5.0811,9.0484,-5.0811
9.0484,-5.0037,9.0484,-5.1586
8.9968,-5.1586,8.9968,-5.0037
10.7475,-5.0037,10.7475,-5.1586
10.6959,-5.1586,10.6959,-5.0037
10.7475,-4.8126,12.0388,-4.8126
12.0388,-4.8126,12.0388,-5.1947
12.0388,-5.1947,10.7475,-5.1947
10.7475,-5.1947,10.7475,-4.8126
12.0904,-5.1586,13.7327,-5.1586
13.7327,-5.0037,12.0904,-5.0037
13.7327,-5.0811,12.0904,-5.0811
12.0904,-5.0037,12.0904,-5.1586
12.0388,-5.1586,12.0388,-5.0037
13.7844,-5.0037,13.7844,-5.1586
13.7327,-5.1586,13.7327,-5.0037
13.7844,-4.8126,15.0756,-4.8126
15.0756,-4.8126,15.0756,-5.1947
15.0756,-5.1947,13.7844,-5.1947
13.7844,-5.1947,13.7844,-4.8126
15.1272,-5.1586,16.7747,-5.1586
16.7747,-5.0037,15.1272,-5.0037
16.7747,-5.0811,15.1272,-5.0811
15.1272,-5.0037,15.1272,-5.1586
15.0756,-5.1586,15.0756,-5.0037
16.8263,-5.0037,16.8263,-5.1586
16.7747,-5.1586,16.7747,-5.0037
18.0039,-4.8126,18.1175,-4.8126
18.1175,-4.8126,18.1175,-5.1947
18.1175,-5.1947,16.8263,-5.1947
16.8263,-5.1947,16.8263,-4.8126
16.9245,-4.2703,16.9245,-4.8126
18.0039,-4.2703,18.0039,-4.8126
16.9245,-4.2703,18.0039,-4.2703
7.8348,-4.8126,7.8348,-4.2703
10.6185,3.8588,10.6185,4.4683
10.4945,3.7349,10.4945,4.3392
13.6191,4.4683,13.6191,3.8588
16.0774,4.4683,16.0774,3.8588
17.0898,4.4683,17.0898,3.8588
20.4726,4.4683,20.4726,-0.9030
20.4726,-1.0269,20.4726,-4.8126
20.3435,4.3392,20.3435,-4.8126
13.6191,3.7349,13.6191,3.0738
13.7483,4.3392,13.7483,3.0738
15.2666,4.3392,15.2666,3.0738
15.3957,4.3392,15.3957,3.8588
15.3957,3.7349,15.3957,3.0738
13.6191,4.4683,16.0774,4.4683
13.7483,4.3392,15.2666,4.3392
15.3957,4.3392,15.9484,4.3392
13.6191,3.0738,13.7483,3.0738
15.3957,3.7349,17.0898,3.7349
17.0898,3.4921,18.0297,3.4921
15.3957,3.8588,15.9484,3.8588
16.0774,3.8588,17.0898,3.8588
15.9484,4.3392,15.9484,3.8588
15.2666,3.0738,15.3957,3.0738
17.0898,3.7349,17.0898,3.4921
18.0297,4.3392,18.0297,3.4921
26.6907,3.5747,26.1434,3.5747
27.0833,4.5096,26.1434,4.5096
26.6907,-0.2161,26.6907,3.5747
26.1434,3.5747,26.1434,4.5096
27.0833,3.7039,27.0833,4.5096
26.8147,-0.2161,26.8147,3.5747
37.7379,4.4425,37.0820,4.4425
37.7379,4.4425,37.7379,3.7607
37.7379,3.7607,37.0820,3.7607
37.0820,3.7607,37.0820,4.4425
26.9542,31.2572,26.2311,31.2572
37.7069,32.3211,37.7069,31.3863
37.7069,31.3863,37.0510,31.3863
37.0510,31.3863,37.0510,32.1971
35.9199,32.1971,35.9199,36.2152
35.7960,32.3211,35.7960,36.2152
26.6907,36.0241,26.6907,32.1971
26.8147,36.0241,26.8147,32.3211
29.5882,36.2152,29.5882,32.3211
29.7121,36.2152,29.7121,32.3211
32.6972,36.2152,32.6972,32.3211
32.8263,36.2152,32.8263,32.3211
26.6907,32.1971,26.2311,32.1971
26.2311,32.1971,26.2311,31.2572
26.9542,32.1971,26.9542,31.2572
2.9438,9.7052,2.9438,6.1210
3.0730,9.7052,3.0730,6.1210
2.0607,9.8292,2.0607,9.6329
2.0607,6.1881,2.0607,5.9919
3.6049,6.1210,3.6049,5.9919
5.1233,6.1210,5.1233,5.9919
5.4538,6.1210,5.4538,5.9919
0.9451,9.8292,0.9451,9.7052
0.9451,6.1210,0.9451,5.9919
-2.1227,9.8292,-2.1227,5.9919
-1.9936,9.7052,-1.9936,6.1210
25.4306,28.2823,25.7095,28.2823
26.6185,28.2823,31.2409,28.2823
25.5545,28.1532,25.7095,28.1532
26.6185,28.1532,31.1168,28.1532
36.6379,24.2282,36.6379,23.5205
36.6379,23.5205,37.8670,23.5205
31.8502,24.2282,31.8502,11.5903
35.5842,24.3573,35.5842,24.2282
36.4984,24.3573,36.4984,24.2282
31.7211,24.2282,31.7211,23.8098
28.2557,23.5825,28.2557,23.3553
28.3538,23.5825,28.3538,23.3553
31.3699,20.1791,31.5972,20.1791
31.3699,20.2772,31.5972,20.2772
31.2409,17.3901,31.5972,17.3901
31.3699,17.5193,31.5972,17.5193
31.2409,23.2313,31.2409,17.3901
31.5972,23.5825,31.5972,17.5193
31.3699,23.3553,31.3699,17.5193
25.3428,23.5825,25.3428,23.3553
22.2750,24.2282,22.2750,23.8098
22.2750,23.6858,22.2750,23.5567
22.1253,24.3573,22.1253,23.5567
22.1253,23.5567,22.2750,23.5567
22.2750,23.6858,25.2137,23.6858
18.2725,24.2282,18.2725,24.3573
17.8180,24.3573,17.8180,23.8614
17.8180,23.7375,18.5772,23.7375
14.7295,24.2282,17.6940,24.2282
14.5746,24.3573,17.8180,24.3573
18.2725,24.3573,20.7050,24.3573
18.2725,24.2282,20.5811,24.2282
25.3428,23.2313,25.3428,22.1778
25.3428,22.0487,26.8095,22.0487
25.3428,22.1778,26.9387,22.1778
25.3428,17.7981,26.8095,17.7981
25.3428,17.6174,26.9387,17.6174
24.1240,14.5651,25.2137,14.5651
24.1240,15.1487,25.2137,15.1487
25.2137,17.6949,25.2137,15.2779
25.2137,17.6949,22.3266,17.6949
22.3266,17.6949,22.3266,15.2779
22.3266,17.8705,25.2137,17.8705
22.3266,15.1487,24.0000,15.1487
22.3266,15.2779,25.2137,15.2779
26.9387,22.1778,26.9387,17.6174
26.8095,22.0487,26.8095,17.7981
25.3428,22.0487,25.3428,17.7981
17.7921,22.2294,17.9471,22.2294
17.8180,22.3172,18.5772,22.3172
14.5746,22.9731,14.7295,22.9731
14.5746,21.7594,14.7295,21.7594
14.5746,20.0241,14.7295,20.0241
14.5746,18.8104,14.7295,18.8104
14.7295,21.7594,14.7295,20.0241
14.5746,21.7594,14.5746,20.0241
14.8276,20.8349,17.2602,20.8349
14.8276,20.9331,17.2602,20.9331
14.5746,17.0132,14.7295,17.0132
14.7295,17.0132,14.7295,17.8291
14.5746,15.7943,14.7295,15.7943
14.7295,17.8291,17.6940,17.8291
14.7295,17.9582,17.6940,17.9582
14.7295,14.8853,17.2602,14.8853
14.7295,14.9886,17.2602,14.9886
14.7295,18.8104,14.7295,17.9582
14.5746,18.8104,14.5746,17.0132
18.5772,23.7375,18.5772,22.3172
25.2137,23.6858,25.2137,17.8705
17.8180,23.7375,17.8180,22.3172
14.7295,24.2282,14.7295,22.9731
14.5746,24.3573,14.5746,22.9731
17.6940,24.2282,17.6940,17.9582
25.3428,23.5825,31.5972,23.5825
25.3428,23.3553,31.3699,23.3553
25.3428,23.2313,31.2409,23.2313
22.2750,24.2282,31.7211,24.2282
22.1253,24.3573,31.8502,24.3573
22.2750,23.8098,31.7211,23.8098
30.9516,13.2119,31.5972,13.2119
31.7211,12.9589,31.7211,12.7420
31.7211,12.2823,31.7211,12.1016
30.9516,12.9589,31.1065,12.9589
31.7211,12.9589,31.3596,12.9589
31.3596,12.9589,31.3596,12.1016
31.3596,12.1016,31.7211,12.1016
30.9516,13.2119,30.9516,12.9589
31.1065,12.9589,31.1065,11.7193
31.1065,11.7193,30.9877,11.7193
30.9877,11.7193,30.9877,11.4663
30.9877,11.4663,31.8502,11.4663
29.6863,13.2119,30.0427,13.2119
29.6863,12.5147,29.6863,12.2617
30.0427,13.2119,30.0427,12.9589
29.6863,13.2119,29.6863,12.6439
29.9393,12.7420,29.9393,11.7193
29.9393,11.7193,30.0787,11.7193
30.0787,11.7193,30.0787,11.4663
29.9393,12.9589,29.9393,11.7193
29.6863,12.0087,29.6863,11.5903
25.8283,12.9486,26.8095,12.9486
25.8283,12.6439,26.8095,12.6439
26.9387,13.0725,26.9387,12.6439
26.8095,12.9486,26.8095,12.6439
24.0000,13.3772,24.0000,13.0209
24.0000,13.0209,24.1240,13.0209
25.3428,12.5147,25.3428,12.2617
24.1240,12.2617,24.1240,12.1378
24.1240,12.2617,24.0000,12.2617
24.0000,12.2617,24.0000,12.1378
24.1240,12.1378,25.2137,12.1378
25.3428,12.9486,25.3428,12.6439
25.3428,13.0725,26.9387,13.0725
26.8095,12.9486,25.3428,12.9486
26.8095,12.6439,25.3428,12.6439
22.2492,12.0087,22.2492,11.5903
22.1253,12.1378,22.1253,11.4663
23.1891,13.5012,24.0000,13.5012
23.1891,13.3772,24.0000,13.3772
22.3266,12.1378,24.0000,12.1378
17.9471,12.2358,18.6185,12.2358
17.7921,12.1378,18.6185,12.1378
18.2725,11.5903,18.2725,11.4663
17.8180,12.0087,17.8180,11.4663
14.5746,14.0589,14.7295,14.0589
17.8180,11.4663,14.5746,11.4663
14.5746,11.4663,14.5746,12.8453
14.5746,12.8453,14.7295,12.8453
14.7295,12.8453,14.7295,11.5903
14.7295,11.5903,17.6940,11.5903
17.8180,12.0087,20.7824,12.0087
18.2725,11.5903,20.7824,11.5903
18.2725,11.4663,20.9064,11.4663
26.9387,12.6439,29.6863,12.6439
22.2492,11.5903,29.6863,11.5903
22.2492,12.0087,29.6863,12.0087
22.1253,11.4663,30.0787,11.4663
25.3428,12.5147,29.6863,12.5147
25.3428,12.2617,29.6863,12.2617
31.5972,17.3901,31.5972,13.2119
24.1240,15.1487,24.1240,13.0209
24.0000,15.1487,24.0000,13.5012
25.2137,15.1487,25.2137,12.1378
25.3428,17.6174,25.3428,13.0725
31.8502,24.3573,31.8502,11.4663
14.5746,15.7943,14.5746,14.0589
14.7295,15.7943,14.7295,14.9886
14.7295,14.8853,14.7295,14.0589
17.6940,17.8291,17.6940,11.5903
17.9471,22.2294,17.9471,12.2358
17.7921,22.2294,17.7921,12.1378
7.6850,24.2282,7.9896,24.2282
7.6850,24.2282,7.6850,23.5205
7.6850,23.5205,7.9896,23.5205
7.9896,23.5205,7.9896,24.2282
7.5610,23.5205,7.5610,24.3573
5.3299,23.3915,5.8361,23.3915
7.5610,24.3573,11.2331,24.3573
8.1188,24.2282,11.0833,24.2282
5.3299,24.2282,5.6088,24.2282
5.3299,24.2282,5.3299,23.5205
5.3299,23.5205,5.6088,23.5205
5.6088,23.5205,5.6088,24.2282
1.0019,24.2282,2.4687,24.2282
0.8728,24.3573,5.7379,24.3573
2.5978,24.2282,5.2060,24.2282
11.0833,22.9731,11.2331,22.9731
11.0833,21.7594,11.2331,21.7594
11.0833,20.0241,11.2331,20.0241
11.0833,18.8104,11.2331,18.8104
11.2331,21.7594,11.2331,20.0241
11.0833,21.7594,11.0833,20.9331
7.4577,21.1397,7.9896,21.1397
7.4577,21.1397,7.4577,21.0105
7.4577,21.0105,7.9896,21.0105
11.0833,20.8349,8.5475,20.8349
11.0833,20.9331,8.5475,20.9331
11.0833,17.8291,11.0833,17.0132
11.0833,17.0132,11.2331,17.0132
11.0833,15.7943,11.2331,15.7943
6.8534,17.5037,6.8534,16.7188
7.5351,17.3798,7.8657,17.3798
7.5351,15.2468,7.8657,15.2468
7.4112,15.1177,7.9896,15.1177
6.8793,15.6755,6.8793,15.1177
7.5351,17.3798,7.5351,15.2468
7.4112,17.5037,7.4112,15.1177
7.9896,17.5037,7.9896,15.1177
7.8657,17.3798,7.8657,15.2468
11.0833,17.9582,8.1188,17.9582
11.0833,17.8291,8.1188,17.8291
11.0833,14.8853,8.5475,14.8853
11.0833,14.9886,8.5475,14.9886
11.2331,18.8104,11.2331,17.0132
11.0833,18.8104,11.0833,17.9582
7.9896,21.0105,7.9896,17.6329
5.2060,22.4876,5.3299,22.4876
5.2060,21.2739,5.3299,21.2739
5.3299,21.2739,5.3299,21.1397
5.3299,21.1397,6.0942,21.1397
5.3299,21.0105,6.0942,21.0105
4.6482,18.7949,5.2060,18.7949
6.0942,21.0105,6.0942,21.1397
5.2060,21.2739,5.2060,20.9537
1.0019,20.7729,1.5080,20.7729
1.0019,20.8969,2.4687,20.8969
2.5978,20.8969,5.2060,20.9693
1.6320,20.7729,5.2060,20.8401
5.1801,17.5037,5.1801,16.7188
5.1801,15.6755,5.1801,15.1177
2.9748,17.6019,2.9748,18.5574
2.9748,18.5574,2.7476,18.5574
2.7476,18.5574,2.7476,18.4282
1.8386,18.5574,1.8386,18.4282
2.7476,17.3643,2.7476,17.2404
2.7476,17.2404,2.9748,17.2404
2.9748,17.2404,2.9748,17.4934
1.8386,17.3643,1.8386,17.2404
2.8509,18.4282,2.8509,17.3643
1.0019,18.5574,1.5080,18.5574
1.0019,17.2404,1.5080,17.2404
1.6320,18.5574,1.8386,18.5574
0.8728,18.4282,1.8386,18.4282
1.6320,17.2404,1.8386,17.2404
0.8728,17.3643,1.8386,17.3643
1.0019,15.1177,1.5080,15.1177
1.0019,15.0247,2.4325,15.0247
1.6320,17.2404,1.6320,15.1177
1.5080,17.2404,1.5080,15.1177
1.0019,17.2404,1.0019,15.1177
2.9748,17.6122,5.2060,17.6122
5.2060,17.6122,5.2060,20.8505
4.6482,18.7949,4.6482,17.6122
1.6320,20.7729,1.6320,18.5574
1.5080,20.7729,1.5080,18.5574
1.0019,20.7729,1.0019,18.5574
5.3299,21.0105,5.3299,17.6329
5.1801,16.7188,6.8534,16.7188
5.3299,17.6329,7.9896,17.6329
2.9748,17.5037,7.9896,17.5037
1.6320,15.1177,7.9896,15.1177
2.5565,15.0247,7.9896,15.0247
11.0833,24.2282,11.0833,22.9731
11.2331,24.3573,11.2331,22.9731
7.9896,23.3915,7.9896,21.1397
5.3299,23.3915,5.3299,22.4876
5.2060,24.2282,5.2060,22.4876
8.1188,24.2282,8.1188,17.9582
2.5978,24.2282,2.5978,20.8969
2.4687,24.2282,2.4687,20.8969
0.8728,24.3573,0.8728,18.4282
1.0019,24.2282,1.0019,20.8969
11.0833,14.0589,11.2331,14.0589
8.1188,11.5903,11.0833,11.5903
11.0833,11.5903,11.0833,12.8453
11.0833,12.8453,11.2331,12.8453
11.2331,12.8453,11.2331,11.4663
0.8728,11.4663,6.8019,11.4663
6.6727,12.1378,6.6727,11.5903
6.6727,11.5903,6.8019,11.5903
6.5487,12.0087,6.5487,11.5903
1.0019,11.5903,2.4325,11.5903
2.5565,12.0087,2.5565,11.5903
2.5565,12.1378,6.6727,12.1378
2.5565,12.0087,6.5487,12.0087
2.5565,11.5903,6.5487,11.5903
11.2331,15.7943,11.2331,14.0589
11.0833,15.7943,11.0833,14.9886
11.0833,14.8853,11.0833,14.0589
7.9896,15.0247,7.9896,11.5903
8.1188,17.8291,8.1188,11.5903
1.0019,15.0247,1.0019,11.5903
2.5565,15.0247,2.5565,12.1378
2.4325,15.0247,2.4325,11.5903
5.7379,24.3573,5.7379,23.5205
14.0684,24.2539,14.0684,23.8511
13.9704,24.2282,13.9704,23.7478
13.9704,23.7478,14.5746,23.7478
14.5746,23.8511,14.0684,23.8511
14.5746,24.3573,13.9704,24.3573
14.5746,24.2539,14.0684,24.2539
14.5746,11.9725,14.0684,11.9725
14.5746,12.0706,13.9704,12.0706
14.5746,11.4663,13.9704,11.4663
14.5746,11.5645,14.0684,11.5645
13.9704,12.0706,13.9704,11.4663
14.0684,11.9725,14.0684,11.5645
11.7392,23.8511,11.2331,23.8511
11.8424,24.3573,11.2331,24.3573
11.7392,23.8511,11.7392,24.2539
11.7392,24.2539,11.2331,24.2539
11.8424,24.2282,11.8424,23.7478
11.8424,23.7478,11.2331,23.7478
11.8424,12.0706,11.2331,12.0706
11.7392,11.9725,11.2331,11.9725
11.8424,11.4663,11.2331,11.4663
11.7392,11.9725,11.7392,11.5645
11.7392,11.5645,11.2331,11.5645
11.8424,12.0706,11.8424,11.4663
25.8231,23.5825,25.8231,23.3553
17.2602,23.8098,14.7295,23.8098
25.8231,23.2313,25.8231,22.1778
25.8231,12.5147,25.8231,12.2617
17.2602,12.0087,14.7295,12.0087
25.8231,17.6174,25.8231,13.0725
17.2602,17.8291,17.2602,12.0087
8.5475,23.8098,11.0833,23.8098
2.5978,23.7633,5.2060,23.7633
8.5475,17.9582,8.5475,23.8098
8.5475,17.8291,8.5475,12.0087
8.5475,12.0087,11.0833,12.0087
5.0045,23.5619,3.1453,23.5619
7.6230,20.8091,7.6230,17.7207
5.0045,21.1294,3.1453,21.1294
5.7017,20.8091,5.7017,17.7207
5.7017,17.7207,7.6230,17.7207
5.7017,17.7207,7.6230,20.8091
7.6230,17.7207,5.7017,20.8091
5.7017,20.8091,7.6230,20.8091
5.0045,21.1294,5.0045,23.5619
5.0045,23.5619,3.1453,21.1294
3.1453,21.1294,3.1453,23.5619
3.1453,23.5619,5.0045,21.1294
3.7754,12.1843,6.4093,12.1843
24.1240,14.9990,24.1240,14.6942
25.8231,22.0487,25.8231,17.7981
25.8283,12.9486,26.8095,12.9486
25.8283,12.6439,26.8095,12.6439
2.3602,23.8046,1.4926,23.8046
7.5351,17.3798,7.8657,17.3798
7.5351,15.2468,7.8657,15.2468
7.8657,15.2468,7.8657,17.3798
7.8657,17.3798,7.5351,15.2468
7.5351,15.2468,7.5351,17.3798
7.5351,17.3798,7.8657,15.2468
4.7515,18.6968,5.0510,18.6968
2.3602,20.8969,1.4926,20.8969
6.6985,17.3540,6.6985,16.7962
6.4971,16.7962,6.6985,17.3540
6.6985,17.3540,6.4971,17.3540
6.4971,17.3540,6.4971,16.7962
6.4971,16.7962,6.6985,16.7962
6.6985,16.7962,6.4971,17.3540
5.9394,17.3540,5.9394,16.7962
5.7379,16.7962,5.9394,17.3540
5.9394,17.3540,5.7379,17.3540
5.7379,17.3540,5.7379,16.7962
5.7379,16.7962,5.9394,16.7962
5.9394,16.7962,5.7379,17.3540
4.7515,17.7826,5.0510,17.7826
2.4325,15.0247,1.5080,15.0247
5.0510,18.6968,5.0510,17.7826
4.7515,18.6968,4.7515,17.7826
5.0510,18.6968,4.7515,17.7826
5.0510,17.7826,4.7515,18.6968
2.3602,20.8969,2.3602,23.8046
2.3602,23.8046,1.4926,20.8969
1.4926,20.8969,1.4926,23.8046
1.4926,23.8046,2.3602,20.8969
2.4325,12.0034,1.5080,12.0034
1.5080,12.0034,1.5080,15.0247
2.4325,15.0247,2.4325,12.0034
6.7605,20.9899,6.0271,20.9899
6.0271,20.9382,6.7605,20.9382
7.5248,20.9899,6.7863,20.9899
6.7863,20.9382,7.5248,20.9382
31.5817,12.7420,31.8502,12.7420
31.8502,12.7420,31.8502,12.2823
31.8502,12.2823,31.5817,12.2823
31.5817,12.2823,31.5817,12.7420
11.0058,16.4140,11.0058,17.0751
11.0575,17.0751,11.0575,16.4140
11.0058,13.4650,11.0058,14.1261
11.0575,14.1261,11.0575,13.4650
11.0058,12.7833,11.0058,13.4392
11.0575,13.4392,11.0575,12.7833
14.8070,13.4650,14.8070,14.1261
14.7553,14.1261,14.7553,13.4650
14.8070,12.7833,14.8070,13.4392
14.7553,13.4392,14.7553,12.7833
5.1284,21.8678,5.1284,21.2120
5.1801,21.2120,5.1801,21.8678
5.1284,22.5547,5.1284,21.8937
5.1801,21.8937,5.1801,22.5547
11.0058,22.3534,11.0058,21.6974
11.0575,21.6974,11.0575,22.3534
11.0058,23.0403,11.0058,22.3791
11.0575,22.3791,11.0575,23.0403
14.8070,22.3534,14.8070,21.6974
14.7553,21.6974,14.7553,22.3534
14.8070,23.0403,14.8070,22.3791
14.7553,22.3791,14.7553,23.0403
11.0058,19.4043,11.0058,18.7484
11.0575,18.7484,11.0575,19.4043
11.0058,20.0861,11.0058,19.4302
11.0575,19.4302,11.0575,20.0861
14.8070,16.4140,14.8070,17.0751
14.7553,17.0751,14.7553,16.4140
14.8070,15.7323,14.8070,16.3882
14.7553,16.3882,14.7553,15.7323
14.8070,19.4043,14.8070,18.7484
14.7553,18.7484,14.7553,19.4043
14.8070,20.0861,14.8070,19.4302
14.7553,19.4302,14.7553,20.0861
1.1104,11.6419,1.0846,12.0241
1.0846,12.0241,1.0846,11.6419
1.1104,11.6419,1.0846,12.0241
1.1104,12.0241,1.1104,11.6419
1.4615,11.8434,1.0949,11.8175
1.0949,11.8175,1.4615,11.8175
1.4615,11.8434,1.0949,11.8175
1.0949,11.8434,1.4615,11.8434
1.4512,12.0241,1.4771,11.6419
1.4771,11.6419,1.4771,12.0241
1.4512,12.0241,1.4771,11.6419
1.4512,11.6419,1.4512,12.0241
8.5371,11.6625,8.1549,11.6368
8.1549,11.6368,8.5371,11.6368
8.5371,11.6625,8.1549,11.6368
8.1549,11.6625,8.5371,11.6625
8.3357,12.0138,8.3564,11.6471
8.3564,11.6471,8.3564,12.0138
8.3357,12.0138,8.3564,11.6471
8.3357,11.6471,8.3357,12.0138
8.1549,12.0034,8.5371,12.0293
8.5371,12.0293,8.1549,12.0293
8.1549,12.0034,8.5371,12.0293
8.5371,12.0034,8.1549,12.0034
17.6527,11.6625,17.2757,11.6368
17.2757,11.6368,17.6527,11.6368
17.6527,11.6625,17.2757,11.6368
17.2757,11.6625,17.6527,11.6625
17.4512,12.0138,17.4771,11.6471
17.4771,11.6471,17.4771,12.0138
17.4512,12.0138,17.4771,11.6471
17.4512,11.6471,17.4512,12.0138
17.2757,12.0034,17.6527,12.0293
17.6527,12.0293,17.2757,12.0293
17.2757,12.0034,17.6527,12.0293
17.6527,12.0034,17.2757,12.0034
1.1104,23.7994,1.0846,24.1765
1.0846,24.1765,1.0846,23.7994
1.1104,23.7994,1.0846,24.1765
1.1104,24.1765,1.1104,23.7994
1.4615,24.0009,1.0949,23.9750
1.0949,23.9750,1.4615,23.9750
1.4615,24.0009,1.0949,23.9750
1.0949,24.0009,1.4615,24.0009
1.4512,24.1765,1.4771,23.7994
1.4771,23.7994,1.4771,24.1765
1.4512,24.1765,1.4771,23.7994
1.4512,23.7994,1.4512,24.1765
8.5371,23.8201,8.1549,23.7943
8.1549,23.7943,8.5371,23.7943
8.5371,23.8201,8.1549,23.7943
8.1549,23.8201,8.5371,23.8201
8.3357,24.1714,8.3564,23.8046
8.3564,23.8046,8.3564,24.1714
8.3357,24.1714,8.3564,23.8046
8.3357,23.8046,8.3357,24.1714
8.1549,24.1609,8.5371,24.1868
8.5371,24.1868,8.1549,24.1868
8.1549,24.1609,8.5371,24.1868
8.5371,24.1609,8.1549,24.1609
17.6527,23.8201,17.2757,23.7943
17.2757,23.7943,17.6527,23.7943
17.6527,23.8201,17.2757,23.7943
17.2757,23.8201,17.6527,23.8201
17.4512,24.1714,17.4771,23.8046
17.4771,23.8046,17.4771,24.1714
17.4512,24.1714,17.4771,23.8046
17.4512,23.8046,17.4512,24.1714
17.2757,24.1609,17.6527,24.1868
17.6527,24.1868,17.2757,24.1868
17.2757,24.1609,17.6527,24.1868
17.6527,24.1609,17.2757,24.1609
25.7663,12.0241,25.7922,11.6419
25.7922,11.6419,25.7922,12.0241
25.7663,12.0241,25.7922,11.6419
25.7663,11.6419,25.7663,12.0241
25.4100,11.8175,25.7766,11.8434
25.7766,11.8434,25.4100,11.8434
25.4100,11.8175,25.7766,11.8434
25.7766,11.8175,25.4100,11.8175
25.4254,11.6419,25.3996,12.0241
25.3996,12.0241,25.3996,11.6419
25.4254,11.6419,25.3996,12.0241
25.4254,12.0241,25.4254,11.6419
31.6333,11.6625,31.2563,11.6368
31.2563,11.6368,31.6333,11.6368
31.6333,11.6625,31.2563,11.6368
31.2563,11.6625,31.6333,11.6625
31.4319,12.0138,31.4577,11.6471
31.4577,11.6471,31.4577,12.0138
31.4319,12.0138,31.4577,11.6471
31.4319,11.6471,31.4319,12.0138
31.2563,12.0034,31.6333,12.0293
31.6333,12.0293,31.2563,12.0293
31.2563,12.0034,31.6333,12.0293
31.6333,12.0034,31.2563,12.0034
25.7663,24.1765,25.7922,23.7994
25.7922,23.7994,25.7922,24.1765
25.7663,24.1765,25.7922,23.7994
25.7663,23.7994,25.7663,24.1765
25.4100,23.9750,25.7766,24.0009
25.7766,24.0009,25.4100,24.0009
25.4100,23.9750,25.7766,24.0009
25.7766,23.9750,25.4100,23.9750
25.4254,23.7994,25.3996,24.1765
25.3996,24.1765,25.3996,23.7994
25.4254,23.7994,25.3996,24.1765
25.4254,24.1765,25.4254,23.7994
31.6333,23.8201,31.2563,23.7943
31.2563,23.7943,31.6333,23.7943
31.6333,23.8201,31.2563,23.7943
31.2563,23.8201,31.6333,23.8201
31.4319,24.1714,31.4577,23.8046
31.4577,23.8046,31.4577,24.1714
31.4319,24.1714,31.4577,23.8046
31.4319,23.8046,31.4319,24.1714
31.2563,24.1609,31.6333,24.1868
31.6333,24.1868,31.2563,24.1868
31.2563,24.1609,31.6333,24.1868
31.6333,24.1609,31.2563,24.1609
18.2725,11.7658,18.2725,11.4663
18.2725,11.4663,17.8180,11.4663
17.8180,11.4663,17.8180,11.7658
17.8180,11.7658,18.2725,11.7658
18.2725,24.0525,18.2725,24.3573
18.2725,24.3573,17.8180,24.3573
17.8180,24.3573,17.8180,24.0525
17.8180,24.0525,18.2725,24.0525
24.3667,23.5309,24.3667,23.3811
24.3667,23.3811,24.8986,23.3811
24.8986,23.3811,24.8986,23.5309
24.8986,23.5309,24.3667,23.5309
7.9174,11.4663,11.2331,11.4663
6.8019,11.5903,6.8019,11.4663
7.9174,11.5903,7.9174,11.4663
7.4577,23.3915,7.9896,23.3915
5.8361,23.5205,5.8361,23.3915
7.4577,23.5205,7.4577,23.3915
8.5475,17.9582,8.3460,17.9582
8.3460,17.9582,8.5475,17.8291
8.5475,17.8291,8.3460,17.8291
5.5210,24.3573,5.3970,24.3573
0.8728,11.4663,0.8728,17.3643
31.8502,24.3573,35.5842,24.3573
36.4984,24.3573,37.9909,24.3573
31.8502,24.2282,35.5842,24.2282
36.4984,24.2282,36.6379,24.2282
31.8502,11.4663,35.5842,11.4663
36.4984,11.4663,37.9909,11.4663
31.8502,11.5903,35.5842,11.5903
36.4984,11.5903,36.6379,11.5903
-3.3828,11.4663,-4.1472,11.4663
-5.6656,11.4663,-9.2137,11.4663
-9.2137,11.5903,-8.7592,11.5903
-8.6300,11.5903,-5.6656,11.5903
-8.7592,11.7452,-8.6300,11.7452
-8.7592,12.6542,-8.6300,12.6542
-4.1472,11.5903,-3.3828,11.5903
-3.9199,24.3573,0.8728,24.3573
0.8728,24.2282,-3.9199,24.2282
0.1962,36.6852,0.7540,36.6852
0.1962,36.8092,0.7540,36.8092
0.2479,36.7472,0.7024,36.7472
5.4384,36.6852,5.4384,36.8092
5.3867,36.6852,5.3867,36.8092
6.3525,36.6852,6.3525,36.8092
6.9102,36.6852,6.9102,36.8092
6.8587,36.6852,6.8587,36.8092
6.4042,36.6852,6.4042,36.8092
6.9102,36.8092,8.2376,36.8092
6.3525,36.6852,6.9102,36.6852
6.3525,36.8092,6.9102,36.8092
6.4042,36.7472,6.8587,36.7472
5.0097,36.6852,5.0097,36.8092
5.0613,36.6852,5.0613,36.8092
4.0955,36.6852,4.0955,36.8092
3.5378,36.6852,3.5378,36.8092
3.5895,36.6852,3.5895,36.8092
4.0491,36.6852,4.0491,36.8092
3.5378,36.8092,2.2105,36.8092
4.0955,36.6852,3.5378,36.6852
4.0955,36.8092,3.5378,36.8092
4.0491,36.7472,3.5895,36.7472
0.7540,36.6852,3.5378,36.6852
5.0613,36.6852,5.3867,36.6852
11.5946,36.6852,11.5946,36.8092
11.5429,36.6852,11.5429,36.8092
12.5036,36.6852,12.5036,36.8092
13.0614,36.6852,13.0614,36.8092
13.0149,36.6852,13.0149,36.8092
12.5552,36.6852,12.5552,36.8092
13.0614,36.8092,14.3938,36.8092
12.5036,36.8092,13.0614,36.8092
12.5552,36.7472,13.0149,36.7472
11.1660,36.6852,11.1660,36.8092
11.2124,36.6852,11.2124,36.8092
10.2518,36.6852,10.2518,36.8092
9.6940,36.6852,9.6940,36.8092
9.7457,36.6852,9.7457,36.8092
10.2002,36.6852,10.2002,36.8092
9.6940,36.8092,8.3667,36.8092
10.2518,36.8092,9.6940,36.8092
10.2002,36.7472,9.7457,36.7472
11.2124,36.6852,11.5429,36.6852
17.7095,36.6852,17.7095,36.8092
17.6579,36.6852,17.6579,36.8092
18.6237,36.6852,18.6237,36.8092
19.1814,36.6852,19.1814,36.8092
19.1297,36.6852,19.1297,36.8092
18.6753,36.6852,18.6753,36.8092
19.1814,36.8092,20.4726,36.8092
18.6237,36.6852,19.1814,36.6852
18.6237,36.8092,19.1814,36.8092
18.6753,36.7472,19.1297,36.7472
17.2808,36.6852,17.2808,36.8092
17.3325,36.6852,17.3325,36.8092
16.3667,36.6852,16.3667,36.8092
15.8090,36.6852,15.8090,36.8092
15.8605,36.6852,15.8605,36.8092
16.3203,36.6852,16.3203,36.8092
15.8090,36.8092,14.5178,36.8092
16.3667,36.8092,15.8090,36.8092
16.3203,36.7472,15.8605,36.7472
17.3325,36.6852,17.6579,36.6852
23.7366,36.6852,23.7366,36.8092
23.3596,36.6852,23.3596,36.8092
23.4112,36.6852,23.4112,36.8092
22.4454,36.6852,22.4454,36.8092
21.8877,36.6852,21.8877,36.8092
21.9393,36.6852,21.9393,36.8092
22.3989,36.6852,22.3989,36.8092
21.8877,36.8092,20.5965,36.8092
22.4454,36.6852,21.8877,36.6852
22.4454,36.8092,21.8877,36.8092
22.3989,36.7472,21.9393,36.7472
19.1814,36.6852,21.8877,36.6852
23.4112,36.6852,23.7366,36.6852
-1.4615,31.9803,-1.4615,32.1042
-2.4222,31.9803,-2.4222,32.1042
-2.9335,31.9803,-2.9335,32.1042
-2.4738,31.9803,-2.4738,32.1042
-2.4222,31.9803,-2.9800,31.9803
-2.4738,32.0422,-2.9335,32.0422
-2.9800,31.9803,-2.9800,32.1042
-11.2124,31.9803,-10.8251,31.9803
-10.8251,31.9803,-10.8251,32.1042
-11.8580,28.6387,-11.9871,28.6387
-11.8580,28.5871,-11.9871,28.5871
-11.8580,29.5476,-11.9871,29.5476
-11.8580,30.1055,-11.9871,30.1055
-11.8580,30.0538,-11.9871,30.0538
-11.8580,29.5993,-11.9871,29.5993
-11.9871,30.1055,-11.9871,31.9803
-11.8580,29.5476,-11.8580,30.1055
-11.9871,29.5476,-11.9871,30.1055
-11.9251,29.5993,-11.9251,30.0538
-11.8580,28.2049,-11.9871,28.2049
-11.8580,28.2565,-11.9871,28.2565
-11.8580,27.2959,-11.9871,27.2959
-11.8580,26.7897,-11.9871,26.7897
-11.8580,27.2442,-11.9871,27.2442
-11.8580,27.2959,-11.8580,26.7381
-11.9871,27.2959,-11.9871,26.7381
-11.9251,27.2442,-11.9251,26.7897
-11.8580,28.2565,-11.8580,28.5871
-11.8580,30.1055,-11.8580,31.2830
-11.8580,24.3418,-11.8580,26.7381
-11.8580,26.7381,-11.9871,26.7381
-11.9871,26.7381,-11.9871,25.0131
-11.1763,17.8446,-11.1763,17.9738
-16.4080,17.6949,-16.5319,17.6949
-16.4080,17.7466,-16.5319,17.7466
-16.4080,16.7808,-16.5319,16.7808
-16.4080,16.2746,-16.5319,16.2746
-16.4080,16.7343,-16.5319,16.7343
-16.4080,16.7808,-16.4080,16.2281
-16.5319,16.7808,-16.5319,16.2281
-16.4700,16.7343,-16.4700,16.2746
-16.4080,15.0867,-16.4080,16.2281
-16.4080,16.2281,-16.5319,16.2281
-16.5319,16.2281,-16.5319,15.0867
11.8424,24.2282,11.9923,24.2282
13.8154,24.2282,13.9704,24.2282
11.8424,24.3573,11.9923,24.3573
13.8154,24.3573,13.9704,24.3573
11.9923,24.2282,11.9923,24.3573
13.8154,24.2282,13.8154,24.3573
-1.3635,32.2901,-0.4131,32.2901
-1.3635,31.3502,-0.4131,31.3502
7.9845,31.3502,8.7953,31.3502
7.9845,32.2901,8.7953,32.2901
17.1931,32.2901,18.0039,32.2901
-4.0438,17.4315,-3.5636,17.4315
-3.5636,17.4315,-3.5636,18.3662
-3.5636,18.3662,-4.0438,18.3662
-4.0438,18.3662,-4.0438,17.4315
2.7476,18.4282,2.7476,17.5193
2.7166,17.5193,2.7166,18.4282
2.7476,17.3643,2.7476,18.2785
2.7166,18.2785,2.7166,17.3643
22.2750,23.5567,23.3390,23.5567
23.3390,23.5205,22.2750,23.5205
29.8671,32.1971,29.8671,32.3211
29.8154,32.1971,29.8154,32.3211
30.7760,32.1971,30.7760,32.3211
31.3338,32.1971,31.3338,32.3211
31.2821,32.1971,31.2821,32.3211
30.8276,32.1971,30.8276,32.3211
31.3338,32.3211,32.6972,32.3211
30.7760,32.1971,31.3338,32.1971
30.7760,32.3211,31.3338,32.3211
30.8276,32.2592,31.2821,32.2592
29.4332,32.1971,29.4332,32.3211
29.4848,32.1971,29.4848,32.3211
28.5242,32.1971,28.5242,32.3211
27.9665,32.1971,27.9665,32.3211
28.0180,32.1971,28.0180,32.3211
28.4725,32.1971,28.4725,32.3211
27.9665,32.3211,26.8147,32.3211
28.5242,32.1971,27.9665,32.1971
28.5242,32.3211,27.9665,32.3211
28.4725,32.2592,28.0180,32.2592
26.9542,32.1971,27.9665,32.1971
29.4848,32.1971,29.8154,32.1971
31.3338,32.1971,34.1743,32.1971
35.6410,32.1971,35.6410,32.3211
35.6927,32.1971,35.6927,32.3211
34.7321,32.1971,34.7321,32.3211
34.2260,32.1971,34.2260,32.3211
34.6805,32.1971,34.6805,32.3211
34.7321,32.1971,34.1743,32.1971
34.7321,32.3211,34.1743,32.3211
34.6805,32.2592,34.2260,32.2592
34.1743,32.1971,34.1743,32.3211
34.1743,32.3211,32.8263,32.3211
37.7069,31.9803,37.7069,32.1042
37.7069,31.9803,37.7069,32.1042
37.7585,31.9803,37.7585,32.1042
35.6927,32.1971,37.0510,32.1971
35.9199,32.3211,37.7069,32.3211
35.5842,11.4663,35.5842,11.5903
36.4984,11.4663,36.4984,11.5903
42.3912,18.1390,42.5203,18.1390
42.3912,18.0873,42.5203,18.0873
42.3912,19.0480,42.5203,19.0480
42.3912,19.6058,42.5203,19.6058
42.3912,19.5541,42.5203,19.5541
42.3912,19.0996,42.5203,19.0996
42.5203,19.6058,42.5203,21.0002
42.3912,19.0480,42.3912,19.6058
42.5203,19.0480,42.5203,19.6058
42.4584,19.0996,42.4584,19.5541
42.3912,17.7052,42.5203,17.7052
42.3912,17.7569,42.5203,17.7569
42.3912,16.7962,42.5203,16.7962
42.3912,16.2901,42.5203,16.2901
42.3912,16.7446,42.5203,16.7446
42.3912,16.7962,42.3912,16.2384
42.5203,16.7962,42.5203,16.2384
42.4584,16.7446,42.4584,16.2901
42.3912,17.7569,42.3912,18.0873
42.3912,16.2384,42.5203,16.2384
42.5203,16.2384,42.5203,14.8440
42.3912,23.9388,42.5203,23.9388
42.3912,23.9905,42.5203,23.9905
42.3912,23.0248,42.5203,23.0248
42.3912,22.5187,42.5203,22.5187
42.3912,22.9731,42.5203,22.9731
42.3912,23.0248,42.3912,22.4670
42.5203,23.0248,42.5203,22.4670
42.4584,22.9731,42.4584,22.5187
42.3912,19.6058,42.3912,22.4670
42.3912,22.4670,42.5203,22.4670
42.5203,22.4670,42.5203,21.1241
42.3912,11.8846,42.5203,11.8846
42.3912,11.8330,42.5203,11.8330
42.3912,12.7936,42.5203,12.7936
42.3912,13.2998,42.5203,13.2998
42.3912,12.8453,42.5203,12.8453
42.5203,11.7193,42.5203,11.8330
42.3912,12.7936,42.3912,13.3514
42.5203,12.7936,42.5203,13.3514
42.4584,12.8453,42.4584,13.2998
42.3912,11.8330,42.3912,11.7193
42.3912,16.2384,42.3912,13.3514
42.3912,13.3514,42.5203,13.3514
42.5203,13.3514,42.5203,14.7201
37.7379,3.7039,37.7379,3.5747
37.7379,3.5747,35.7805,3.5747
35.5016,3.7039,35.5016,3.5747
35.5533,3.7039,35.5533,3.5747
34.5927,3.7039,34.5927,3.5747
34.0813,3.7039,34.0813,3.5747
34.5410,3.7039,34.5410,3.5747
34.5927,3.7039,34.0348,3.7039
34.5927,3.5747,34.0348,3.5747
34.5410,3.6368,34.0813,3.6368
35.5533,3.7039,37.0820,3.7039
34.0348,3.7039,34.0348,3.5747
34.0348,3.5747,32.8160,3.5747
23.9432,5.9919,23.9432,6.1210
23.8915,5.9919,23.8915,6.1210
24.8521,5.9919,24.8521,6.1210
25.4100,5.9919,25.4100,6.1210
25.3583,5.9919,25.3583,6.1210
24.9038,5.9919,24.9038,6.1210
25.4100,6.1210,29.9961,6.1210
24.8521,5.9919,25.4100,5.9919
24.8521,6.1210,25.4100,6.1210
24.9038,6.0590,25.3583,6.0590
25.4100,5.9919,30.1201,5.9919
8.2893,5.9919,8.2893,6.1210
8.2376,5.9919,8.2376,6.1210
8.2893,5.9919,8.2893,6.1210
7.3286,5.9919,7.3286,6.1210
6.7708,5.9919,6.7708,6.1210
6.8225,5.9919,6.8225,6.1210
7.2770,5.9919,7.2770,6.1210
6.7708,6.1210,2.1846,6.1210
7.3286,5.9919,6.7708,5.9919
7.3286,6.1210,6.7708,6.1210
7.2770,6.0590,6.8225,6.0590
2.0607,5.9919,6.7708,5.9919
13.2576,11.4663,13.2576,11.5903
13.9187,11.4663,13.9187,11.5903
13.3092,11.4663,13.3092,11.5903
13.2576,11.4663,13.9704,11.4663
13.2576,11.5903,13.9704,11.5903
13.3092,11.5283,13.9187,11.5283
11.8941,11.4663,11.8941,11.5903
12.0439,11.4663,11.8424,11.4663
12.0439,11.5903,11.8424,11.5903
8.9606,4.4683,8.9606,4.3392
8.9089,4.4683,8.9089,4.3392
9.8696,4.4683,9.8696,4.3392
10.3809,4.4683,10.3809,4.3392
9.9212,4.4683,9.9212,4.3392
9.8696,4.4683,10.4274,4.4683
9.8696,4.3392,10.4274,4.3392
9.9212,4.4063,10.3809,4.4063
7.8348,4.4683,8.9089,4.4683
10.4274,4.3392,10.4274,4.4683
10.4274,4.4683,10.6185,4.4683
20.1937,4.3392,20.1937,4.4683
20.2453,4.3392,20.2453,4.4683
19.2795,4.3392,19.2795,4.4683
18.7217,4.3392,18.7217,4.4683
18.7734,4.3392,18.7734,4.4683
19.2330,4.3392,19.2330,4.4683
20.4726,4.4683,20.2453,4.4683
18.7217,4.4683,17.0898,4.4683
19.2795,4.3392,18.7217,4.3392
19.2795,4.4683,18.7217,4.4683
19.2330,4.4063,18.7734,4.4063
18.0297,4.3392,18.7217,4.3392
-3.6152,3.5076,-3.6152,3.3785
-3.6669,3.5076,-3.6669,3.3785
-2.7011,3.5076,-2.7011,3.3785
-2.1484,3.5076,-2.1484,3.3785
-2.1949,3.5076,-2.1949,3.3785
-2.6546,3.5076,-2.6546,3.3785
-2.1484,3.3785,-0.9916,3.3785
-2.7011,3.5076,-2.1484,3.5076
-2.7011,3.3785,-2.1484,3.3785
-2.6546,3.4405,-2.1949,3.4405
-4.0438,3.5076,-4.0438,3.3785
-3.9975,3.5076,-3.9975,3.3785
-4.9580,3.5076,-4.9580,3.3785
-5.4641,3.5076,-5.4641,3.3785
-5.0097,3.5076,-5.0097,3.3785
-4.9580,3.3785,-5.5158,3.3785
-5.0097,3.4405,-5.4641,3.4405
-3.9975,3.5076,-3.6669,3.5076
-2.1595,3.4967,-1.2556,3.4967
-8.3512,3.5076,-5.5158,3.5076
-5.5158,3.5076,-5.5158,3.3785
-5.5158,3.3785,-6.8844,3.3785
-9.8179,3.5076,-9.8179,3.3785
-9.8696,3.5076,-9.8696,3.3785
-8.9089,3.5076,-8.9089,3.3785
-8.3512,3.5076,-8.3512,3.3785
-8.4028,3.5076,-8.4028,3.3785
-8.8573,3.5076,-8.8573,3.3785
-8.3512,3.3785,-7.0084,3.3785
-8.9089,3.3785,-8.3512,3.3785
-8.8573,3.4405,-8.4028,3.4405
-10.0968,3.5076,-9.8696,3.5076
-14.6056,2.8156,-11.9871,2.8156
-11.8580,2.6865,-15.6075,2.6865
-11.8580,6.0590,-11.9871,6.0590
-11.8580,6.0073,-11.9871,6.0073
-11.8580,6.9680,-11.9871,6.9680
-11.8580,7.5257,-11.9871,7.5257
-11.8580,7.4740,-11.9871,7.4740
-11.8580,7.0196,-11.9871,7.0196
-11.9871,7.5257,-11.9871,8.9511
-11.8580,6.9680,-11.8580,7.5257
-11.9871,6.9680,-11.9871,7.5257
-11.9251,7.0196,-11.9251,7.4740
-11.8580,5.6251,-11.9871,5.6251
-11.8580,5.6768,-11.9871,5.6768
-11.8580,4.7161,-11.9871,4.7161
-11.8580,4.6645,-11.9871,4.6645
-11.8580,5.6768,-11.8580,6.0073
-11.8580,7.5257,-11.8580,9.1784
-11.8580,2.6865,-11.8580,3.7245
-11.8580,4.3857,-11.8580,4.6645
-11.8580,4.6645,-11.9871,4.6645
-11.9871,4.6645,-11.9871,2.8156
-11.8580,9.2300,-11.9871,9.2300
-11.8580,9.1784,-11.9871,9.1784
-11.8580,10.1390,-11.9871,10.1390
-11.8580,10.6968,-11.9871,10.6968
-11.8580,10.6452,-11.9871,10.6452
-11.8580,10.1907,-11.9871,10.1907
-11.9871,10.6968,-11.9871,11.3165
-11.8580,10.1390,-11.8580,10.6968
-11.9871,10.1390,-11.9871,10.6968
-11.9251,10.1907,-11.9251,10.6452
-11.8580,10.6968,-11.8580,11.3165
-15.7728,14.8595,-15.8967,14.8595
-15.8967,14.9576,-15.8967,13.6871
-15.7728,13.6871,-15.7728,15.0867
-15.8967,12.1687,-15.8967,11.7193
-4.1988,11.5903,-4.1988,11.4663
-5.1078,11.5903,-5.1078,11.4663
-5.6140,11.5903,-5.6140,11.4663
-5.1595,11.5903,-5.1595,11.4663
-5.1078,11.5903,-5.6656,11.5903
-5.1078,11.4663,-5.6656,11.4663
-5.1595,11.5283,-5.6140,11.5283
-5.6656,11.4663,-5.6656,11.5903
-4.1472,11.4663,-4.1472,11.5903
20.4261,28.2823,20.4261,28.1532
20.4777,28.2823,20.4777,28.1532
19.5171,28.2823,19.5171,28.1532
19.0109,28.2823,19.0109,28.1532
19.4654,28.2823,19.4654,28.1532
19.5171,28.2823,18.9594,28.2823
19.5171,28.1532,18.9594,28.1532
19.4654,28.2204,19.0109,28.2204
20.4777,28.2823,20.7050,28.2823
18.9594,28.2823,18.9594,28.1532
18.9594,28.1532,14.5746,28.1532
14.7037,28.0551,14.5746,28.0551
14.7037,26.5316,14.5746,26.5316
14.5746,28.2823,18.9594,28.2823
14.5074,4.3392,14.5074,-4.8126
-10.8251,32.1042,-15.9638,32.1042
8.7953,32.1610,17.1931,32.1610
8.7953,32.2901,17.1931,32.2901
14.7037,24.3573,20.5811,24.3573
-4.0438,28.1532,-4.0438,17.3643
-3.9199,28.1532,-3.9199,24.3573
-0.9710,28.1532,-0.9710,24.3573
-0.8470,28.1532,-0.8470,24.3573
-3.9199,24.2282,-3.9199,18.3662
-3.9199,17.2404,-3.9199,11.5903
-2.5926,28.2823,-9.6682,28.2823
-8.6300,28.1532,-2.5926,28.1532
-8.7592,28.0034,-8.6300,28.0034
2.1020,28.1532,2.1020,24.3573
2.2260,28.1532,2.2260,24.3573
2.3757,28.2823,2.3757,28.1532
2.3293,28.2823,2.3293,28.1532
2.3293,28.1532,1.9987,28.1532
1.9471,28.2823,1.9471,28.1532
1.9987,28.2823,1.9987,28.1532
1.0381,28.2823,1.0381,28.1532
0.5268,28.2823,0.5268,28.1532
0.9864,28.2823,0.9864,28.1532
1.0381,28.2823,0.4803,28.2823
1.0381,28.1532,0.4803,28.1532
0.9864,28.2204,0.5268,28.2204
1.9987,28.2823,2.3293,28.2823
0.4803,28.2823,0.4803,28.1532
0.4803,28.1532,-0.9710,28.1532
-1.1259,28.2823,-1.1259,28.1532
-1.0743,28.2823,-1.0743,28.1532
-2.0348,28.2823,-2.0348,28.1532
-2.5410,28.2823,-2.5410,28.1532
-2.0865,28.2823,-2.0865,28.1532
-2.0348,28.2823,-2.5926,28.2823
-2.0348,28.1532,-2.5926,28.1532
-2.0865,28.2204,-2.5410,28.2204
-1.0743,28.2823,0.4803,28.2823
-2.5926,28.2823,-2.5926,28.1532
-3.4139,17.2404,-3.4139,17.3643
-3.4654,17.2404,-3.4654,17.3643
-2.4997,17.2404,-2.4997,17.3643
-1.9419,17.2404,-1.9419,17.3643
-1.9936,17.2404,-1.9936,17.3643
-2.4481,17.2404,-2.4481,17.3643
-1.9419,17.3643,0.8728,17.3643
-2.4997,17.2404,-1.9419,17.2404
-2.4997,17.3643,-1.9419,17.3643
-2.4481,17.3024,-1.9936,17.3024
-8.6300,17.2404,-4.0438,17.2404
-3.9199,17.2404,-3.4654,17.2404
-8.6300,17.3643,-4.0438,17.3643
-1.9419,17.2404,0.8728,17.2404
11.2331,24.3573,11.2331,11.4663
14.5746,11.4663,14.5746,24.3573
-15.7728,34.4489,-15.7728,32.1042
-15.7728,35.1565,-15.7728,36.0241
-15.7728,36.0241,-14.9877,36.0241
-14.2802,36.0241,-11.9871,36.0241
-8.8470,36.0241,-9.9729,36.0241
-10.0968,36.0241,-11.1866,36.0241
-8.1343,36.0241,-5.7431,36.0241
-5.7431,36.0241,-5.0355,36.0241
-5.0355,36.0241,-2.6391,36.0241
-0.8676,37.8369,-0.8676,39.5825
0.1859,40.6206,1.9316,40.6206
3.2227,40.6206,4.9736,40.6206
5.9600,40.6206,7.7056,40.6206
8.9968,40.6206,10.7475,40.6206
12.0388,40.6206,13.7844,40.6206
15.0756,40.6206,16.8263,40.6206
18.1175,40.6206,19.8631,40.6206
20.8495,40.6206,22.6004,40.6206
23.8915,40.6206,25.6372,40.6206
26.6907,39.5825,26.6907,37.8369
28.4622,36.0241,29.5882,36.0241
29.7121,36.0241,30.8535,36.0241
31.5662,36.0241,32.6972,36.0241
32.8263,36.0241,33.9574,36.0241
34.6701,36.0241,35.7960,36.0241
35.9199,36.0241,37.0097,36.0241
37.8102,36.0241,40.0981,36.0241
41.5959,34.4489,41.5959,32.1042
41.5959,31.3088,41.5959,28.9641
41.5959,28.2565,41.5959,25.8239
43.3931,24.0887,45.1388,24.0887
46.1563,12.6283,46.1563,14.3792
46.1563,15.6703,46.1563,17.4160
46.1563,18.4024,46.1563,20.1533
46.1563,21.4444,46.1563,23.1900
45.1285,11.7193,43.3828,11.7193
41.5959,9.9428,41.5959,7.5516
41.5959,7.5516,41.5959,6.8439
41.5959,6.8439,41.5959,4.4993
41.5959,1.3592,41.5959,3.7039
40.8108,-0.2161,41.5959,-0.2161
41.5959,-0.2161,41.5959,0.6517
40.0981,-0.2161,37.8102,-0.2161
34.6701,-0.2161,35.7805,-0.2161
35.9096,-0.2161,37.0097,-0.2161
33.9574,-0.2161,32.8160,-0.2161
32.6921,-0.2161,31.5662,-0.2161
28.4622,-0.2161,30.8535,-0.2161
26.6907,-3.7745,26.6907,-2.0288
25.6372,-4.8126,23.8915,-4.8126
20.8495,-4.8126,22.6004,-4.8126
19.8631,-4.8126,18.1175,-4.8126
16.8263,-4.8126,15.0756,-4.8126
13.7844,-4.8126,12.0388,-4.8126
12.0388,-4.8126,10.7475,-4.8126
10.7475,-4.8126,8.9968,-4.8126
7.7056,-4.8126,5.9600,-4.8126
4.9736,-4.8126,3.2227,-4.8126
1.9316,-4.8126,0.1859,-4.8126
-0.8676,-3.7745,-0.8676,-2.0288
-2.6391,-0.2161,-5.0355,-0.2161
-5.7431,-0.2161,-6.8844,-0.2161
-7.0084,-0.2161,-8.1343,-0.2161
-8.8470,-0.2161,-9.9729,-0.2161
-10.0968,-0.2161,-11.1866,-0.2161
-14.2802,-0.2161,-11.9871,-0.2161
-15.7728,1.3592,-15.7728,2.4489
-15.7728,2.5728,-15.7728,3.7039
-15.7728,6.8439,-15.7728,5.6716
-15.7728,5.5425,-15.7728,4.4993
-15.7728,7.5516,-15.7728,8.6774
-15.7728,8.8066,-15.7728,9.9428
-17.5597,11.7193,-19.3054,11.7193
-20.3331,12.6283,-20.3331,14.3792
-20.3331,15.6703,-20.3331,17.4160
-20.3331,21.4444,-20.3331,23.1900
-19.3209,24.0887,-17.5700,24.0887
-15.7728,25.8239,-15.7728,28.2565
-15.7728,28.9641,-15.7728,31.3088
-8.6300,28.0034,-8.6300,28.1532
-8.7592,17.5657,-8.6300,17.5657
-8.7592,18.4799,-8.6300,18.4799
-8.7592,18.5315,-8.6300,18.5315
-8.7592,18.4799,-8.7592,27.0429
-8.6300,18.4799,-8.6300,27.0429
-8.6921,18.5315,-8.6921,26.9912
-8.7592,17.5193,-8.6300,17.5193
-8.7592,28.0034,-8.6300,28.0034
-8.7592,27.0429,-8.6300,27.0429
-8.6300,26.9912,-8.7592,26.9912
-8.6300,11.5903,-8.6300,17.5193
25.5545,24.3573,31.1168,24.3573
-11.1763,24.3418,-11.1763,22.6323
-11.3002,19.5955,-11.9097,19.5955
-11.3002,19.7194,-11.9097,19.7194
-11.9097,19.7194,-11.9097,19.5955
-11.1763,19.5955,-11.1763,22.6323
-11.3002,19.7194,-11.3002,19.5955
-11.2382,22.6323,-11.2382,19.5955
-11.1763,19.5955,-11.3002,19.5955
41.0020,31.9803,41.0020,32.1042
40.0878,31.9803,40.0878,32.1042
37.7585,31.9803,37.7585,32.1042
40.0362,31.9803,40.0362,32.1042
27.9665,32.3211,26.8147,32.3211
26.9542,32.1971,27.9665,32.1971
29.6036,-0.4072,29.6036,-0.0766
29.6656,3.5747,29.6656,-0.0766
29.7947,3.5747,29.7947,-0.2057
29.7276,-0.4072,29.7276,-0.2057
29.9445,3.7039,29.9445,3.5747
29.8928,3.7039,29.8928,3.5747
30.8535,3.7039,30.8535,3.5747
31.4113,3.7039,31.4113,3.5747
31.3648,3.7039,31.3648,3.5747
30.9051,3.7039,30.9051,3.5747
31.4113,3.5747,32.6921,3.5747
30.8535,3.7039,31.4113,3.7039
30.8535,3.5747,31.4113,3.5747
30.9051,3.6368,31.3648,3.6368
29.5159,3.7039,29.5159,3.5747
29.5623,3.7039,29.5623,3.5747
28.6017,3.7039,28.6017,3.5747
28.0956,3.7039,28.0956,3.5747
28.5501,3.7039,28.5501,3.5747
28.6017,3.7039,28.0439,3.7039
28.6017,3.5747,28.0439,3.5747
28.5501,3.6368,28.0956,3.6368
29.5623,3.7039,29.8928,3.7039
31.4113,3.7039,34.0348,3.7039
27.0833,3.7039,28.0439,3.7039
28.0439,3.7039,28.0439,3.5747
28.0439,3.5747,26.8147,3.5747
41.0020,3.8279,41.0020,3.7039
40.0878,3.8279,40.0878,3.7039
37.7896,3.8279,37.7896,3.7039
40.0362,3.8279,40.0362,3.7039
40.0878,3.8279,37.7379,3.8279
40.0878,3.7039,37.7379,3.7039
40.0362,3.7659,37.7896,3.7659
37.7379,3.7039,37.7379,3.5747
-1.8128,11.5903,-1.8128,11.4663
0.8728,11.5903,-1.8592,11.5903
0.8728,11.4663,-1.8592,11.4663
0.8211,11.5283,-1.8128,11.5283
-1.8592,11.5903,-1.8592,11.4663
-3.3828,11.4663,-3.3828,11.5903
23.4835,-1.0269,23.4835,-4.8126
23.6127,-1.0269,23.6127,-4.8126
23.7159,-0.9030,23.7159,-1.0269
26.5874,-0.9030,26.5874,-1.0269
23.6127,-1.0269,25.0691,-1.0269
20.6224,-0.9030,20.6224,-1.0269
22.0942,-0.9030,22.0942,-1.0269
21.5364,-0.9030,21.5364,-1.0269
22.0426,-0.9030,22.0426,-1.0269
21.5881,-0.9030,21.5881,-1.0269
23.4835,-1.0269,22.0942,-1.0269
21.5364,-0.9030,22.0942,-0.9030
21.5364,-1.0269,22.0942,-1.0269
21.5881,-0.9650,22.0426,-0.9650
25.0691,-0.9030,22.0942,-0.9030
20.5707,-0.9030,20.5707,-1.0269
2.1846,6.1881,2.0607,6.1881
3.2898,28.2823,3.2898,28.1532
3.7960,28.2823,3.7960,28.1532
3.3415,28.2823,3.3415,28.1532
3.2898,28.2823,3.8476,28.2823
3.2898,28.1532,3.8476,28.1532
3.3415,28.2204,3.7960,28.2204
3.8476,28.2823,3.8476,28.1532
3.8476,28.1532,5.1698,28.1532
5.1749,28.0034,5.2989,28.0034
5.1749,27.0893,5.2989,27.0893
5.2989,28.2823,3.8476,28.2823
-0.8676,-1.8119,1.2291,-1.8119
2.7476,-1.8119,5.0458,-1.8119
-0.8676,-1.9152,1.2291,-1.9152
2.7476,-1.9152,5.0458,-1.9152
2.7476,-1.8635,5.0458,-1.8635
5.1492,-4.8126,5.1492,-1.8119
5.0458,-4.8126,5.0458,-1.8119
3.4035,-2.0030,1.8799,-2.0030
1.8799,-1.9514,3.4035,-1.9514
-10.0968,36.2152,-10.0968,35.9002
-9.9729,36.2152,-9.9729,36.0241
-9.0794,31.9803,-9.8644,31.9803
-9.8644,31.9803,-9.8644,32.1042
-9.3066,32.1042,-9.8644,32.1042
-9.9161,31.9803,-9.9161,32.1042
-9.6372,34.9860,-9.7611,34.9860
-9.1827,34.6813,-9.6372,34.6813
-9.3066,34.5574,-9.7611,34.5574
-9.0794,32.1042,-9.0794,31.9803
-9.0277,31.9803,-9.0277,32.1042
-7.5610,31.9803,-2.9800,31.9803
-7.5610,32.1042,-7.5610,31.9803
-7.5610,31.9803,-7.5610,32.1042
-7.6127,31.9803,-7.6127,32.1042
-9.3066,34.5574,-9.3066,32.1042
-9.1827,34.6813,-9.1827,32.1042
-9.6372,34.9860,-9.6372,34.6813
-9.9729,36.0241,-9.6372,36.0241
-10.0968,35.9002,-9.6372,35.9002
-9.6372,35.9002,-9.6372,36.0241
0.8728,24.2694,0.9606,24.3573
7.5610,24.2436,7.6747,24.3573
0.8728,17.2869,0.9503,17.3643
7.5610,23.9750,7.9431,24.3573
7.5610,23.7064,8.2117,24.3573
14.5746,24.2746,14.6573,24.3573
10.9025,11.4663,11.2331,11.7969
-11.2124,31.9803,-11.6205,31.9803
-11.6205,31.9803,-11.6205,32.1042
-1.7147,24.2282,-1.7147,24.3573
5.1749,27.0893,5.1749,28.0034
5.1749,28.0034,5.2989,28.0034
5.2989,28.0034,5.2989,27.0893
5.2989,27.0893,5.1749,27.0893
37.7069,32.1042,37.0510,32.1042
35.9199,32.1971,35.9199,32.3211
35.9199,32.3211,37.7069,32.3211
37.7069,32.3211,37.7069,32.1042
37.7069,32.1042,37.0510,32.1042
37.0510,32.1971,35.9199,32.1971
8.2428,28.1532,8.2428,28.2823
8.2428,28.2823,7.5610,28.2823
18.0039,28.2823,17.1931,28.2823
7.9845,28.3599,8.7953,28.3599
8.7953,28.3599,8.7953,24.3573
8.7953,24.3573,8.6714,24.3573
8.6714,24.3573,8.6714,28.1532
8.6714,28.1532,8.2428,28.1532
8.2428,28.1532,8.2428,28.2823
8.2428,28.2823,7.9845,28.2823
2.1020,24.3573,2.2260,24.3573
2.2260,24.3573,2.2260,28.1532
2.2260,28.1532,2.1020,28.1532
2.1020,28.1532,2.1020,24.3573
-0.8470,24.3573,-0.8470,28.1532
-0.8470,28.1532,-0.9710,28.1532
-0.9710,28.1532,-0.9710,24.3573
-0.9710,24.3573,-0.8470,24.3573
-4.0438,28.1532,-3.9199,28.1532
-3.9199,28.1532,-3.9199,24.3573
-3.9199,24.3573,-1.7147,24.3573
-1.7147,24.3573,-1.7147,24.2282
-1.7147,24.2282,-3.9199,24.2282
-3.9199,24.2282,-3.9199,18.3662
-3.9199,18.3662,-4.0438,18.3662
-4.0438,18.3662,-4.0438,28.1532
-7.5610,31.9803,-7.5610,32.1042
-7.5610,32.1042,-2.9800,32.1042
-2.9800,32.1042,-2.9800,31.9803
-2.9800,31.9803,-7.5610,31.9803
-1.4615,31.9803,-1.4615,32.1042
-1.3635,32.1042,-1.3635,31.9803
-10.8251,31.9803,-10.8251,32.1042
-10.8251,32.1042,-11.6205,32.1042
-11.6205,32.1042,-11.6205,31.9803
-11.6205,31.9803,-10.8251,31.9803
-10.0968,36.2152,-9.9729,36.2152
-9.9729,36.2152,-9.9729,36.0241
-9.9729,36.0241,-9.6372,36.0241
-9.6372,36.0241,-9.6372,35.9002
-9.6372,35.9002,-10.0968,35.9002
-10.0968,35.9002,-10.0968,36.2152
5.1492,-1.8119,5.1492,-4.8126
5.0458,-4.8126,5.0458,-1.8119
35.8839,3.5747,35.8839,3.7039
35.8839,3.7039,36.7927,3.7039
36.7927,3.7039,36.7927,3.5747
36.7927,3.5747,35.8839,3.5747
14.5746,28.1532,14.7037,28.1532
14.7037,28.0551,14.5746,28.0551
14.5746,26.5316,14.7037,26.5316
14.7037,26.5316,14.7037,24.3573
14.7037,24.3573,14.5746,24.3573
14.5746,24.3573,14.5746,26.5316
2.9438,6.1210,3.0730,6.1210
3.0730,6.1210,3.0730,9.7052
3.0730,9.7052,2.9438,9.7052
2.9438,9.7052,2.9438,6.1210
27.0575,5.9919,27.0575,6.1210
27.0575,6.1210,28.5759,6.1210
28.5759,6.1210,28.5759,5.9919
28.5759,5.9919,27.0575,5.9919
3.6049,5.9919,3.6049,6.1210
3.6049,6.1210,5.1233,6.1210
5.1233,6.1210,5.1233,5.9919
5.1233,5.9919,3.6049,5.9919
5.4538,5.9919,5.4538,6.1210
5.4538,6.1210,6.7708,6.1210
6.7708,6.1210,6.7708,5.9919
6.7708,5.9919,5.4538,5.9919
-8.7592,11.7452,-8.7592,12.6542
-8.7592,12.6542,-8.6300,12.6542
-8.6300,12.6542,-8.6300,11.7452
-8.6300,11.7452,-8.7592,11.7452
8.6714,30.0797,7.9845,30.0797
8.6714,30.0797,8.6714,31.3502
7.9845,30.0797,8.6714,30.0797
8.6714,30.0797,8.6714,31.3502
8.6714,31.3502,8.7953,31.3502
17.1931,32.1610,8.7953,32.1610
8.7953,32.1610,8.7953,32.2901
8.7953,32.2901,17.1931,32.2901
-11.3002,22.6323,-11.3002,19.5955
8.7953,32.1610,8.7953,32.2901
8.7953,32.2901,17.1931,32.2901
17.1931,32.1610,8.7953,32.1610
14.5746,28.0034,14.7037,28.0034
14.5746,27.0893,14.7037,27.0893
14.5746,26.5832,14.7037,26.5832
14.5746,27.0429,14.7037,27.0429
14.5746,27.0893,14.5746,26.5316
14.7037,27.0893,14.7037,26.5316
14.6417,27.0429,14.6417,26.5832
26.5359,36.6852,26.5359,36.8092
25.6269,36.6852,25.6269,36.8092
25.1207,36.6852,25.1207,36.8092
25.5752,36.6852,25.5752,36.8092
25.6269,36.6852,25.0691,36.6852
25.6269,36.8092,25.0691,36.8092
25.5752,36.7472,25.1207,36.7472
23.7366,36.6852,25.0691,36.6852
25.0691,36.6852,25.0691,36.8092
25.0691,36.8092,23.7366,36.8092
23.7366,36.6852,23.7366,36.8092
23.7366,36.8092,25.0691,36.8092
25.0691,36.8092,25.0691,36.6852
25.0691,36.6852,23.7366,36.6852
26.5359,-0.9030,26.5359,-1.0269
25.6269,-0.9030,25.6269,-1.0269
25.1207,-0.9030,25.1207,-1.0269
25.5752,-0.9030,25.5752,-1.0269
25.6269,-0.9030,25.0691,-0.9030
25.6269,-1.0269,25.0691,-1.0269
25.5752,-0.9650,25.1207,-0.9650
25.0691,-1.0269,25.0691,-0.9030
23.7159,-1.0269,23.7159,-0.9030
23.7159,-0.9030,25.0691,-0.9030
25.0691,-0.9030,25.0691,-1.0269
25.0691,-1.0269,23.7159,-1.0269
-15.7728,12.2203,-15.8967,12.2203
-15.7728,13.1293,-15.8967,13.1293
-15.7728,13.6355,-15.8967,13.6355
-15.7728,13.1810,-15.8967,13.1810
-15.7728,13.1293,-15.7728,13.6871
-15.8967,13.1293,-15.8967,13.6871
-15.8347,13.1810,-15.8347,13.6355
-15.8967,13.6871,-15.7728,13.6871
-15.8967,14.8595,-15.7728,14.8595
-15.7728,14.8595,-15.7728,13.6871
-15.7728,13.6871,-15.8967,13.6871
-15.8967,13.6871,-15.8967,14.8595
-1.5132,31.9803,-1.5132,32.1042
15.4422,32.1610,15.4422,31.5567
14.3060,32.1610,14.3060,31.5567
20.1782,-2.0443,20.1782,0.9977
20.1679,0.9977,20.1679,-2.0443
20.1988,-1.9979,20.1988,0.9512
4.9839,-4.7247,4.2764,-4.7247
13.5003,29.8782,10.4583,29.8782
13.5003,30.7872,10.4583,30.7872
10.4583,30.7872,10.4583,29.8782
13.5003,30.7872,13.5003,29.8782
17.1931,30.1880,16.5836,30.1880
16.5836,30.1880,16.5836,31.5567
16.5836,31.5567,14.3060,31.5567
7.9845,30.0797,7.9845,31.3502
9.8593,32.1610,9.8593,31.5567
9.8593,31.5567,8.7953,31.5567
8.5681,3.5076,8.5681,-4.2703
5.0923,38.0228,5.0923,40.4553
5.1336,40.4553,5.1336,38.0228
5.3247,38.0228,5.3247,40.4553
5.3608,40.4553,5.3608,38.0228
11.2485,38.0228,11.2485,40.4553
11.2847,40.4553,11.2847,38.0228
11.4809,38.0228,11.4809,40.4553
11.5171,40.4553,11.5171,38.0228
23.4423,38.0228,23.4423,40.4553
23.4835,40.4553,23.4835,38.0228
29.5210,33.4263,29.5210,35.8588
29.5571,35.8588,29.5571,33.4263
29.7483,33.4263,29.7483,35.8588
29.7895,35.8588,29.7895,33.4263
35.7289,33.4263,35.7289,35.8588
35.7650,35.8588,35.7650,33.4263
35.9561,32.9976,35.9561,35.4302
35.9975,35.4302,35.9975,32.9976
37.5778,32.3417,36.0594,32.3417
36.0594,32.3831,37.5778,32.3831
46.0013,17.7878,43.5688,17.7878
43.5688,17.8240,46.0013,17.8240
46.0013,18.0202,43.5688,18.0202
43.5688,18.0564,46.0013,18.0564
35.8166,0.5896,35.8166,3.0222
35.8528,3.0222,35.8528,0.5896
35.5791,0.1403,35.5791,2.5728
35.6153,2.5728,35.6153,0.1403
29.5882,0.1093,29.5882,2.5418
29.6242,2.5418,29.6242,0.1093
29.8257,0.1093,29.8257,2.5418
29.8619,2.5418,29.8619,0.1093
20.5035,-4.4923,20.5035,-2.0650
20.5449,-2.0650,20.5449,-4.4923
-3.7340,-0.0869,-3.7340,2.3456
-3.6978,2.3456,-3.6978,-0.0869
-3.9510,-0.0869,-3.9510,2.3456
-3.9148,2.3456,-3.9148,-0.0869
-9.9419,-0.0869,-9.9419,2.3456
-9.9006,2.3456,-9.9006,-0.0869
-10.1691,-0.0869,-10.1691,2.3456
-10.1330,2.3456,-10.1330,-0.0869
-12.0388,2.5986,-15.3802,2.5986
-15.3802,2.6400,-12.0388,2.6400
-17.5700,17.7620,-20.0026,17.7620
-20.0026,17.7981,-17.5700,17.7981
-13.0614,28.2669,-15.4939,28.2669
-15.4939,28.3082,-13.0614,28.3082
-13.0614,28.5250,-15.4939,28.5250
-15.4939,28.5612,-13.0614,28.5612
-9.1465,32.4967,-9.1465,34.3197
-9.1104,34.3197,-9.1104,32.4967
2.0348,24.5845,2.0348,27.0170
2.0710,27.0170,2.0710,24.5845
2.2621,24.5845,2.2621,27.0170
2.2983,27.0170,2.2983,24.5845
-1.0381,24.5845,-1.0381,27.0170
-1.0019,27.0170,-1.0019,24.5845
20.0336,24.3882,15.1685,24.3882
15.1685,24.4295,20.0336,24.4295
14.7347,24.5948,14.7347,26.4179
14.7760,26.4179,14.7760,24.5948
30.8018,24.3882,25.9367,24.3882
25.9367,24.4295,30.8018,24.4295
25.5907,24.6154,25.5907,27.0480
25.6320,27.0480,25.6320,24.6154
35.0626,24.1714,32.6301,24.1714
32.6301,24.2074,35.0626,24.2074
23.8399,7.1745,23.8399,9.6071
23.8812,9.6071,23.8812,7.1745
20.2608,-4.0327,20.2608,-2.2096
20.3021,-2.2096,20.3021,-4.0327
20.2608,1.1319,20.2608,2.9551
20.3021,2.9551,20.3021,1.1319
4.9271,-4.5131,4.9271,-2.0856
4.9684,-2.0856,4.9684,-4.5131
1.1827,-2.0082,-0.6404,-2.0082
-0.6404,-1.9720,1.1827,-1.9720
-5.8826,11.6110,-8.3151,11.6110
-8.3151,11.6471,-5.8826,11.6471
-8.5526,16.7756,-8.5526,11.9105
-8.5940,11.9105,-8.5940,16.7756
0.6559,17.1577,-1.7766,17.1577
-1.7766,17.1991,0.6559,17.1991
-5.6191,28.0913,-8.0516,28.0913
-8.0516,28.1275,-5.6191,28.1275
-5.6191,17.4005,-8.0516,17.4005
-8.0516,17.4366,-5.6191,17.4366
-12.9838,5.7130,-15.4164,5.7130
-15.4164,5.7490,-12.9838,5.7490
-12.9838,5.9351,-15.4164,5.9351
-15.4164,5.9711,-12.9838,5.9711
-12.9838,9.1267,-15.4164,9.1267
-15.4164,9.1681,-12.9838,9.1681
19.9045,-4.3116,19.9045,-4.7661
19.9045,-4.7661,18.0813,-4.7661
18.0813,-4.7661,18.0813,-4.3116
18.0813,-4.3116,19.9045,-4.3116
-1.3841,6.5754,-1.3841,6.1210
-1.3841,6.1210,-0.9296,6.1210
-0.9296,6.1210,-0.9296,6.5754
-0.9296,6.5754,-1.3841,6.5754
-0.9296,6.5754,-0.9296,6.1210
-0.9296,6.1210,-0.4751,6.1210
-0.4751,6.1210,-0.4751,6.5754
-0.4751,6.5754,-0.9296,6.5754
-0.4751,6.5754,-0.4751,6.1210
-0.4751,6.1210,-0.0206,6.1210
-0.0206,6.1210,-0.0206,6.5754
-0.0206,6.5754,-0.4751,6.5754
-0.0206,6.5754,-0.0206,6.1210
-0.0206,6.1210,0.4390,6.1210
0.4390,6.1210,0.4390,6.5754
0.4390,6.5754,-0.0206,6.5754
0.4390,6.5754,0.4390,6.1210
0.4390,6.1210,0.8935,6.1210
0.8935,6.1210,0.8935,6.5754
0.8935,6.5754,0.4390,6.5754
10.5255,32.3675,11.1298,32.3675
11.1298,32.2901,10.5255,32.2901
11.1298,32.3675,12.3486,32.3675
12.3486,32.2901,11.1298,32.2901
12.3486,32.3675,12.9581,32.3675
12.9581,32.2901,12.3486,32.2901
15.4629,32.3675,14.8535,32.3675
14.8535,32.2901,15.4629,32.2901
14.8535,32.3675,13.6398,32.3675
13.6398,32.2901,14.8535,32.2901
13.6398,32.3675,13.0303,32.3675
13.0303,32.2901,13.6398,32.2901
15.5404,32.3675,16.1446,32.3675
16.1446,32.2901,15.5404,32.2901
16.1446,32.3675,17.3635,32.3675
17.3635,32.2901,16.1446,32.2901
17.3635,32.3675,17.9729,32.3675
17.9729,32.2901,17.3635,32.2901
10.4480,32.3675,9.8387,32.3675
9.8387,32.2901,10.4480,32.2901
9.8387,32.3675,8.6249,32.3675
8.6249,32.2901,9.8387,32.2901
8.6249,32.3675,8.0155,32.3675
8.0155,32.2901,8.6249,32.2901
31.2409,28.3599,31.2409,27.3941
31.3183,27.3941,31.3183,28.3599
31.2409,27.3941,31.2409,26.4283
31.3183,26.4283,31.3183,27.3941
28.8083,28.3599,30.6830,28.3599
28.8083,28.3599,29.4177,28.3599
29.4177,28.2823,28.8083,28.2823
29.4177,28.3599,30.6365,28.3599
30.6365,28.2823,29.4177,28.2823
30.6365,28.3599,31.2409,28.3599
31.2409,28.2823,30.6365,28.2823
38.0685,20.6697,38.0685,21.6303
37.9909,21.6303,37.9909,20.6697
38.0685,21.6303,38.0685,22.5961
37.9909,22.5961,37.9909,21.6303
38.0685,20.7420,38.0685,19.7814
37.9909,19.7814,37.9909,20.7420
38.0685,15.1384,38.0685,14.1726
37.9909,14.1726,37.9909,15.1384
38.0685,14.1726,38.0685,13.2119
37.9909,13.2119,37.9909,14.1726
38.0685,15.0609,38.0685,16.0267
37.9909,16.0267,37.9909,15.0609
38.0685,16.0267,38.0685,16.9924
37.9909,16.9924,37.9909,16.0267
30.1252,7.8717,30.1252,8.8375
30.1975,8.8375,30.1975,7.8717
30.1252,8.8375,30.1252,9.8033
30.1975,9.8033,30.1975,8.8375
30.1252,7.9492,30.1252,6.9834
30.1975,6.9834,30.1975,7.9492
30.1252,6.9834,30.1252,6.0176
30.1975,6.0176,30.1975,6.9834
20.5500,3.4973,20.5500,2.8931
20.4726,2.8931,20.4726,3.4973
20.5500,2.8931,20.5500,1.6742
20.4726,1.6742,20.4726,2.8931
20.5500,1.6742,20.5500,1.0700
20.4726,1.0700,20.4726,1.6742
26.6133,3.4973,26.6133,1.6278
26.6133,1.6742,26.6133,1.0700
26.6907,1.0700,26.6907,1.6742
-0.7902,3.4302,-0.7902,1.5605
-0.7902,3.4302,-0.7902,2.8207
-0.8676,2.8207,-0.8676,3.4302
-0.7902,2.8207,-0.7902,1.6070
-0.8676,1.6070,-0.8676,2.8207
-0.7902,1.6070,-0.7902,0.9977
-0.8676,0.9977,-0.8676,1.6070
-0.7902,-1.5072,-0.7902,0.3623
-0.7902,-1.5072,-0.7902,-0.9030
-0.8676,-0.9030,-0.8676,-1.5072
-0.7902,-0.9030,-0.7902,0.3159
-0.8676,0.3159,-0.8676,-0.9030
-0.7902,0.3159,-0.7902,0.9201
-0.8676,0.9201,-0.8676,0.3159
7.7572,2.0822,7.7572,3.0480
7.8348,3.0480,7.8348,2.0822
7.7572,3.0480,7.7572,4.0138
7.8348,4.0138,7.8348,3.0480
7.7572,2.1597,7.7572,1.1939
7.8348,1.1939,7.8348,2.1597
7.7572,1.1939,7.7572,0.2281
7.8348,0.2281,7.8348,1.1939
7.7572,-4.8126,7.7572,-3.8520
7.8348,-3.8520,7.8348,-4.8126
7.7572,-4.7402,5.8877,-4.7402
7.1479,-4.7402,5.9341,-4.7402
5.9341,-4.8126,7.1479,-4.8126
5.9341,-4.7402,5.3247,-4.7402
5.3247,-4.8126,5.9341,-4.8126
-2.1227,7.8717,-2.1227,8.8375
-2.1949,8.8375,-2.1949,7.8717
-2.1227,8.8375,-2.1227,9.8033
-2.1949,9.8033,-2.1949,8.8375
-2.1227,7.9492,-2.1227,6.9834
-2.1949,6.9834,-2.1949,7.9492
-2.1227,6.9834,-2.1227,6.0228
-2.1949,6.0228,-2.1949,6.9834
-2.8715,24.2282,-0.4390,24.2282
-0.4390,24.1920,-2.8715,24.1920
0.5681,24.2282,0.8728,24.2282
0.8728,24.2282,0.8728,18.4282
0.8728,18.4282,0.5681,18.4282
0.5681,18.4282,0.5681,24.2282
14.4352,26.3560,14.4352,24.6362
14.4300,24.6362,14.4300,26.3560
14.4609,26.3095,14.4609,24.6826
-11.7341,23.1074,-11.3002,23.1074
-1.5649,7.8305,-1.9936,7.8305
-1.5649,7.9027,-1.9936,7.9027
-9.7611,34.9860,-9.6372,34.9860
-9.6372,34.9860,-9.6372,34.6813
-9.6372,34.6813,-9.1827,34.6813
-9.1827,34.6813,-9.1827,32.1042
-9.0794,32.1042,-9.0794,31.9803
-9.0794,31.9803,-9.8644,31.9803
-9.8644,31.9803,-9.8644,32.1042
-9.8644,32.1042,-9.3066,32.1042
-9.3066,32.1042,-9.3066,34.5574
-9.3066,34.5574,-9.7611,34.5574
-9.7611,34.5574,-9.7611,34.9860
-1.9936,9.7052,-1.9936,6.1210
-1.3841,9.7052,-1.3841,6.1210
25.4306,24.9615,22.2492,24.9615
7.7366,23.0816,7.5817,23.0816
7.5817,23.0816,7.5817,23.2365
7.5817,23.2365,7.5817,23.3915
7.5817,23.3915,7.7366,23.3915
7.7366,23.3915,7.8916,23.3915
7.8916,23.3915,7.8916,23.2365
7.8916,23.2365,7.8916,23.0816
7.8916,23.0816,7.7366,23.0816
7.7676,23.1642,7.7676,23.3192
2.0607,9.8292,8.3925,9.8292
2.0607,9.8292,22.6004,9.8292
8.5164,9.7052,22.6004,9.7052
23.5094,9.7052,23.6644,9.7052
23.5094,9.8292,30.1201,9.8292
23.7883,9.8292,23.7883,5.9919
23.6644,9.7052,23.6644,6.1210
23.5094,9.8292,23.5094,9.7052
18.0607,6.1210,18.0607,5.9919
18.9749,6.1210,18.9749,5.9919
11.7341,9.8292,11.7341,9.7052
12.6430,9.8292,12.6430,9.7052
8.5164,9.7052,8.5164,6.1210
8.3925,9.8292,8.3925,5.9919
9.5804,6.1210,18.0607,6.1210
18.9749,6.1210,23.6644,6.1210
23.7883,5.9919,18.9749,5.9919
18.0607,5.9919,9.5804,5.9919
17.5081,9.8292,17.5081,9.7052
17.5081,9.7052,17.5081,9.8292
9.5804,6.1210,9.5804,5.9919
8.2893,5.9919,8.6714,5.9919
8.6714,5.9919,8.6714,6.1210
8.6714,6.1210,8.5164,6.1210
11.7341,9.7052,11.7341,9.8292
11.7341,9.8292,12.6430,9.8292
12.6430,9.8292,12.6430,9.7052
12.6430,9.7052,11.7341,9.7052
9.5804,5.9919,9.5804,6.1210
9.5804,6.1210,11.5584,6.1210
11.5584,6.1210,11.5584,5.9919
11.5584,5.9919,9.5804,5.9919
17.5081,5.9919,17.5081,6.1210
17.5081,6.1210,18.0607,6.1210
18.0607,6.1210,18.0607,5.9919
18.0607,5.9919,17.5081,5.9919
17.5081,9.7052,17.5081,9.8292
17.5081,9.8292,22.6004,9.8292
22.6004,9.8292,22.6004,9.7052
22.6004,9.7052,17.5081,9.7052
-0.8676,-1.8119,1.2291,-1.8119
1.2291,-1.9152,-0.8676,-1.9152
42.3912,14.5651,42.5203,14.5651
42.5203,14.5651,42.5203,13.3514
42.5203,13.3514,42.3912,13.3514
42.3912,13.3514,42.3912,14.5651
32.0374,3.7556,32.0520,4.1644
32.0520,4.1644,33.7455,4.1498
33.7455,4.1498,33.7455,3.7556
36.1544,3.7702,36.1544,4.1790
36.1544,4.1790,37.0450,4.1644
20.4945,4.0080,22.2194,4.0251
26.1192,3.9818,25.2311,3.9737
25.2311,3.9737,25.2392,3.5378
25.2392,3.5378,24.6983,3.5297
24.6983,3.5297,24.7063,2.9322
10.5583,4.3513,13.5734,4.3308
-1.2765,4.4949,-1.7073,4.4744
-1.7073,4.4744,-1.7073,3.5719
-8.0451,4.1667,-5.3787,4.1462
-5.3787,4.1462,-5.3582,3.5514
-8.0657,4.1872,-8.0657,3.6334
-9.4548,17.0811,-9.4140,11.5994
-11.4057,24.3479,-11.4114,26.1741
-11.4114,26.1741,-11.8496,26.1741
26.2237,32.1993,26.2144,35.2907
13.0204,36.7864,13.0204,36.1775
13.0204,36.1775,15.8128,36.1565
15.8128,36.1565,15.8128,36.7024
9.6192,36.7234,9.6402,36.2195
9.6402,36.2195,6.8899,36.2195
6.8899,36.2195,6.8899,36.7024
-0.8573,35.0018,-0.3954,35.0018
-0.3954,35.0018,-0.4374,32.2935
7.9831,31.1983,7.8409,31.1937
7.8409,31.1937,7.8363,32.2718
7.4584,26.1330,7.4758,24.8967
5.4211,25.2624,5.7868,25.2624
5.7868,25.2624,5.7955,24.8009
-11.3289,15.9603,-11.3289,17.9601
-9.8097,17.5105,-8.8950,17.4950
-9.8097,17.3865,-8.8640,17.3710
-9.8127,17.5119,-9.8070,17.3941
-11.2310,12.1564,-11.2622,14.2433
-11.2622,14.2433,-11.9422,14.2354
1.9505,6.0303,1.9868,8.3891
38.2809,15.1117,38.2725,14.5590
-7.5471,31.8548,-2.9827,31.8450
17.1921,30.1911,17.1950,32.2887
