13.708094699,26.3560131193,12.6798765737,26.3560131193
12.6798765737,27.5828158871,13.708094699,27.5828158871
13.708094699,32.4900325886,12.6798765737,32.4900325886
12.6798765737,21.4487964177,13.708094699,21.4487964177
13.708094699,38.6240520115,12.6798765737,38.6240520115
12.6798765737,39.8508547793,13.708094699,39.8508547793
14.2793268512,52.1188937181,12.6798765737,52.1188937181
12.6798765737,50.8920909502,13.708094699,50.8920909502
13.708094699,44.7580714809,12.6798765737,44.7580714809
12.6798765737,45.9848742487,13.708094699,45.9848742487
12.6798765737,33.71683531,13.708094699,33.71683531
13.708094699,19.3018901665,12.7347148774,19.3018901665
12.2594494542,16.5415811586,14.7363128243,16.5415811586
34.6197683858,8.69821467075,34.6197683858,8.0725446054
34.4141264452,5.29996763736,34.3958455992,5.30405720559
34.6197683858,9.56924566191,34.6197683858,8.94357564309
34.7614344149,10.305327881,34.7614344149,19.4531950246
35.0813253265,10.305327881,35.0813253265,19.4531950246
34.642618757,10.3339533231,34.642618757,17.5066668216
26.9743957956,0.58086204759,26.9743957956,14.7749832559
35.0813253265,2.70323284374,35.0813253265,9.69192577584
34.7705734187,9.69192577584,34.7705734187,2.70323284374
34.7705734187,2.70323284374,35.0813253265,2.70323284374
29.3004527835,2.74003700355,34.6289073897,2.74003700355
29.3004527835,2.74003700355,29.2456158756,2.74003700355
29.2456158756,2.74003700355,29.2456158756,2.53556957313
29.2456158756,2.53556957313,29.3004527835,2.53556957313
34.6289073897,10.1744686306,34.6289073897,5.98288854042
29.9448040855,5.75388504999,29.9448040855,5.85611885826
29.8031380564,10.350310805,29.8031380564,7.00522513416
30.4886177838,7.59000175065,32.229732648,7.59000175065
32.0880666655,7.05429757989,32.229732648,7.05429757989
34.9944962054,6.82938295974,34.9899266802,6.85391953158
34.9899266802,6.85391953158,34.9762181512,6.878455452
34.9762181512,6.878455452,34.9533678265,6.89481293391
34.9533678265,6.89481293391,34.9259507685,6.90299132589
34.9259507685,6.90299132589,34.8985309187,6.90299132589
34.8985309187,6.90299132589,34.8711110223,6.89481293391
34.8711110223,6.89481293391,34.8482606512,6.878455452
34.8482606512,6.878455452,34.8345521687,6.85391953158
34.8345521687,6.85391953158,34.8299826435,6.82938295974
34.8299826435,6.82938295974,34.8345521687,6.80484708585
34.8345521687,6.80484708585,34.8482606512,6.78031116543
34.8482606512,6.78031116543,34.8711110223,6.76395368352
34.8711110223,6.76395368352,34.8985309187,6.75577529154
34.8985309187,6.75577529154,34.9259507685,6.75577529154
34.9259507685,6.75577529154,34.9533678265,6.76395368352
34.9533678265,6.76395368352,34.9762181512,6.78031116543
34.9762181512,6.78031116543,34.9899266802,6.80484708585
34.9899266802,6.80484708585,34.9944962054,6.82938295974
32.229732648,7.59000175065,32.229732648,7.05429757989
32.2023127982,7.65543102687,32.229732648,7.65543102687
32.229732648,7.65543102687,32.229732648,7.59000175065
32.2023127982,7.65543102687,32.2023127982,7.59000175065
29.9448040855,6.08512234869,29.9448040855,5.98288854042
29.8031380564,5.98288854042,29.8031380564,6.03604985643
29.8031380564,4.83378226452,29.8031380564,4.88694362706
29.8031380564,5.80704673824,29.8031380564,5.85611885826
29.8031380564,5.85611885826,29.8031380564,5.98288854042
29.8031380564,5.98288854042,34.6289073897,5.98288854042
29.9448040855,7.59000175065,30.3469517548,7.59000175065
34.6289073897,5.85611885826,29.8031380564,5.85611885826
29.9448040855,7.46323206849,32.0880666655,7.46323206849
32.0880666655,7.46323206849,32.0880666655,7.05429757989
29.9448040855,7.46323206849,29.9448040855,7.00522513416
31.681349471,10.3339533231,34.642618757,10.3339533231
29.8031380564,7.00522513416,29.8031380564,6.95615333985
29.8031380564,6.95615333985,29.9448040855,6.95615333985
29.9448040855,6.95615333985,29.9448040855,7.00522513416
34.6289073897,7.8844345173,34.6289073897,8.01938328939
34.6289073897,8.75546550846,34.6289073897,8.8904135826
35.3600849745,9.69192577584,34.674608132,9.69192577584
34.674608132,9.69192577584,34.674608132,10.305327881
34.674608132,10.305327881,35.3600849745,10.305327881
35.3600849745,10.305327881,35.3600849745,9.69192577584
29.8031380564,10.350310805,31.4894160593,10.350310805
31.681349471,10.3339533231,31.681349471,10.4525439153
31.4894160593,10.5547777236,31.4894160593,10.4525439153
31.681349471,10.4525439153,31.681349471,10.5016163611
31.4894160593,10.350310805,31.4894160593,10.4525439153
31.4894160593,10.4525439153,31.681349471,10.4525439153
27.7467017593,2.74003700355,27.7467017593,10.3421317151
20.0282100193,0.58086204759,21.5316936143,0.58086204759
26.9743957956,0.58086204759,26.1015521818,0.58086204759
24.2736081964,0.58086204759,23.3596362038,0.58086204759
23.8988803769,0.3559479858,23.8943108517,0.38048404581
23.8943108517,0.38048404581,23.8805995309,0.40502015235
23.8805995309,0.40502015235,23.8577519981,0.4213775412
23.8577519981,0.4213775412,23.8303321017,0.42955621236
23.8303321017,0.42955621236,23.8029136478,0.42955621236
23.8029136478,0.42955621236,23.775493798,0.4213775412
23.775493798,0.4213775412,23.7526448693,0.40502015235
23.7526448693,0.40502015235,23.7389348978,0.38048404581
23.7389348978,0.38048404581,23.7343654192,0.3559479858
23.7343654192,0.3559479858,23.7389348978,0.33141192579
23.7389348978,0.33141192579,23.7526448693,0.30687581925
23.7526448693,0.30687581925,23.775493798,0.2905184304
23.775493798,0.2905184304,23.8029136478,0.28233975924
23.8029136478,0.28233975924,23.8303321017,0.28233975924
23.8303321017,0.28233975924,23.8577519981,0.2905184304
23.8577519981,0.2905184304,23.8805995309,0.30687581925
23.8805995309,0.30687581925,23.8943108517,0.33141192579
23.8943108517,0.33141192579,23.8988803769,0.3559479858
28.2722346116,2.53556957313,28.157988479,2.53556957313
28.157988479,2.74003700355,28.2173977038,2.74003700355
28.157988479,2.74003700355,27.7467017593,2.74003700355
16.5642568562,38.2151168249,16.5642568562,38.4195829991
27.7010039018,9.69192577584,27.0155241744,9.69192577584
27.0155241744,9.69192577584,27.0155241744,10.305327881
27.0155241744,10.305327881,27.7010039018,10.305327881
27.7010039018,10.305327881,27.7010039018,9.69192577584
27.7467017593,10.3421317151,27.2760058613,10.3421317151
27.7467017593,37.6998590064,27.7467017593,47.9845680019
29.8031380564,41.9691370309,29.8031380564,34.0358060909
26.9743957956,33.0298248852,26.9743957956,36.2154259101
16.5642568562,38.2151168249,16.5642568562,40.2597899659
27.7467017593,19.4163919349,27.7467017593,27.3129197388
29.8031380564,20.3855671661,29.8031380564,26.0084183386
34.6289073897,17.6620612479,34.6289073897,20.1074904855
32.1931737943,17.62934768,32.1931737943,19.1301375603
33.088864941,17.6620612479,33.088864941,19.2569065445
29.9265232395,17.5352922637,29.9265232395,14.3292449332
31.571672817,17.5352922637,31.571672817,12.6853278889
31.3066216515,17.5352922637,31.3066216515,12.6853278889
31.7681757538,16.5334020222,31.7681757538,15.2289006685
33.1802635408,16.0222337253,33.1802635408,14.3742271593
33.2213919197,16.0222337253,33.2213919197,14.3578703753
32.965479758,16.0222337253,32.965479758,11.6261867631
34.5557924742,13.7730930143,33.3539189448,13.7730930143
33.139135162,16.0222337253,33.139135162,11.703883953
33.011177662,16.0222337253,33.011177662,11.6261867631
33.312790566,13.2128529232,33.2716593488,13.2128529232
33.0523088792,16.0222337253,33.0523088792,11.6261867631
33.312790566,14.0552578208,33.2716593488,14.0552578208
31.681349471,17.5066668216,31.681349471,11.4748804625
29.8031380564,17.7642957542,29.8031380564,14.3292449332
33.856601426,14.104331011,33.1802635408,14.3742271593
33.3539189448,14.3047090593,33.3539189448,11.6261867631
33.184833066,14.3742271593,33.184833066,11.703883953
33.312790566,14.3210658433,33.312790566,11.6261867631
34.596920853,16.2512372157,34.596920853,11.2949494644
33.2716593488,14.3415121489,33.2716593488,11.6261867631
34.5557924742,16.2512372157,34.5557924742,11.2949494644
34.5557924742,11.8061177612,33.3539189448,11.8061177612
34.5557924742,12.0882832656,33.3539189448,12.0882832656
34.5557924742,12.3663585504,33.3539189448,12.3663585504
34.5557924742,12.6485233103,33.3539189448,12.6485233103
34.5603619994,11.2949494644,34.564931478,11.2745031587
34.564931478,11.2745031587,34.5695010032,11.2581456303
34.5695010032,11.2581456303,34.5832094857,11.2417881484
34.5832094857,11.2417881484,34.6014903782,11.2295201882
34.6014903782,11.2295201882,34.6197683858,11.2254306665
34.6197683858,11.2254306665,34.642618757,11.2213410982
34.6014903782,11.2949494644,34.6060598568,11.2826815507
34.6060598568,11.2826815507,34.6151988607,11.2704135905
34.6151988607,11.2704135905,34.6289073897,11.2622345006
34.6289073897,11.2622345006,34.642618757,11.2581456303
33.2716593488,11.5484888287,33.0523088792,11.5484888287
33.312790566,12.6485233103,33.2716593488,12.6485233103
33.2716593488,11.589382231,33.0523088792,11.589382231
33.2716593488,11.6261867631,33.0523088792,11.6261867631
33.312790566,11.8061177612,33.2716593488,11.8061177612
33.184833066,11.9083515695,33.139135162,11.9083515695
33.184833066,11.703883953,33.139135162,11.703883953
33.2716593488,11.5525783969,33.2945096735,11.5566679651
33.2945096735,11.5566679651,33.312790566,11.5607567889
33.312790566,11.5607567889,33.3310685737,11.5730254471
33.3310685737,11.5730254471,33.3447771027,11.589382231
33.3447771027,11.589382231,33.3493494196,11.6057397129
33.3493494196,11.6057397129,33.3539189448,11.6261867631
33.2716593488,11.589382231,33.2853706696,11.5934717527
33.2853706696,11.5934717527,33.2990791987,11.6016508892
33.2990791987,11.6016508892,33.3082182025,11.6139188029
33.3082182025,11.6139188029,33.312790566,11.6261867631
32.9700492832,11.6261867631,32.9746187618,11.6057397129
32.9746187618,11.6057397129,32.9791911253,11.589382231
32.9791911253,11.589382231,32.9928996543,11.5730254471
32.9928996543,11.5730254471,33.011177662,11.5607567889
33.011177662,11.5607567889,33.029458508,11.5566679651
33.029458508,11.5566679651,33.0523088792,11.5525783969
33.011177662,11.6261867631,33.0157500255,11.6139188029
33.0157500255,11.6139188029,33.0248890293,11.6016508892
33.0248890293,11.6016508892,33.0385975118,11.5934717527
33.0385975118,11.5934717527,33.0523088792,11.589382231
33.312790566,12.3663585504,33.2716593488,12.3663585504
33.312790566,12.0882832656,33.2716593488,12.0882832656
34.642618757,13.8180766363,34.0531071547,14.0389010368
34.5557924742,14.3374226272,33.280801191,14.3374226272
34.5557924742,13.2128529232,33.3539189448,13.2128529232
34.5557924742,12.9306881167,33.3539189448,12.9306881167
34.5557924742,13.4909282079,33.3539189448,13.4909282079
33.312790566,12.9306881167,33.2716593488,12.9306881167
33.312790566,13.4909282079,33.2716593488,13.4909282079
33.2213919197,16.0222337253,33.216822441,16.0426800775
33.216822441,16.0426800775,33.2122529158,16.0590383039
33.2122529158,16.0590383039,33.1985415485,16.0753950878
33.1985415485,16.0753950878,33.1802635408,16.0876636995
33.1802635408,16.0876636995,33.1619826948,16.0917532677
33.1619826948,16.0917532677,33.139135162,16.0958428359
33.1802635408,16.0222337253,33.1756940622,16.0345023835
33.1756940622,16.0345023835,33.1665550118,16.0467696457
33.1665550118,16.0467696457,33.152843691,16.0549487357
33.152843691,16.0549487357,33.139135162,16.0590383039
33.312790566,13.7730930143,33.2716593488,13.7730930143
33.938861022,14.4110316913,33.970850397,13.6994853461
33.970850397,13.6994853461,34.0531071547,14.0389010368
34.5557924742,14.0552578208,33.3539189448,14.0552578208
29.9265232395,13.3069083395,29.9265232395,12.6853278889
33.938861022,14.4110316913,33.856601426,14.104331011
30.0636197433,13.3069083395,30.0636197433,12.6853278889
31.4894160593,12.5749142462,29.8031380564,12.5749142462
29.8031380564,12.5749142462,29.8031380564,13.3069083395
29.9265232395,12.6853278889,31.571672817,12.6853278889
31.4894160593,12.5749142462,31.4894160593,11.4748804625
31.4894160593,11.4217191465,31.681349471,11.4217191465
31.681349471,11.4217191465,31.681349471,11.4748804625
31.4894160593,11.4217191465,31.4894160593,11.4748804625
31.681349471,11.4748804625,31.4894160593,11.4748804625
29.7757182066,13.4091400073,29.7757182066,13.3600696555
30.0636197433,13.3069083395,30.0773282723,13.3069083395
30.0773282723,13.3069083395,30.0773282723,13.3600696555
30.0773282723,13.3600696555,29.7757182066,13.3600696555
29.7757182066,13.3600696555,29.7757182066,13.3069083395
29.7757182066,13.3069083395,29.8031380564,13.3069083395
30.0636197433,14.3292449332,30.0773282723,14.3292449332
30.0773282723,14.3292449332,30.0773282723,14.280171743
30.0773282723,14.280171743,29.7757182066,14.280171743
29.7757182066,14.280171743,29.7757182066,14.3292449332
29.7757182066,14.3292449332,29.8031380564,14.3292449332
32.965479758,16.0222337253,31.7681757538,16.0222337253
32.965479758,15.4619936807,31.7681757538,15.4619936807
32.965479758,15.7400689654,31.7681757538,15.7400689654
31.681349471,17.5066668216,34.642618757,17.5066668216
29.9585126145,17.62934768,32.2982809232,17.62934768
33.2213919197,16.0222337253,34.5557924742,16.0222337253
34.5557924742,14.6154992613,33.2213919197,14.6154992613
34.5557924742,14.8976640678,33.2213919197,14.8976640678
34.5557924742,15.4619936807,33.2213919197,15.4619936807
33.139135162,16.0999309617,33.0523088792,16.0999309617
33.0523088792,16.0590383039,33.139135162,16.0590383039
34.5557924742,15.7400689654,33.2213919197,15.7400689654
34.5557924742,15.1798288742,33.2213919197,15.1798288742
33.0523088792,15.7400689654,33.011177662,15.7400689654
33.1802635408,16.0222337253,33.011177662,16.0222337253
33.0523088792,15.4619936807,33.011177662,15.4619936807
32.9837606505,17.6620612479,34.6289073897,17.6620612479
33.0523088792,16.0590383039,33.0385975118,16.0549487357
33.0385975118,16.0549487357,33.0248890293,16.0467696457
33.0248890293,16.0467696457,33.0157500255,16.0345023835
33.0157500255,16.0345023835,33.011177662,16.0222337253
33.0523088792,16.0958428359,33.029458508,16.0917532677
33.029458508,16.0917532677,33.011177662,16.0876636995
33.011177662,16.0876636995,32.9928996543,16.0753950878
32.9928996543,16.0753950878,32.9791911253,16.0590383039
32.9791911253,16.0590383039,32.9746187618,16.0426800775
32.9746187618,16.0426800775,32.9700492832,16.0222337253
34.642618757,16.2880417478,34.6289073897,16.2839522261
34.6289073897,16.2839522261,34.6151988607,16.2757731362
34.6151988607,16.2757731362,34.6060598568,16.2635058739
34.6060598568,16.2635058739,34.6014903782,16.2512372157
34.642618757,16.3248448839,34.6197683858,16.3207567581
34.6197683858,16.3207567581,34.6014903782,16.3166671899
34.6014903782,16.3166671899,34.5832094857,16.3043985317
34.5832094857,16.3043985317,34.5695010032,16.2880417478
34.5695010032,16.2880417478,34.564931478,16.2716835679
34.564931478,16.2716835679,34.5603619994,16.2512372157
31.7224778498,16.5334020222,31.7224778498,15.2289006685
34.9990685223,16.4638839222,34.9944962054,16.4884197961
34.9944962054,16.4884197961,34.9807876763,16.5129557165
34.9807876763,16.5129557165,34.9579373052,16.5293125005
34.9579373052,16.5293125005,34.9305202937,16.5374915904
34.9305202937,16.5374915904,34.9031003973,16.5374915904
34.9031003973,16.5374915904,34.8756805475,16.5293125005
34.8756805475,16.5293125005,34.8528330147,16.5129557165
34.8528330147,16.5129557165,34.8391216473,16.4884197961
34.8391216473,16.4884197961,34.8345521687,16.4638839222
34.8345521687,16.4638839222,34.8391216473,16.4393466059
34.8391216473,16.4393466059,34.8528330147,16.414810732
34.8528330147,16.414810732,34.8756805475,16.398453948
34.8756805475,16.398453948,34.9031003973,16.3902748581
34.9031003973,16.3902748581,34.9305202937,16.3902748581
34.9305202937,16.3902748581,34.9579373052,16.398453948
34.9579373052,16.398453948,34.9807876763,16.414810732
34.9807876763,16.414810732,34.9944962054,16.4393466059
34.9944962054,16.4393466059,34.9990685223,16.4638839222
31.681349471,15.1552930003,31.7041998422,15.1593825686
31.7041998422,15.1593825686,31.7224778498,15.1634706944
31.7224778498,15.1634706944,31.7407586958,15.1757393525
31.7407586958,15.1757393525,31.7544672248,15.1920961365
31.7544672248,15.1920961365,31.75903675,15.2084543163
31.75903675,15.2084543163,31.7636062286,15.2289006685
32.2982809232,17.6007222379,32.9837606505,17.6007222379
31.681349471,15.1920961365,31.695058,15.1961856582
31.695058,15.1961856582,31.7087693208,15.2043647946
31.7087693208,15.2043647946,31.7179083246,15.2166334063
31.7179083246,15.2166334063,31.7224778498,15.2289006685
29.9265232395,17.5352922637,31.571672817,17.5352922637
31.7224778498,16.5334020222,31.7179083246,16.5456706803
31.7179083246,16.5456706803,31.7087693208,16.5579379426
31.7087693208,16.5579379426,31.695058,16.5661170325
31.695058,16.5661170325,31.681349471,16.5702065542
31.7636062286,16.5334020222,31.75903675,16.5538483744
31.75903675,16.5538483744,31.7544672248,16.5702065542
31.7544672248,16.5702065542,31.7407586958,16.5865633382
31.7407586958,16.5865633382,31.7224778498,16.5988319963
31.7224778498,16.5988319963,31.7041998422,16.6029215646
31.7041998422,16.6029215646,31.681349471,16.6070111328
29.9585126145,17.8133675485,29.9585126145,17.7642957542
29.9585126145,17.62934768,29.9585126145,17.7642957542
29.9585126145,17.7642957542,29.8031380564,17.7642957542
35.0401969012,20.4632644026,29.9585126145,20.4632644026
34.6289073897,20.5900333402,30.4886177838,20.5900333402
29.9585126145,19.2569065445,33.088864941,19.2569065445
29.9585126145,19.1301375603,32.1931737943,19.1301375603
35.3600849745,19.4531950246,34.674608132,19.4531950246
34.674608132,19.4531950246,34.674608132,20.0665978276
34.674608132,20.0665978276,35.3600849745,20.0665978276
35.3600849745,20.0665978276,35.3600849745,19.4531950246
35.0401969012,20.4632644026,35.0401969012,20.1074904855
35.0401969012,20.1074904855,34.6289073897,20.1074904855
29.9585126145,20.4632644026,29.9585126145,20.3855671661
29.8031380564,20.2833326599,29.8031380564,20.3855671661
29.8031380564,18.7866323479,29.8031380564,18.7334710319
29.8031380564,18.7334710319,29.9585126145,18.7334710319
29.9585126145,18.7334710319,29.9585126145,18.7866323479
29.8031380564,19.3632306189,29.8031380564,18.7866323479
29.9585126145,19.1301375603,29.9585126145,18.7866323479
29.9585126145,18.7866323479,29.8031380564,18.7866323479
29.8031380564,19.3632306189,29.8031380564,19.4163919349
29.9585126145,19.3632306189,29.9585126145,19.4163919349
29.9585126145,19.4163919349,29.8031380564,19.4163919349
29.9585126145,19.2569065445,29.9585126145,19.3632306189
29.9585126145,19.3632306189,29.8031380564,19.3632306189
29.9585126145,20.3364939759,29.9585126145,20.3855671661
29.9585126145,20.3855671661,29.8031380564,20.3855671661
27.7467017593,19.4163919349,27.2760058613,19.4163919349
13.2739576546,20.221992254,13.2693881295,20.2465281279
13.2693881295,20.2465281279,13.2556782046,20.2710654442
13.2556782046,20.2710654442,13.2328292758,20.2874222282
13.2328292758,20.2874222282,13.2054108219,20.2956013181
13.2054108219,20.2956013181,13.1779909256,20.2956013181
13.1779909256,20.2956013181,13.1505724716,20.2874222282
13.1505724716,20.2874222282,13.127722147,20.2710654442
13.127722147,20.2710654442,13.114013618,20.2465281279
13.114013618,20.2465281279,13.1094426969,20.221992254
13.1094426969,20.221992254,13.114013618,20.1974563801
13.114013618,20.1974563801,13.127722147,20.1729204597
13.127722147,20.1729204597,13.1505724716,20.1565636757
13.1505724716,20.1565636757,13.1779909256,20.1483845858
13.1779909256,20.1483845858,13.2054108219,20.1483845858
13.2054108219,20.1483845858,13.2328292758,20.1565636757
13.2328292758,20.1565636757,13.2556782046,20.1729204597
13.2556782046,20.1729204597,13.2693881295,20.1974563801
13.2693881295,20.1974563801,13.2739576546,20.221992254
31.8458658246,28.093984184,31.8458658246,29.3207897436
32.229732648,25.0433326292,32.229732648,26.0084183386
35.3600849745,26.6627124037,34.674608132,26.6627124037
34.674608132,26.6627124037,34.674608132,27.2761137644
34.674608132,27.2761137644,35.3600849745,27.2761137644
35.3600849745,27.2761137644,35.3600849745,26.6627124037
29.9448040855,25.1701030093,29.9448040855,26.0084183386
12.9814865928,16.1040204834,12.9814865928,8.26883313201
27.2760058613,10.3421317151,27.2760058613,14.7749832559
13.0226164141,19.3018901665,13.0226164141,16.5415811586
14.7363128243,16.1040204834,12.9814865928,16.1040204834
27.7010039018,19.4531950246,27.0155241744,19.4531950246
27.0155241744,19.4531950246,27.0155241744,20.0665978276
27.0155241744,20.0665978276,27.7010039018,20.0665978276
27.7010039018,20.0665978276,27.7010039018,19.4531950246
13.708094699,21.4487964177,13.708094699,20.221992254
13.534439295,19.4531950246,12.84896101,19.4531950246
12.84896101,19.4531950246,12.84896101,20.0665978276
12.84896101,20.0665978276,13.534439295,20.0665978276
13.534439295,20.0665978276,13.534439295,19.4531950246
13.3196569546,21.1012016371,13.3196569546,20.0665978276
13.708094699,20.168830938,13.708094699,19.3018901665
13.0683143181,20.0665978276,13.0683143181,21.1012016371
13.708094699,20.221992254,13.6486868701,20.221992254
13.6486868701,20.221992254,13.6486868701,20.168830938
13.6486868701,20.168830938,13.708094699,20.168830938
13.0683143181,21.1012016371,13.3196569546,21.1012016371
31.9007027325,30.8256677497,31.9007027325,31.9011656594
34.674608132,27.2761137644,34.674608132,29.9832628986
32.2023127982,24.9410995654,32.229732648,24.9410995654
31.6402210922,28.093984184,31.6402210922,28.1675932481
31.8458658246,27.2761137644,34.674608132,27.2761137644
30.4886177838,25.0433326292,32.229732648,25.0433326292
32.2023127982,24.9410995654,32.1246255191,24.9370099971
32.0880666655,27.0307549324,32.229732648,27.0307549324
32.0880666655,26.0084183386,32.229732648,26.0084183386
32.229732648,24.9410995654,32.229732648,25.0433326292
29.9448040855,26.0084183386,29.8031380564,26.0084183386
29.8031380564,26.0084183386,29.8031380564,26.0574872946
29.8031380564,26.0574872946,29.9448040855,26.0574872946
29.9448040855,26.0574872946,29.9448040855,26.0084183386
32.2023127982,24.9410995654,32.2023127982,25.0433326292
32.229732648,27.1575253125,34.6289073897,27.1575253125
29.9448040855,26.0084183386,29.8031380564,26.0084183386
32.229732648,27.0307549324,32.229732648,27.1575253125
29.9448040855,25.0433326292,30.3469517548,25.0433326292
29.9448040855,25.1701030093,32.0880666655,25.1701030093
31.4300068345,24.8879382494,31.2609237475,24.8879382494
31.2609237475,24.8879382494,31.2609237475,25.0433326292
31.2609237475,25.0433326292,31.4300068345,25.0433326292
31.4300068345,25.0433326292,31.4300068345,24.8879382494
32.0880666655,25.1701030093,32.0880666655,26.0084183386
29.8031380564,27.3129197388,29.8031380564,27.0307549324
29.9448040855,27.1575253125,32.0880666655,27.1575253125
29.9448040855,26.9285218221,29.9448040855,27.0307549324
29.8031380564,27.3129197388,31.6722104672,27.3129197388
31.6722104672,27.3129197388,31.6722104672,28.093984184
32.0880666655,27.0307549324,32.0880666655,27.1575253125
31.6722104672,28.093984184,31.6402210922,28.093984184
31.8458658246,29.9832628986,31.8458658246,29.3207897436
31.8458658246,28.093984184,31.8458658246,27.2761137644
29.9448040855,27.0307549324,29.8031380564,27.0307549324
29.8031380564,27.0307549324,29.8031380564,26.9775936164
31.9007027325,28.7073855446,31.8458658246,28.7073855446
31.8458658246,29.2430911113,31.6402210922,29.2430911113
29.9448040855,27.0307549324,29.8031380564,27.0307549324
31.8458658246,30.0854960089,34.674608132,30.0854960089
34.674608132,29.9832628986,31.8458658246,29.9832628986
29.9448040855,27.1575253125,29.9448040855,27.0307549324
31.6722104672,29.3207897436,31.6402210922,29.3207897436
31.9007027325,28.1675932481,31.9007027325,29.2430911113
31.8458658246,28.1675932481,31.6402210922,28.1675932481
31.6722104672,30.7520586856,31.6722104672,29.3207897436
31.8458658246,29.2430911113,31.9007027325,29.2430911113
31.8458658246,30.7520586856,31.8458658246,31.9788642918
31.8458658246,28.1675932481,31.9007027325,28.1675932481
31.6402210922,29.3207897436,31.6402210922,29.2430911113
31.8458658246,30.7520586856,31.8458658246,30.0854960089
31.6402210922,30.8256677497,31.9007027325,30.8256677497
31.6722104672,30.7520586856,31.6402210922,30.7520586856
31.6402210922,30.7520586856,31.6402210922,30.8256677497
31.8458658246,30.7520586856,31.6722104672,30.7520586856
35.3600849745,32.7967318265,34.674608132,32.7967318265
34.674608132,32.7967318265,34.674608132,33.4101360721
34.674608132,33.4101360721,35.3600849745,33.4101360721
35.3600849745,33.4101360721,35.3600849745,32.7967318265
31.9007027325,31.3654629311,31.8458658246,31.3654629311
29.9265232395,34.0358060909,29.9265232395,34.4610966655
29.9265232395,34.4610966655,32.1063475115,34.4610966655
32.1063475115,34.4610966655,32.1063475115,33.9990001164
32.1063475115,33.9990001164,32.2114546403,33.9990001164
30.4886177838,34.5715088657,32.2251631693,34.5715088657
32.2251631693,34.5715088657,32.2251631693,33.9826419365
32.0880666655,33.0420935434,32.2251631693,33.0420935434
32.0880666655,33.9826419365,32.2251631693,33.9826419365
32.2251631693,33.0420935434,32.2251631693,32.9153231167
31.6722104672,32.7558391687,31.6722104672,31.9788642918
34.674608132,32.8090004847,31.8458658246,32.8090004847
32.2251631693,32.9153231167,34.6289073897,32.9153231167
31.8458658246,31.9011656594,31.6402210922,31.9011656594
32.2251631693,34.5960461355,32.2251631693,34.5715088657
32.197743273,34.5715088657,32.197743273,34.5960461355
32.197743273,34.5960461355,32.2251631693,34.5960461355
29.9448040855,32.9153231167,32.0880666655,32.9153231167
31.6722104672,32.7558391687,29.8031380564,32.7558391687
29.8031380564,32.7558391687,29.8031380564,33.0134694971
31.8458658246,32.8090004847,31.8458658246,31.9788642918
31.6402210922,31.9788642918,31.6402210922,31.9011656594
31.8458658246,31.9011656594,31.9007027325,31.9011656594
31.6859189496,31.9788642918,31.6402210922,31.9788642918
31.8458658246,31.9788642918,31.6722104672,31.9788642918
32.0880666655,33.0420935434,32.0880666655,32.9153231167
29.9448040855,33.1157026075,29.9448040855,33.0134694971
29.8031380564,33.0134694971,29.8031380564,33.0625412915
29.8031380564,33.0134694971,29.9448040855,33.0134694971
29.9448040855,33.0134694971,29.9448040855,32.9153231167
30.3469517548,34.5715088657,29.9448040855,34.5715088657
29.9448040855,34.4447384391,32.0880666655,34.4447384391
32.0880666655,34.4447384391,32.0880666655,33.9826419365
29.9448040855,34.4447384391,29.9448040855,34.0358060909
29.9448040855,34.0358060909,29.8031380564,34.0358060909
29.8031380564,34.0358060909,29.8031380564,33.9826419365
29.8031380564,33.9826419365,29.9448040855,33.9826419365
29.9448040855,33.9826419365,29.9448040855,34.0358060909
19.2193451555,51.83673175,19.2193451555,51.9389648138
21.9064214338,51.83673175,21.9064214338,51.9389648138
27.0155241744,27.2761137644,27.7010039018,27.2761137644
27.7010039018,27.2761137644,27.7010039018,26.6627124037
27.7010039018,26.6627124037,27.0155241744,26.6627124037
27.0155241744,26.6627124037,27.0155241744,27.2761137644
13.708094699,27.5828158871,13.708094699,26.3560131193
27.7010039018,32.7967318265,27.0155241744,32.7967318265
27.0155241744,32.7967318265,27.0155241744,33.4101360721
27.0155241744,33.4101360721,27.7010039018,33.4101360721
27.7010039018,33.4101360721,27.7010039018,32.7967318265
16.5642568562,34.125770543,16.5642568562,35.7615084974
17.0532308084,34.125770543,17.0532308084,35.7615084974
16.7927491215,35.6838127034,16.7927491215,34.1993796071
17.0623712081,32.0810973556,16.5642568562,32.0810973556
17.0623712081,34.125770543,16.5642568562,34.125770543
13.534439295,26.6627124037,12.84896101,26.6627124037
12.84896101,26.6627124037,12.84896101,27.2761137644
12.84896101,27.2761137644,13.534439295,27.2761137644
13.534439295,27.2761137644,13.534439295,26.6627124037
17.0623712081,33.0298248852,17.0623712081,34.125770543
16.7653306676,35.7615084974,16.7653306676,34.125770543
16.8795768468,35.7615084974,16.8795768468,34.125770543
16.8795768468,34.1993796071,16.7653306676,34.1993796071
13.534439295,32.7967318265,12.84896101,32.7967318265
12.84896101,32.7967318265,12.84896101,33.4101360721
12.84896101,33.4101360721,13.534439295,33.4101360721
13.534439295,33.4101360721,13.534439295,32.7967318265
16.5642568562,32.0810973556,16.5642568562,34.125770543
17.0532308084,38.2151168249,16.5642568562,38.2151168249
17.0532308084,36.5793788705,16.5642568562,36.5793788705
17.0532308084,35.7615084974,16.5642568562,35.7615084974
13.708094699,33.71683531,13.708094699,32.4900325886
17.0532308084,36.5793788705,17.0532308084,38.2151168249
16.8795768468,36.5793788705,16.8795768468,38.2151168249
16.7653306676,36.5793788705,16.7653306676,38.2151168249
17.0532308084,36.5793788705,17.0532308084,35.7615084974
16.8795768468,35.6838127034,16.7653306676,35.6838127034
16.5642568562,36.5793788705,16.5642568562,38.2151168249
16.7927491215,38.1374181926,16.7927491215,36.6529850963
16.8795768468,36.6529850963,16.7653306676,36.6529850963
16.8795768468,38.1374181926,16.7653306676,38.1374181926
16.5642568562,36.5793788705,16.5642568562,35.7615084974
28.989703714,51.83673175,28.989703714,51.9389648138
30.6439922953,51.83673175,30.6439922953,51.9389648138
24.6483359694,51.83673175,24.6483359694,51.9389648138
23.5607100152,51.83673175,23.5607100152,51.9389648138
26.3026245973,51.83673175,26.3026245973,51.9389648138
17.5604856065,51.83673175,17.5604856065,51.9389648138
12.84896101,51.9634964534,13.534439295,51.9634964534
13.534439295,51.9634964534,13.534439295,51.3500979311
13.534439295,51.3500979311,12.84896101,51.3500979311
12.84896101,51.3500979311,12.84896101,51.9634964534
35.3600849745,51.3500979311,34.674608132,51.3500979311
34.674608132,51.3500979311,34.674608132,51.9634964534
34.674608132,51.9634964534,35.3600849745,51.9634964534
35.3600849745,51.9634964534,35.3600849745,51.3500979311
27.7010039018,51.3500979311,27.0155241744,51.3500979311
27.0155241744,51.3500979311,27.0155241744,51.9634964534
27.0155241744,51.9634964534,27.7010039018,51.9634964534
27.7010039018,51.9634964534,27.7010039018,51.3500979311
20.6177216216,51.3500979311,19.9322418943,51.3500979311
19.9322418943,51.3500979311,19.9322418943,51.9634964534
19.9322418943,51.9634964534,20.6177216216,51.9634964534
20.6177216216,51.9634964534,20.6177216216,51.3500979311
28.9028745928,51.6813344853,28.9028745928,52.1188937181
16.5642568562,50.483158602,16.5642568562,52.1188937181
14.2793268512,51.1987901882,14.2793268512,52.1188937181
35.5291708999,51.8121944337,35.5291708999,52.1188937181
31.6447905708,51.6159073495,31.6447905708,52.1188937181
33.9297191798,51.6159073495,33.9297191798,52.1188937181
27.7010039018,51.6813344853,28.9028745928,51.6813344853
35.3600849745,45.0647707653,34.674608132,45.0647707653
34.674608132,45.0647707653,34.674608132,45.6781749643
34.674608132,45.6781749643,35.3600849745,45.6781749643
35.3600849745,45.6781749643,35.3600849745,45.0647707653
34.642618757,42.6111652296,34.642618757,49.0109884407
32.9609102793,42.6111652296,32.9609102793,45.1179320813
33.139135162,42.6111652296,33.139135162,47.8250812156
29.8031380564,45.432813294,29.8031380564,44.9584481333
32.9609102793,45.2447024614,32.9609102793,47.6655944292
30.0636197433,45.1179320813,30.0636197433,44.9584481333
35.3600849745,38.9307512959,34.674608132,38.9307512959
34.674608132,38.9307512959,34.674608132,39.5441554949
34.674608132,39.5441554949,35.3600849745,39.5441554949
35.3600849745,39.5441554949,35.3600849745,38.9307512959
34.5557924742,46.6228129257,33.2213919197,46.6228129257
32.9928996543,42.4884844177,30.6988292031,42.4884844177
30.6988292031,41.9364206247,32.9928996543,41.9364206247
32.9609102793,42.6111652296,30.7171100491,42.6111652296
34.6289073897,41.8260084244,30.4886177838,41.8260084244
34.6471882357,42.4884844177,33.139135162,42.4884844177
33.139135162,41.9364206247,34.6471882357,41.9364206247
34.642618757,42.6111652296,33.139135162,42.6111652296
34.6471882357,41.9364206247,34.6471882357,42.4884844177
33.139135162,42.4884844177,33.139135162,41.9364206247
32.9928996543,42.4884844177,32.9928996543,41.9364206247
29.8031380564,43.9361115395,29.8031380564,43.1959397522
30.0636197433,43.9361115395,30.0636197433,43.3349787905
30.3469517548,41.8260084244,29.9448040855,41.8260084244
30.7171100491,43.3349787905,30.0636197433,43.3349787905
30.3743688128,41.9691370309,29.8031380564,41.9691370309
29.8031380564,43.1959397522,30.3743688128,43.1959397522
30.6988292031,42.4884844177,30.6988292031,41.9364206247
30.7171100491,42.6111652296,30.7171100491,43.3349787905
30.0636197433,43.9892728556,30.164157347,43.9933624238
30.0636197433,44.856215023,30.0636197433,44.9584481333
30.0636197433,43.9361115395,29.8031380564,43.9361115395
30.0636197433,43.9361115395,29.8031380564,43.9361115395
29.8031380564,43.9361115395,29.8031380564,43.9892756939
29.8031380564,43.9892756939,30.0636197433,43.9892756939
30.0636197433,43.9892756939,30.0636197433,43.9361115395
30.0636197433,44.9584481333,29.8031380564,44.9584481333
30.0636197433,44.9584481333,29.8031380564,44.9584481333
29.8031380564,44.9584481333,29.8031380564,44.909376339
35.3600849745,51.4645996531,36.0638455478,51.4645996531
35.5291708999,51.8121944337,36.0638455478,51.8121944337
36.0638455478,51.8121944337,36.0638455478,51.4645996531
32.4445164308,47.8250812156,32.4445164308,49.0109884407
32.2708610733,47.6655944292,32.2708610733,49.0518839834
30.8770540858,50.0333250344,30.8724846071,47.9845680019
30.0636197433,45.2447024614,32.9609102793,45.2447024614
30.0636197433,45.1179320813,32.9609102793,45.1179320813
34.5557924742,45.567762764,34.5557924742,48.2830881964
34.596920853,45.5554941059,34.596920853,48.2830881964
33.1802635408,46.0911968807,33.1802635408,47.8250812156
33.2213919197,46.0748415392,33.2213919197,47.8250812156
34.5557924742,46.0625728811,33.2533812946,46.0625728811
34.5557924742,46.3406481193,33.2213919197,46.3406481193
34.5557924742,45.7804080746,33.9891284047,45.7804080746
34.642618757,45.539135926,33.9662780335,45.7885871645
33.8840212758,45.4491714739,33.8520319008,46.1607164231
33.8520319008,46.1607164231,33.7697751432,45.8540171387
33.7697751432,45.8540171387,33.0523088792,46.1402686285
33.9662780335,45.7885871645,33.8840212758,45.4491714739
33.9662780335,45.7804080746,33.8657432682,45.7804080746
34.5557924742,47.1871425386,33.2213919197,47.1871425386
34.5557924742,46.9049777321,33.2213919197,46.9049777321
34.5557924742,47.4652177768,33.2213919197,47.4652177768
34.5557924742,47.7473854216,33.2213919197,47.7473854216
34.596920853,47.8250812156,34.642618757,47.8250812156
34.642618757,48.3198941244,34.6289073897,48.3158046027
34.6289073897,48.3158046027,34.6151988607,48.3076254662
34.6151988607,48.3076254662,34.6060598568,48.2953568546
34.6060598568,48.2953568546,34.6014903782,48.2830881964
33.139135162,47.9027770096,32.4445164308,47.9027770096
34.642618757,48.3566944222,34.6197683858,48.352604854
34.6197683858,48.352604854,34.6014903782,48.3485153323
34.6014903782,48.3485153323,34.5832094857,48.3362466741
34.5832094857,48.3362466741,34.5695010032,48.3198941244
34.5695010032,48.3198941244,34.564931478,48.3035359445
34.564931478,48.3035359445,34.5603619994,48.2830881964
33.139135162,47.86188719,32.4445164308,47.86188719
33.2213919197,47.8250812156,33.216822441,47.8455289637
33.216822441,47.8455289637,33.2122529158,47.86188719
33.2122529158,47.86188719,33.1985415485,47.8782396932
33.1985415485,47.8782396932,33.1802635408,47.8905083514
33.1802635408,47.8905083514,33.1619826948,47.8945979196
33.1619826948,47.8945979196,33.139135162,47.8986874413
32.4445164308,47.8250812156,33.139135162,47.8250812156
33.1802635408,47.8250812156,33.1756940622,47.8373498737
33.1756940622,47.8373498737,33.1665550118,47.8496185319
33.1665550118,47.8496185319,33.152843691,47.8577976218
33.152843691,47.8577976218,33.139135162,47.86188719
32.2708610733,47.6655944292,32.9609102793,47.6655944292
30.0636197433,47.7514749898,30.0636197433,46.4551498412
29.8031380564,47.9845680019,29.8031380564,46.4551498412
30.0636197433,45.2447024614,30.0636197433,45.432813294
30.0636197433,45.432813294,29.8031380564,45.432813294
30.0636197433,45.5350463578,30.0636197433,45.432813294
30.0636197433,45.432813294,29.8031380564,45.432813294
29.8031380564,45.432813294,29.8031380564,45.4818850418
30.0636197433,46.4551498412,29.8031380564,46.4551498412
30.0636197433,46.4551498412,29.8031380564,46.4551498412
29.8031380564,46.4551498412,29.8031380564,46.4019913635
29.8031380564,46.4019913635,30.0636197433,46.4019913635
30.0636197433,46.4019913635,30.0636197433,46.4551498412
29.8031380564,47.9845680019,30.8724846071,47.9845680019
31.5579643345,49.4894431697,33.1299961582,49.4894431697
34.2176207165,50.1764536409,34.1170859047,50.1723640727
34.500952728,51.6159073495,34.500952728,49.4894431697
34.2176207165,50.1764536409,34.1582142835,50.1764536409
34.1582142835,50.1764536409,34.1582142835,49.2563501575
34.1582142835,49.2563501575,34.2724604627,49.2563501575
34.2724604627,49.4894431697,34.2724604627,49.0109884407
34.2724604627,49.2440814994,34.2724604627,49.0109884407
34.2724604627,49.0109884407,34.642618757,49.0109884407
13.534439295,44.909376339,12.84896101,44.909376339
34.2724604627,49.0109884407,34.2176207165,49.0109884407
34.2176207165,49.0109884407,34.2176207165,50.1764536409
34.500952728,49.4894431697,34.2724604627,49.4894431697
31.5625338131,50.1355638214,31.5625338131,50.0333250344
31.5625338131,50.0333250344,30.8770540858,50.0333250344
30.8770540858,50.0333250344,30.8770540858,50.0823996671
33.1299961582,49.4894431697,33.1299961582,49.0109884407
33.1299961582,49.0109884407,32.4445164308,49.0109884407
33.1299961582,49.0109884407,33.1894025447,49.0109884407
33.1894025447,49.0109884407,33.1894025447,49.2563501575
33.1894025447,49.2563501575,33.1299961582,49.2563501575
31.5625338131,51.0025031505,31.5625338131,50.0823996671
33.9297191798,51.6159073495,34.500952728,51.6159073495
31.5579643345,51.6159073495,31.6447905708,51.6159073495
31.5579643345,49.4894431697,31.5625338131,50.0333250344
30.7308185781,51.6813344853,28.9028745928,51.6813344853
31.5625338131,51.0556616282,31.5579643345,51.6159073495
30.8770540858,51.0556616282,30.8724846071,51.6813344853
30.7308185781,51.83673175,28.9028745928,51.83673175
30.8770540858,51.0556616282,30.8770540858,51.0025031505
31.5625338131,51.0025031505,31.5625338131,51.0556616282
31.1558166186,51.6363494209,31.15124714,51.6608867372
31.15124714,51.6608867372,31.1375357726,51.6854240536
31.1375357726,51.6854240536,31.1146882398,51.7017822334
31.1146882398,51.7017822334,31.08726839,51.7099613233
31.08726839,51.7099613233,31.0598484936,51.7099613233
31.0598484936,51.7099613233,31.0324286438,51.7017822334
31.0324286438,51.7017822334,31.009581111,51.6854240536
31.009581111,51.6854240536,30.9958697436,51.6608867372
30.9958697436,51.6608867372,30.991300265,51.6363494209
30.991300265,51.6363494209,30.9958697436,51.6118177813
30.9958697436,51.6118177813,31.009581111,51.5872805115
31.009581111,51.5872805115,31.0324286438,51.5709222851
31.0324286438,51.5709222851,31.0598484936,51.5627431951
31.0598484936,51.5627431951,31.08726839,51.5627431951
31.08726839,51.5627431951,31.1146882398,51.5709222851
31.1146882398,51.5709222851,31.1375357726,51.5872805115
31.1375357726,51.5872805115,31.15124714,51.6118177813
31.15124714,51.6118177813,31.1558166186,51.6363494209
30.7308185781,52.1188937181,30.7308185781,51.6813344853
30.7308185781,51.6813344853,30.8724846071,51.6813344853
16.7653306676,50.4054571314,16.7653306676,50.483158602
13.534439295,45.0647707653,12.84896101,45.0647707653
12.84896101,45.0647707653,12.84896101,45.6781749643
12.84896101,45.6781749643,13.534439295,45.6781749643
13.534439295,45.6781749643,13.534439295,45.0647707653
27.7010039018,38.9307512959,27.0155241744,38.9307512959
27.0155241744,38.9307512959,27.0155241744,39.5441554949
27.0155241744,39.5441554949,27.7010039018,39.5441554949
27.7010039018,39.5441554949,27.7010039018,38.9307512959
27.7010039018,45.0647707653,27.0155241744,45.0647707653
27.0155241744,45.0647707653,27.0155241744,45.6781749643
27.0155241744,45.6781749643,27.7010039018,45.6781749643
27.7010039018,45.6781749643,27.7010039018,45.0647707653
13.708094699,45.9848742487,13.708094699,44.7580714809
16.5642568562,44.3491362943,16.5642568562,48.4711961441
26.9743957956,37.6998590064,26.9743957956,40.8731913731
16.5642568562,40.2597899659,16.5642568562,41.8955279203
13.708094699,39.8508547793,13.708094699,44.7580714809
17.0532308084,40.2597899659,17.0532308084,41.8955279203
12.84896101,51.3500979311,12.84896101,51.0433986467
16.7927491215,41.8178321728,16.7927491215,40.3333990765
13.708094699,39.8508547793,13.708094699,40.1575569021
13.708094699,40.3088617602,13.708094699,40.615563883
13.708094699,40.7709582628,13.708094699,41.0776603855
13.708094699,41.2289652436,13.708094699,41.5356673664
13.708094699,41.6910617462,13.708094699,41.9977610306
13.708094699,42.149068727,13.708094699,42.4557680115
13.708094699,42.6111652296,13.708094699,42.917864514
13.708094699,43.0691722105,13.708094699,43.3758714949
13.708094699,43.5312658747,13.708094699,43.8379679975
13.708094699,43.9892728556,13.708094699,44.2959749783
13.708094699,44.4513693581,13.708094699,44.7580714809
17.0532308084,40.2597899659,16.5642568562,40.2597899659
12.84896101,51.0433986467,13.534439295,51.0433986467
16.7653306676,40.2597899659,16.7653306676,41.8955279203
16.8795768468,40.2597899659,16.8795768468,41.8955279203
16.8795768468,40.3333990765,16.7653306676,40.3333990765
13.708094699,39.8508547793,16.5642568562,39.8508547793
13.534439295,38.9307512959,12.84896101,38.9307512959
12.84896101,38.9307512959,12.84896101,39.5441554949
12.84896101,39.5441554949,13.534439295,39.5441554949
13.534439295,39.5441554949,13.534439295,38.9307512959
13.708094699,39.8508547793,13.708094699,38.6240520115
13.2739576546,38.8530555019,13.2693881295,38.8775899799
13.2693881295,38.8775899799,13.2556782046,38.9021272962
13.2556782046,38.9021272962,13.2328292758,38.9184854761
13.2328292758,38.9184854761,13.2054108219,38.9266617277
13.2054108219,38.9266617277,13.1779909256,38.9266617277
13.1779909256,38.9266617277,13.1505724716,38.9184854761
13.1505724716,38.9184854761,13.127722147,38.9021272962
13.127722147,38.9021272962,13.114013618,38.8775899799
13.114013618,38.8775899799,13.1094426969,38.8530555019
13.1094426969,38.8530555019,13.114013618,38.8285182321
13.114013618,38.8285182321,13.127722147,38.8039837541
13.127722147,38.8039837541,13.1505724716,38.7876255278
13.1505724716,38.7876255278,13.1779909256,38.7794464378
13.1779909256,38.7794464378,13.2054108219,38.7794464378
13.2054108219,38.7794464378,13.2328292758,38.7876255278
13.2328292758,38.7876255278,13.2556782046,38.8039837541
13.2556782046,38.8039837541,13.2693881295,38.8285182321
13.2693881295,38.8285182321,13.2739576546,38.8530555019
17.0532308084,44.3491362943,16.5642568562,44.3491362943
17.0532308084,41.8955279203,16.5642568562,41.8955279203
17.0532308084,42.7133983399,16.5642568562,42.7133983399
17.0532308084,42.7133983399,17.0532308084,44.3491362943
16.8795768468,41.8178321728,16.7653306676,41.8178321728
16.8795768468,42.7133983399,16.8795768468,44.3491362943
16.8795768468,42.7910941339,16.7653306676,42.7910941339
16.7927491215,44.271437662,16.7927491215,42.7910941339
17.0532308084,42.7133983399,17.0532308084,41.8955279203
16.7653306676,42.7133983399,16.7653306676,44.3491362943
13.2739576546,44.9870749713,13.2693881295,45.0116094493
13.2693881295,45.0116094493,13.2556782046,45.0361467191
13.2556782046,45.0361467191,13.2328292758,45.0525049455
13.2328292758,45.0525049455,13.2054108219,45.0606811971
13.2054108219,45.0606811971,13.1779909256,45.0606811971
13.1779909256,45.0606811971,13.1505724716,45.0525049455
13.1505724716,45.0525049455,13.127722147,45.0361467191
13.127722147,45.0361467191,13.114013618,45.0116094493
13.114013618,45.0116094493,13.1094426969,44.9870749713
13.1094426969,44.9870749713,13.114013618,44.962537655
13.114013618,44.962537655,13.127722147,44.938003177
13.127722147,44.938003177,13.1505724716,44.9216449971
13.1505724716,44.9216449971,13.1779909256,44.9134659072
13.1779909256,44.9134659072,13.2054108219,44.9134659072
13.2054108219,44.9134659072,13.2328292758,44.9216449971
13.2328292758,44.9216449971,13.2556782046,44.938003177
13.2556782046,44.938003177,13.2693881295,44.962537655
13.2693881295,44.962537655,13.2739576546,44.9870749713
20.6634194791,51.3132919566,19.8911135155,51.3132919566
16.8795768468,44.271437662,16.7653306676,44.271437662
16.5642568562,42.7133983399,16.5642568562,44.3491362943
16.5642568562,41.8955279203,16.5642568562,42.7133983399
13.708094699,44.7580714809,16.5642568562,44.7580714809
12.84896101,45.0647707653,12.84896101,44.909376339
13.534439295,45.0647707653,13.534439295,44.909376339
27.1480483613,51.2110588463,27.1480483613,51.3132919566
23.6475376939,51.6813344853,24.5615097331,51.6813344853
27.1480483613,51.3132919566,27.7467017593,51.3132919566
24.5615097331,51.6813344853,26.3894537184,51.6813344853
26.9743957956,51.1088257825,26.9743957956,51.2110588463
26.9743957956,51.2110588463,26.9743957956,51.6813344853
27.7467017593,51.3132919566,27.7467017593,51.6813344853
27.1480483613,51.1579003686,27.1480483613,51.2110588463
24.5615097331,51.83673175,26.3894537184,51.83673175
24.5615097331,52.1188937181,24.5615097331,51.6813344853
26.3894537184,52.1188937181,26.3894537184,51.6813344853
26.9743957956,51.2110588463,27.1480483613,51.2110588463
27.0155241744,51.6813344853,26.3894537184,51.6813344853
21.8195937086,52.1188937181,21.8195937086,51.6813344853
21.8195937086,51.6813344853,23.6475376939,51.6813344853
23.6475376939,52.1188937181,23.6475376939,51.6813344853
20.6177216216,51.6813344853,21.8195937086,51.6813344853
23.6475376939,51.83673175,21.8195937086,51.83673175
20.6634194791,51.6813344853,20.6634194791,51.3132919566
13.708094699,45.9848742487,13.708094699,50.8920909502
13.708094699,45.9848742487,13.708094699,46.2915763715
13.708094699,46.4428812296,13.708094699,46.7495833058
13.708094699,46.9049777321,13.708094699,47.2116798549
13.708094699,47.362984713,13.708094699,47.6696839509
13.708094699,47.8250812156,13.708094699,48.1317805
13.708094699,48.2830881964,13.708094699,48.5897874343
13.708094699,48.745184699,13.708094699,49.0518839834
13.708094699,49.2031916798,13.708094699,49.5098909177
13.708094699,49.6652881824,13.708094699,49.9719874668
13.708094699,50.1232951633,13.708094699,50.4299944012
13.708094699,50.5853916658,13.708094699,50.8920909502
17.0532308084,48.4711961441,17.0532308084,44.3491362943
16.7653306676,48.5488976148,16.7653306676,48.4711961441
19.8911135155,51.6813344853,19.8911135155,51.3132919566
13.708094699,45.9848742487,16.5642568562,45.9848742487
17.0532308084,50.483158602,16.5642568562,50.483158602
17.0532308084,48.4711961441,16.5642568562,48.4711961441
16.7653306676,50.4054571314,16.7653306676,50.3563881754
16.7653306676,48.5488976148,16.8795768468,48.5488976148
16.8795768468,48.5488976148,16.8795768468,48.4711961441
16.8795768468,50.4054571314,16.7653306676,50.4054571314
17.4782288489,51.6813344853,19.3061714383,51.6813344853
19.3061714383,51.6813344853,19.9322418943,51.6813344853
17.0075329043,51.3500979311,17.0075329043,51.7181404598
19.3061714383,52.1188937181,19.3061714383,51.6813344853
17.0532308084,51.3132919566,17.0532308084,50.483158602
16.8795768468,50.4054571314,16.8795768468,50.483158602
17.4325295489,51.7181404598,17.4325295489,51.3500979311
17.3045734448,51.5341163571,17.3000039662,51.5586536269
17.3000039662,51.5586536269,17.2862939948,51.5831909432
17.2862939948,51.5831909432,17.263445066,51.5995491696
17.263445066,51.5995491696,17.2360252162,51.6077282596
17.2360252162,51.6077282596,17.2086067623,51.6077282596
17.2086067623,51.6077282596,17.1811868659,51.5995491696
17.1811868659,51.5995491696,17.1583379372,51.5831909432
17.1583379372,51.5831909432,17.1446280123,51.5586536269
17.1446280123,51.5586536269,17.1400584871,51.5341163571
17.1400584871,51.5341163571,17.1446280123,51.5095790408
17.1446280123,51.5095790408,17.1583379372,51.4850474012
17.1583379372,51.4850474012,17.1811868659,51.4686892213
17.1811868659,51.4686892213,17.2086067623,51.4605100848
17.2086067623,51.4605100848,17.2360252162,51.4605100848
17.2360252162,51.4605100848,17.263445066,51.4686892213
17.263445066,51.4686892213,17.2862939948,51.4850474012
17.2862939948,51.4850474012,17.3000039662,51.5095790408
17.3000039662,51.5095790408,17.3045734448,51.5341163571
17.0075329043,51.3500979311,17.4325295489,51.3500979311
17.0532308084,51.3132919566,17.4782288489,51.3132919566
17.4782288489,51.3132919566,17.4782288489,52.1188937181
17.0075329043,51.7181404598,17.4325295489,51.7181404598
17.4782288489,51.83673175,19.3061714383,51.83673175
14.2793268512,51.1987901882,16.5642568562,51.1987901882
13.708094699,50.8920909502,16.5642568562,50.8920909502
13.708094699,50.8920909502,13.708094699,51.1987901882
13.534439295,51.0433986467,13.534439295,51.3500979311
13.2693881295,51.2396857309,13.3196569546,51.2396857309
13.708094699,51.1987901882,14.2793268512,51.1987901882
13.3196569546,51.2396857309,13.3196569546,51.3500979311
13.0683143181,51.3500979311,13.0683143181,51.2396857309
13.0683143181,51.2396857309,13.1185830966,51.2396857309
26.3894537184,52.1188937181,28.9028745928,52.1188937181
13.2739576546,51.2764916588,13.2693881295,51.3010232985
13.2693881295,51.3010232985,13.2556782046,51.3255606148
13.2556782046,51.3255606148,13.2328292758,51.3419187946
13.2328292758,51.3419187946,13.2054108219,51.3500979311
13.2054108219,51.3500979311,13.1779909256,51.3500979311
13.1779909256,51.3500979311,13.1505724716,51.3419187946
13.1505724716,51.3419187946,13.127722147,51.3255606148
13.127722147,51.3255606148,13.114013618,51.3010232985
13.114013618,51.3010232985,13.1094426969,51.2764916588
13.1094426969,51.2764916588,13.114013618,51.251954389
13.114013618,51.251954389,13.127722147,51.2274170727
13.127722147,51.2274170727,13.1505724716,51.2110588463
13.1505724716,51.2110588463,13.1779909256,51.2028797564
13.1779909256,51.2028797564,13.2054108219,51.2028797564
13.2054108219,51.2028797564,13.2328292758,51.2110588463
13.2328292758,51.2110588463,13.2556782046,51.2274170727
13.2556782046,51.2274170727,13.2693881295,51.251954389
13.2693881295,51.251954389,13.2739576546,51.2764916588
28.989703714,51.9144274975,30.6439922953,51.9144274975
31.6447905708,52.1188937181,33.9297191798,52.1188937181
33.9297191798,52.1188937181,35.5291708999,52.1188937181
30.7308185781,52.1188937181,28.9028745928,52.1188937181
31.6447905708,52.1188937181,30.7308185781,52.1188937181
30.7308185781,51.9389648138,28.9028745928,51.9389648138
19.3061714383,52.1188937181,21.8195937086,52.1188937181
24.5615097331,52.1188937181,26.3894537184,52.1188937181
24.5615097331,52.1188937181,23.6475376939,52.1188937181
23.5607100152,51.9144274975,21.9064214338,51.9144274975
21.8195937086,52.1188937181,23.6475376939,52.1188937181
26.3026245973,51.9144274975,24.6483359694,51.9144274975
24.5615097331,51.9389648138,26.3894537184,51.9389648138
23.6475376939,51.9389648138,21.8195937086,51.9389648138
17.4782288489,52.1188937181,19.3061714383,52.1188937181
16.5642568562,52.1188937181,17.4782288489,52.1188937181
19.2193451555,51.9144274975,17.5604856065,51.9144274975
17.4782288489,51.9389648138,19.3061714383,51.9389648138
14.2793268512,52.1188937181,16.5642568562,52.1188937181
12.6798765737,21.4487964177,12.6798765737,21.7554970981
12.6798765737,21.9068033986,12.6798765737,22.2135040789
12.6798765737,22.3688999011,12.6798765737,22.6756005815
12.6798765737,22.826906882,12.6798765737,23.1336075623
12.6798765737,23.2890019887,12.6798765737,23.5957040649
12.6798765737,23.747008923,12.6798765737,24.0537096499
12.6798765737,24.2091040297,12.6798765737,24.5158061524
12.6798765737,24.6671110105,12.6798765737,24.9738131333
12.6798765737,25.1292075131,12.6798765737,25.4359096358
12.6798765737,25.5872144939,12.6798765737,25.8939166167
12.6798765737,26.0493109965,12.6798765737,26.3560131193
12.6798765737,33.71683531,12.6798765737,34.0235374327
12.6798765737,34.1748422908,12.6798765737,34.4815444136
12.6798765737,34.6369387934,12.6798765737,34.9436409161
12.6798765737,35.0949457742,12.6798765737,35.4016450587
12.6798765737,35.5570423233,12.6798765737,35.8637415612
12.6798765737,36.0150492577,12.6798765737,36.3217485421
12.6798765737,36.4771458068,12.6798765737,36.7838450447
12.6798765737,36.9351499028,12.6798765737,37.2418520255
12.6798765737,37.3972464518,12.6798765737,37.7039485281
12.6798765737,37.8552533862,12.6798765737,38.1619555089
12.6798765737,38.3173499353,12.6798765737,38.6240520115
12.6798765737,21.4487964177,12.6798765737,26.3560131193
12.6204687447,20.168830938,12.6204687447,20.221992254
12.6798765737,20.2710654442,12.6798765737,21.4487964177
12.6798765737,19.3018901665,12.6798765737,19.3509619608
12.6798765737,19.3509619608,12.7347148774,19.3509619608
12.7347148774,19.3509619608,12.7347148774,19.3018901665
12.7347148774,20.2710654442,12.7347148774,20.168830938
12.7347148774,20.168830938,12.6204687447,20.168830938
12.6798765737,20.2710654442,12.7347148774,20.2710654442
12.6798765737,27.5828158871,12.6798765737,32.4900325886
12.6798765737,27.5828158871,12.6798765737,27.8895179633
12.6798765737,28.0408228214,12.6798765737,28.3475249442
12.6798765737,28.5029193705,12.6798765737,28.8096214468
12.6798765737,28.9609263049,12.6798765737,29.2676255893
12.6798765737,29.423022854,12.6798765737,29.7297221384
12.6798765737,29.8810298348,12.6798765737,30.1877290727
12.6798765737,30.3431263374,12.6798765737,30.6498256218
12.6798765737,30.8011304799,12.6798765737,31.1078325561
12.6798765737,31.2632269825,12.6798765737,31.5699291052
12.6798765737,31.7212339633,12.6798765737,32.0279360396
12.6798765737,32.1833304659,12.6798765737,32.4900325886
12.6798765737,32.4900325886,12.6798765737,33.71683531
12.6798765737,26.3560131193,12.6798765737,27.5828158871
12.6798765737,52.1188937181,12.6798765737,50.8920909502
12.9814865928,8.26883313201,16.9252747043,8.26883313201
12.6798765737,45.9848742487,12.6798765737,44.7580714809
12.6798765737,39.8508547793,12.6798765737,44.7580714809
12.6798765737,38.6240520115,12.6798765737,39.8508547793
12.6798765737,39.8508547793,12.6798765737,40.1575569021
12.6798765737,40.3088617602,12.6798765737,40.615563883
12.6798765737,40.7709582628,12.6798765737,41.0776603855
12.6798765737,41.2289652436,12.6798765737,41.5356673664
12.6798765737,41.6910617462,12.6798765737,41.9977610306
12.6798765737,42.149068727,12.6798765737,42.4557680115
12.6798765737,42.6111652296,12.6798765737,42.917864514
12.6798765737,43.0691722105,12.6798765737,43.3758714949
12.6798765737,43.5312658747,12.6798765737,43.8379679975
12.6798765737,43.9892728556,12.6798765737,44.2959749783
12.6798765737,44.4513693581,12.6798765737,44.7580714809
20.2886916596,14.5337125032,20.2886916596,14.3415121489
20.3480994885,14.3415121489,20.3480994885,0.58086204759
16.9252747043,15.9404470137,16.9252747043,16.0426800775
19.9642312693,14.6604814874,20.019069573,14.6604814874
20.019069573,14.6604814874,20.019069573,14.5337125032
19.9048234404,14.5337125032,20.019069573,14.5337125032
18.9360130974,14.5337125032,18.876605315,14.5337125032
18.876605315,14.5337125032,18.876605315,14.6604814874
18.876605315,14.6604814874,18.9360130974,14.6604814874
18.9360130974,14.6604814874,18.9360130974,14.5337125032
22.4045357857,14.5337125032,22.4593726936,14.5337125032
22.4593726936,14.5337125032,22.4593726936,14.6604814874
22.4593726936,14.6604814874,22.4045357857,14.6604814874
22.4045357857,14.6604814874,22.4045357857,14.5337125032
12.6798765737,45.9848742487,12.6798765737,50.8920909502
12.6798765737,45.9848742487,12.6798765737,46.2915763715
12.6798765737,46.4428812296,12.6798765737,46.7495833058
12.6798765737,46.9049777321,12.6798765737,47.2116798549
12.6798765737,47.362984713,12.6798765737,47.6696839509
12.6798765737,47.8250812156,12.6798765737,48.1317805
12.6798765737,48.2830881964,12.6798765737,48.5897874343
12.6798765737,48.745184699,12.6798765737,49.0518839834
12.6798765737,49.2031916798,12.6798765737,49.5098909177
12.6798765737,49.6652881824,12.6798765737,49.9719874668
12.6798765737,50.1232951633,12.6798765737,50.4299944012
12.6798765737,50.5853916658,12.6798765737,50.8920909502
14.7911511746,16.23897,16.5048475848,16.23897
16.5642568562,16.4189003002,16.5048475848,16.4189003002
16.5048475848,16.4189003002,16.5048475848,16.2144326837
16.5048475848,16.2144326837,16.5642568562,16.2144326837
16.5642568562,16.2144326837,16.5642568562,16.4189003002
33.1299961582,49.0518839834,32.2708610733,49.0518839834
34.2313320373,41.8260084244,34.0028369337,41.8260084244
16.9252747043,8.26883313201,16.9252747043,15.0203434837
20.2064335061,8.26883313201,20.2064335061,14.3415121489
20.2064335061,14.3415121489,20.2612718098,14.3415121489
20.2612718098,14.3415121489,20.2612718098,14.5337125032
20.2886916596,14.3415121489,20.3480994885,14.3415121489
12.9220787639,38.5708906955,12.7804127814,38.5708906955
20.2064335061,8.26883313201,17.0623712081,8.26883313201
17.0623712081,8.26883313201,17.0623712081,14.5337125032
17.0623712081,15.0203434837,16.9252747043,15.0203434837
16.9252747043,15.0203434837,16.9252747043,15.0694181164
16.9252747043,15.0694181164,17.0623712081,15.0694181164
17.0623712081,15.0694181164,17.0623712081,15.0203434837
17.0623712081,15.9895187615,17.0623712081,16.0426800775
17.0623712081,16.0426800775,16.9252747043,16.0426800775
18.9360130974,14.5337125032,18.9405826226,14.4437466551
17.121779037,14.6604814874,17.121779037,14.5337125032
17.0623712081,14.6604814874,17.0623712081,15.0203434837
21.3763176604,14.6604814874,21.3169098315,14.6604814874
21.3169098315,14.6604814874,21.3169098315,14.5337125032
18.876605315,14.5950515132,17.121779037,14.5950515132
26.9743957956,14.6604814874,26.9743957956,14.5337125032
26.9195560494,14.5950515132,22.459374136,14.5950515132
20.019069573,14.5950515132,21.3169098315,14.5950515132
22.459374136,14.6604814874,26.9743957956,14.6604814874
22.459374136,14.5337125032,26.9743957956,14.5337125032
16.5048475848,16.3943644263,14.7911511746,16.3943644263
20.019069573,14.6604814874,21.3169098315,14.6604814874
20.019069573,14.5337125032,21.3169098315,14.5337125032
12.8535305352,21.4978681655,12.8535305352,22.9291399458
14.7363128243,16.5415811586,14.7363128243,16.1040204834
14.7911511746,16.4189003002,14.7363128243,16.4189003002
14.7363128243,16.4189003002,14.7363128243,16.2144326837
14.7363128243,16.2144326837,14.7911511746,16.2144326837
14.7911511746,16.2144326837,14.7911511746,16.4189003002
16.5048475848,16.3166671899,14.7911511746,16.3166671899
16.9252747043,16.0426800775,16.9252747043,16.1040204834
17.0532308084,16.1040204834,17.0532308084,16.0426800775
17.0623712081,15.0203434837,16.9252747043,15.0203434837
27.7467017593,32.5023012468,26.0467124356,32.5023012468
20.0282100193,0.58086204759,20.0282100193,0.68309566974
22.2765797282,32.5023012468,17.0623712081,32.5023012468
22.2765797282,32.6495165367,26.0467124356,32.6495165367
26.0467124356,32.6495165367,26.0467124356,32.5023012468
26.9743957956,40.8731913731,22.0252384876,40.8731913731
22.0252384876,40.8731913731,22.0252384876,38.5177293795
22.2765797282,32.6495165367,22.2765797282,32.5023012468
22.0252384876,38.5177293795,22.6513089436,38.5177293795
22.6513089436,38.3950485676,17.0532308084,38.3950485676
17.0532308084,38.3950485676,17.0532308084,38.2151168249
17.0532308084,40.2597899659,17.0532308084,38.5177293795
22.6513089436,38.5177293795,22.6513089436,38.3950485676
17.0532308084,38.5177293795,21.8835724586,38.5177293795
21.8835724586,38.5177293795,21.8835724586,40.995872185
21.8835724586,40.995872185,26.9743957956,40.995872185
26.9743957956,33.0298248852,17.0623712081,33.0298248852
17.0623712081,16.1040204834,16.5642568562,16.1040204834
16.5642568562,16.1040204834,16.5642568562,19.3018901665
16.5642568562,19.3018901665,17.0623712081,19.3018901665
17.0623712081,19.3018901665,17.0623712081,16.1040204834
13.2054108219,16.9505149028,13.2054108219,16.5415811586
13.2054108219,16.5415811586,13.0683143181,16.5415811586
27.7375627554,27.3129197388,26.8875666744,27.3129197388
26.8875666744,27.3129197388,26.8875666744,19.3632306189
26.8875666744,19.3632306189,26.9743957956,19.3632306189
26.9743957956,19.3632306189,26.9743957956,16.3043985317
26.9743957956,16.3043985317,27.2760058613,16.3043985317
27.2760058613,16.3043985317,27.2760058613,19.4163919349
13.0683143181,18.7907218696,13.0683143181,18.8929549799
13.0683143181,17.9196901805,12.9677781103,17.9156006122
27.7467017593,36.2154259101,27.7467017593,32.5023012468
13.2054108219,18.8397936639,13.2054108219,18.8929549799
13.2054108219,18.8929549799,13.0683143181,18.8929549799
13.2054108219,16.999588093,13.2054108219,16.9505149028
13.2054108219,16.9505149028,13.0683143181,16.9505149028
13.0683143181,19.3018901665,13.2054108219,19.3018901665
13.2054108219,19.3018901665,13.2054108219,18.8929549799
13.0683143181,19.3018901665,13.0683143181,18.8929549799
17.0623712081,32.5023012468,17.0623712081,32.0810973556
13.1368625467,16.5906529064,13.1368625467,16.9505149028
26.9743957956,36.2154259101,27.7467017593,36.2154259101
13.1368625467,19.2487288505,13.1368625467,18.8929549799
26.9743957956,14.7749832559,27.2760058613,14.7749832559
16.1072708366,33.5941544981,16.1621091868,33.5941544981
26.9743957956,37.6998590064,27.7467017593,37.6998590064
16.2215169692,33.4714736397,16.2215169692,33.5941544981
16.5642568562,33.4714736397,16.5642568562,33.5941544981
14.1056728897,33.4714736397,14.0508345394,33.4714736397
14.0508345394,33.4714736397,14.0508345394,33.5941544981
16.5048475848,33.5328140456,16.2215169692,33.5328140456
14.0508345394,33.4714736397,13.708094699,33.4714736397
13.708094699,33.4714736397,13.708094699,33.5941544981
12.9220787639,37.0905471674,12.9220787639,37.1396189152
12.9220787639,37.1396189152,12.7804127814,37.1396189152
13.7629330027,33.5328140456,14.0508345394,33.5328140456
12.7804127814,37.0373858514,12.7804127814,37.1396189152
12.7804127814,36.170443684,12.6798765737,36.1663541158
12.7804127814,38.6240520115,12.7804127814,37.1396189152
12.9220787639,33.7659071043,12.7804127814,33.7659071043
12.9220787639,38.6240520115,12.9220787639,37.1396189152
12.9220787639,35.2503402006,12.9220787639,35.1971788846
12.9220787639,35.1971788846,12.7804127814,35.1971788846
13.7629330027,39.6341199471,13.7629330027,39.7568008055
12.8535305352,35.1971788846,12.8535305352,33.7659071043
12.8535305352,38.5708906955,12.8535305352,37.1396189152
15.1064711652,39.6341199471,15.1064711652,39.7568008055
13.7629330027,39.695460353,15.1064711652,39.695460353
12.9220787639,32.4368712726,12.7804127814,32.4368712726
12.7804127814,32.4368712726,12.7804127814,32.4900325886
12.7804127814,32.4900325886,12.9220787639,32.4900325886
12.9220787639,32.4900325886,12.9220787639,32.4368712726
16.5048475848,39.6341199471,16.5048475848,39.7568008055
12.8535305352,32.4368712726,12.8535305352,31.0055994923
15.1613094689,39.695460353,16.5048475848,39.695460353
12.9220787639,31.0055994923,12.7804127814,31.0055994923
12.9220787639,29.5252559177,12.7804127814,29.5252559177
12.7804127814,29.5252559177,12.7804127814,29.4720917634
12.7804127814,29.4720917634,12.9220787639,29.4720917634
12.9220787639,29.4720917634,12.9220787639,29.5252559177
12.7804127814,32.4368712726,12.7804127814,29.5252559177
12.9220787639,27.5828158871,12.7804127814,27.5828158871
12.7804127814,27.5828158871,12.7804127814,29.4720946017
12.9220787639,32.4368712726,12.9220787639,29.5252559177
12.8535305352,29.5252559177,12.8535305352,30.956527698
12.9220787639,27.5828158871,12.9220787639,29.4720946017
12.9220787639,21.4978681655,12.7804127814,21.4978681655
12.7804127814,21.4978681655,12.7804127814,21.4487992561
12.7804127814,21.4487992561,12.9220787639,21.4487992561
12.9220787639,21.4487992561,12.9220787639,21.4978681655
12.8535305352,29.4720946017,12.8535305352,27.6318876349
12.9220787639,22.9291399458,12.7804127814,22.9291399458
12.9220787639,24.4135730421,12.9220787639,21.4978681655
12.7804127814,24.4135730421,12.7804127814,21.4978681655
12.8535305352,24.4135730421,12.8535305352,22.9823012618
12.9220787639,24.4135730421,12.7804127814,24.4135730421
12.7804127814,24.4135730421,12.7804127814,24.4626419981
12.7804127814,24.4626419981,12.9220787639,24.4626419981
12.9220787639,24.4626419981,12.9220787639,24.4135730421
12.9220787639,24.4626448364,12.9220787639,26.3560131193
12.9220787639,26.3560131193,12.7804127814,26.3560131193
12.7804127814,26.3560131193,12.7804127814,24.4626448364
12.8535305352,24.4626448364,12.8535305352,26.3028518033
27.1480483613,49.2686188157,27.1480483613,49.3176934018
26.9743957956,49.3708518795,26.9743957956,49.2686188157
27.7467017593,37.6998590064,27.7467017593,37.6466976904
26.9743957956,37.597625896,26.9743957956,37.6998590064
26.9743957956,36.2726767478,26.9743957956,36.2154259101
27.7467017593,36.2154259101,27.7467017593,36.2440527481
26.9743957956,40.995872185,26.9743957956,49.2686188157
27.1160618246,47.9845680019,27.1160618246,48.8474178093
27.1480483613,49.2686188157,27.1480483613,48.8474178093
27.7467017593,47.9845680019,27.1160618246,47.9845680019
34.674608132,30.0854960089,34.674608132,32.7967318265
16.7653306676,48.5488976148,16.7653306676,48.5979665708
30.8770540858,51.0025031505,30.8770540858,51.0556616282
30.8770540858,51.0556616282,31.5625338131,51.0556616282
31.5625338131,51.0556616282,31.5625338131,51.0025031505
35.0813253265,26.6627124037,35.0813253265,20.5900333402
35.0813253265,20.5900333402,34.7614344149,20.5900333402
35.0813253265,32.7967318265,35.0813253265,27.2761137644
34.7614344149,32.7967318265,34.7614344149,27.2761137644
35.0813253265,45.0647707653,35.0813253265,39.5441554949
35.0813253265,33.4101360721,35.0813253265,38.9307512959
34.7614344149,45.0647707653,34.7614344149,39.5441554949
16.7653306676,50.4054571314,16.7653306676,48.5979665708
12.7804127814,22.9823012618,12.9220787639,22.9823012618
12.7804127814,26.3028518033,12.9220787639,26.3028518033
12.7804127814,27.6318876349,12.9220787639,27.6318876349
16.5642568562,39.7568008055,16.5642568562,39.6341199471
12.7804127814,30.956527698,12.9220787639,30.956527698
15.1613094689,39.7568008055,15.1613094689,39.6341199471
16.5642568562,39.7568008055,13.708094699,39.7568008055
13.708094699,39.7568008055,13.708094699,39.6341199471
13.708094699,39.6341199471,16.5642568562,39.6341199471
12.7804127814,35.1971788846,12.7804127814,33.71683531
12.7804127814,33.71683531,12.9220787639,33.71683531
12.9220787639,33.71683531,12.9220787639,35.1971788846
12.7804127814,38.6240520115,12.9220787639,38.6240520115
12.7804127814,35.1971788846,12.7804127814,35.2994119483
16.5048475848,33.5941544981,16.5048475848,33.4714736397
13.7629330027,33.5941544981,13.7629330027,33.4714736397
14.0508345394,33.5941544981,14.1650807186,33.5941544981
13.708094699,33.5941544981,14.0508345394,33.5941544981
16.5642568562,33.5941544981,16.1621091868,33.5941544981
16.1621091868,33.5941544981,16.1621091868,33.4714736397
16.1621091868,33.4714736397,16.5642568562,33.4714736397
13.0683143181,16.5906529064,13.2054108219,16.5906529064
13.0683143181,19.2487288505,13.2054108219,19.2487288505
13.0683143181,16.5415811586,13.0683143181,16.9505149028
13.0683143181,16.9505149028,13.0683143181,17.052749409
21.3169098315,14.5337125032,21.4311559641,14.5337125032
26.9195560494,14.5337125032,26.9195560494,14.6604814874
18.876605315,14.5337125032,17.0623712081,14.5337125032
17.0623712081,14.5337125032,17.0623712081,14.6604814874
17.0623712081,14.6604814874,18.876605315,14.6604814874
29.8031380564,17.7642957542,29.8031380564,17.8665288645
31.8458658246,29.3207897436,31.6722104672,29.3207897436
31.8458658246,28.093984184,31.6722104672,28.093984184
29.8031380564,14.3292449332,30.0636197433,14.3292449332
29.8031380564,13.3069083395,30.0636197433,13.3069083395
20.4147222593,25.4995390851,20.4147222593,25.4995390851
20.4628227863,25.7400387427,20.4628227863,25.7400387427
20.4628227863,25.7640904254,20.4628227863,25.7640904254
20.2704221669,25.8362397503,20.2704221669,25.8362397503
14.1038041983,33.4631610552,16.1800946604,33.4631610552
29.9456929946,33.0940223262,29.9456929946,34.0785475718
26.9766620858,37.712329279,26.9766620858,36.2210689289
29.9323451661,46.4487627612,29.9124483332,45.473762765
29.9522419525,44.9166211065,29.9522419525,43.9814175214
26.9874482981,51.0849871142,26.9675486269,49.194683111
29.7800548492,13.2606807845,29.7800548492,14.50308776
29.8154038763,20.3888018852,29.8002327698,17.7639592492
18.9357276824,14.5783142069,20.0345729503,14.5783142069
21.3087861122,14.5944011634,22.4550303744,14.5944011634
28.1673348205,2.67369699564,29.2439232538,2.67369699564
31.4954453237,10.4998428236,31.4867976301,11.5894589125
29.8687270702,26.0189886983,29.8687270702,27.0342310491
29.7963193176,4.85858973402,29.7963193176,7.21459380213
16.9947644209,15.0263003474,16.9947644209,16.1045501809
12.692344008,38.6490891531,12.692344008,33.757767751
29.7877341138,7.01243295687,29.7877341138,2.75920536276
