0.1537,18.2030,0.1537,20.5280
-0.0940,18.4640,-0.0940,20.5280
0.1537,23.1840,-0.0940,23.1840
0.1537,20.5280,-0.0940,20.5280
-0.0940,23.1840,-0.0802,33.2420
0.1537,23.1840,0.1537,33.2420
0.1537,35.8980,-0.0802,35.8980
0.1537,33.2420,-0.0802,33.2420
-0.0802,35.8980,-0.0940,47.4830
0.1537,35.8980,0.1674,47.4830
0.1674,47.4830,-5.1575,47.4560
18.4810,48.4190,22.3610,48.4460
24.9480,48.1020,27.9890,48.1160
17.8210,37.9890,17.8210,38.2780
23.3110,37.9890,23.3110,38.2780
21.6870,37.9890,21.6870,38.2780
58.5630,18.5050,58.5630,23.1970
58.7690,18.5050,58.7690,23.1970
17.8210,38.2780,16.9950,38.2780
21.6870,37.9890,22.4990,37.9890
23.3110,38.2780,22.4990,38.2780
10.2940,18.2440,9.8816,18.2440
6.2216,18.2440,5.8088,18.2440
1.3232,18.2440,4.9970,18.2440
9.0698,18.2440,7.0334,18.2440
10.2940,18.4500,9.8816,18.4500
7.0334,18.4500,9.0698,18.4500
6.2216,18.4500,5.8088,18.4500
4.9970,18.4500,1.3232,18.4500
19.4440,18.2440,19.0320,18.2440
15.3720,18.2440,14.9730,18.2440
27.1770,18.2440,24.1230,18.2440
12.3170,18.2440,14.1470,18.2440
17.8210,18.2440,18.2200,18.2440
21.6870,18.2440,20.2560,18.2440
12.3170,18.4500,14.1470,18.4500
18.2200,18.4500,17.8210,18.4500
15.3720,18.4500,14.9730,18.4500
20.2560,18.4500,21.6870,18.4500
19.4440,18.4500,19.0320,18.4500
18.2200,18.4500,17.8210,18.4500
15.3720,18.4500,14.9730,18.4500
27.0530,18.4500,24.1230,18.4500
24.1230,18.4500,27.1770,18.4500
47.9270,18.2440,47.5140,18.2440
47.9270,18.4500,47.5140,18.4500
51.9990,18.2440,51.5870,18.2440
51.9990,18.4500,51.5870,18.4500
56.5680,18.4500,56.8570,18.4500
56.8570,18.2440,56.5680,18.2440
54.6410,18.4500,52.8110,18.4500
54.6410,18.2440,52.8110,18.2440
48.9450,18.4500,50.7750,18.4500
48.7380,18.2440,49.1510,18.2440
48.7380,18.4500,49.1510,18.4500
46.7020,18.2440,45.2850,18.2440
46.7020,18.4500,45.2850,18.4500
42.8360,18.4500,39.7810,18.4500
42.8360,18.2440,39.7810,18.2440
37.4420,18.4500,38.1570,18.4500
38.1570,18.2440,37.4420,18.2440
34.2910,18.2440,35.4190,18.2440
35.4190,18.4500,34.2910,18.4500
32.6670,18.2440,31.5530,18.2440
31.5530,18.4500,32.6670,18.4500
28.8010,18.2440,29.5160,18.2440
29.5160,18.4500,28.1820,18.4500
61.6590,22.8260,61.6590,21.8080
61.4520,22.8260,61.4520,21.8080
61.6590,24.6560,61.6590,23.8440
61.4520,24.6560,61.4520,23.8440
61.6590,31.7830,61.6590,32.5810
61.4520,34.6320,61.4520,33.6000
61.4520,32.5810,61.4520,31.7830
61.6590,33.6000,61.6590,34.6320
1.3232,38.1820,2.6854,38.1820
2.4790,38.1820,2.4790,47.4830
0.3050,37.3010,0.3050,35.5950
0.4977,37.3010,0.4977,35.5950
0.3050,19.2070,0.3050,20.8450
0.4977,19.2070,0.4977,20.8450
0.3050,24.9040,0.3050,25.3160
0.5114,24.9040,0.5114,25.3160
0.3050,27.4490,0.3050,26.1280
0.4977,27.4490,0.4977,26.1280
0.2913,31.5220,0.2913,31.1090
0.4977,31.5220,0.4977,31.1090
0.3050,28.9760,0.3050,30.2970
0.4977,28.9760,0.4977,30.2970
27.9890,38.2780,27.9890,48.1160
35.2820,18.2440,35.2820,16.8270
35.2820,16.8270,31.6770,16.8270
31.6770,16.8270,31.6770,18.2440
31.9790,17.4460,31.9790,18.2440
32.2820,17.1430,34.6760,17.1430
34.9790,17.4460,34.9790,18.2440
32.2820,17.1430,32.2820,17.4460
32.2820,17.4460,31.9790,17.4460
34.9790,17.4460,34.6760,17.4460
34.6760,17.4460,34.6760,17.1430
61.3150,39.3100,61.3150,40.3280
61.1220,46.6440,61.4250,46.6440
61.4250,46.6440,61.4250,47.6620
61.1220,47.6620,61.1220,46.6440
61.4250,39.3100,61.4250,38.2920
61.1220,39.3100,61.1220,38.2780
58.7690,23.1970,58.7690,25.8530
54.9580,18.5050,54.8340,18.5050
61.3970,33.9440,57.8060,33.9440
57.8060,33.9440,57.8060,33.8340
57.6820,34.0120,57.6820,33.8340
61.3970,33.9440,61.3970,34.0810
57.8060,30.4070,61.3970,30.4070
57.8060,33.8340,57.6820,33.8340
57.6820,32.8150,57.8060,32.8150
57.8060,32.8150,57.8060,30.4070
57.6820,32.8150,57.6820,30.2840
61.3970,34.0810,57.8060,34.0810
57.6820,34.0120,57.6820,34.1640
61.3970,34.0810,61.3970,33.9440
57.8060,37.6040,61.3970,37.6040
57.8060,34.1640,57.6820,34.1640
57.6820,35.1820,57.8060,35.1820
57.8060,35.1820,57.8060,37.6040
57.6820,35.1820,57.6820,37.9200
58.4660,18.5050,58.4660,23.3080
61.3970,25.8530,61.1500,25.8530
61.1500,25.8530,61.1500,25.9770
60.1310,25.9770,60.1310,25.8530
9.0010,18.5190,9.0010,23.1700
60.1310,25.9770,58.6320,25.9770
61.1500,25.9770,61.3970,25.9770
60.1310,25.8530,58.7690,25.8530
57.6820,30.2840,58.6320,30.2840
34.2910,37.9200,32.6670,37.9200
34.2910,38.2780,32.6670,38.2780
32.6670,38.2780,32.6670,37.9200
34.2910,37.9200,34.2910,38.2780
61.7690,31.1090,62.8280,31.1090
62.8280,31.1090,62.8280,32.9390
62.8280,32.9390,61.7690,32.9390
61.7690,31.3160,62.6220,31.3160
62.6220,31.3160,62.6220,32.7470
62.6220,32.7470,61.7690,32.7470
61.7690,23.4860,62.8280,23.4860
62.8280,23.4860,62.8280,25.3160
62.8280,25.3160,61.7690,25.3160
61.7690,23.6930,62.6220,23.6930
62.6220,23.6930,62.6220,25.1100
62.6220,25.1100,61.7690,25.1100
61.4520,38.2780,60.5990,38.2780
57.4620,37.9200,58.6730,37.9200
44.4730,38.2780,45.2850,38.2780
38.1570,38.2780,39.7810,38.2780
38.1570,37.9200,38.1570,38.2780
39.7810,37.9200,39.7810,38.2780
43.6470,37.9200,43.6470,38.2780
45.2850,37.9200,45.2850,38.2780
43.6470,38.2780,44.4730,38.2780
53.7740,37.9200,56.4440,37.9200
53.7740,38.2780,56.4440,38.2780
50.7200,38.2780,50.7200,37.9200
49.1510,37.9200,49.1510,38.2780
49.9630,38.2780,50.7200,38.2780
53.7740,38.2780,53.7740,37.9200
57.4620,37.9200,57.4620,38.2780
56.4440,37.9200,56.4440,38.2780
56.8570,18.2440,56.8570,18.5050
0.3050,18.2440,1.3232,18.2440
16.1830,18.2440,17.8210,18.2440
21.6870,18.2440,23.3110,18.2440
27.1770,18.2440,28.8010,18.2440
32.6670,18.2440,34.2910,18.2440
38.1570,18.2440,39.7810,18.2440
43.6470,18.2440,45.2850,18.2440
49.1510,18.2440,50.7750,18.2440
54.6410,18.2440,55.7560,18.2440
56.8570,18.2440,61.6590,18.2440
16.1830,18.5050,17.8210,18.5050
21.6870,18.5050,23.3110,18.5050
38.1570,18.5050,38.6940,18.5050
54.6410,18.5050,55.7560,18.5050
56.8570,18.5050,61.3970,18.5050
61.3970,37.9200,61.3970,35.4430
61.3970,23.8440,61.3970,22.8260
61.3970,26.5410,61.3970,25.4680
61.3970,33.6000,61.3970,32.5810
50.2380,18.5050,50.2380,18.8220
50.2380,18.8220,49.6740,18.8220
49.6740,18.8220,49.6740,18.5050
44.7480,18.5050,44.7480,18.8220
44.7480,18.8220,44.1840,18.8220
44.1840,18.8220,44.1840,18.5050
28.2640,18.5050,28.2640,18.8220
28.2640,18.8220,27.7140,18.8220
27.7140,18.8220,27.7140,18.5050
0.5665,19.2070,0.5665,18.8220
28.2640,18.5050,28.6770,18.5050
34.2910,18.5050,32.6670,18.5050
39.2580,18.5050,39.7810,18.5050
44.7480,18.5050,45.1470,18.5050
50.2380,18.5050,50.6510,18.5050
61.0260,37.9200,61.2600,37.9200
14.0370,47.9920,14.0370,46.7540
9.0010,38.1270,9.0010,33.3520
9.1249,38.1270,9.1249,33.4760
44.7890,47.7170,44.7890,45.9140
44.9960,47.7170,44.9960,45.9140
44.9960,40.5210,44.9960,38.2780
44.7890,40.7270,44.7890,38.2780
58.6730,38.2780,58.6730,37.9200
60.5990,38.2780,60.5990,37.9200
58.6730,38.2780,57.4620,38.2780
60.5990,37.9200,61.3970,37.9200
58.6730,37.7410,60.5990,37.7410
60.5990,37.7410,60.5990,37.9200
58.6730,37.9200,58.6730,37.7410
17.5730,48.4190,18.4810,48.4190
18.4540,50.8950,18.4540,50.6890
18.2610,49.6710,18.4680,49.6710
18.2610,49.6710,18.2750,48.7350
18.4680,49.6710,18.4810,48.7350
17.5730,48.7210,17.5730,48.3910
16.5960,48.5700,16.5960,48.0200
61.2180,23.4860,61.2180,23.1840
61.2180,23.1840,61.2180,23.4860
2.3827,38.2920,2.3827,47.4830
14.1880,48.0200,14.1880,46.7540
14.8350,45.6390,14.8350,40.3010
14.1880,46.7540,14.0370,46.7540
14.0370,45.7220,14.1750,45.7220
1.3232,37.9750,0.8692,37.9750
14.6420,45.2680,14.0370,45.4190
14.7390,45.3090,14.7390,40.6310
10.2260,47.5110,10.9690,47.5240
10.9690,47.5240,10.9690,47.9780
10.9690,47.9780,14.0370,47.9920
14.0370,45.4190,14.0370,45.7220
14.6420,40.6580,14.0510,40.5070
14.0510,40.5070,14.0510,40.2040
14.8350,38.2640,14.1750,38.2640
14.1750,40.3010,14.8350,40.3010
14.7110,38.1270,11.7390,38.1270
14.9450,48.0880,16.5690,48.0880
29.8470,37.9200,33.2310,37.9200
35.4880,36.9020,35.4880,36.2280
35.4610,36.9020,35.4610,36.3930
31.8000,36.9020,31.8000,36.3930
31.7730,36.9020,31.7730,36.2280
33.9330,37.9200,33.9330,34.5630
33.3280,37.7140,33.3280,35.4710
33.9330,34.5630,35.5160,34.5630
30.4250,37.0810,29.8190,37.0810
30.4250,37.1080,29.8190,37.1080
31.8000,36.3650,33.3280,36.3650
31.8000,36.3930,33.3280,36.3930
35.4610,35.4430,33.9330,35.4430
35.4610,35.4710,33.9330,35.4710
35.4610,35.4430,35.4610,35.3060
35.4880,34.7000,35.4880,34.5630
35.4610,34.5630,35.4610,34.7000
35.4610,35.6090,35.4610,35.4710
35.4880,35.6090,35.4880,35.3060
35.4610,35.4710,33.9330,35.4710
35.4610,35.4430,33.9330,35.4430
35.4610,36.3930,33.9330,36.3930
33.9330,36.3650,35.4610,36.3650
35.4610,36.3650,35.4610,36.2280
35.4610,35.4710,35.4610,35.6090
31.8000,35.6090,31.8000,35.4710
31.7730,35.6090,31.7730,35.4710
31.8000,36.3650,31.8000,36.2280
35.4610,37.9200,35.4610,37.8100
35.4880,37.9200,35.4880,37.8100
31.7730,37.9200,31.7730,37.8100
31.8000,37.9200,31.8000,37.8100
29.8190,33.4620,29.8190,36.1040
35.3920,33.8750,33.6310,33.8750
32.1860,33.4620,31.8000,33.4620
27.9200,33.3380,32.1860,33.3380
30.5350,36.2420,30.5350,36.1040
30.5350,36.1040,29.8190,36.1040
30.5350,36.2420,29.8190,36.2420
29.8190,36.2420,29.8190,37.9200
32.1860,33.4620,32.1860,33.3380
37.8550,37.9200,37.8550,35.5810
37.8550,35.5810,36.5890,35.5810
36.5890,35.4430,38.2400,35.4430
35.3920,33.8750,35.3920,33.3380
33.6310,33.8750,33.6310,33.3380
37.1120,33.3380,35.3920,33.3380
37.1120,33.4620,36.7130,33.4620
29.6260,37.9200,29.6260,33.4620
33.6310,33.3380,33.2040,33.3380
33.2040,33.3380,33.2040,33.4620
33.2040,33.4620,33.3280,33.4620
38.1300,33.4620,38.1300,33.3380
38.1300,33.3380,38.3640,33.3380
37.1120,33.4620,37.1120,33.3380
38.2400,33.4620,38.1300,33.4620
31.6770,35.3470,31.6770,35.4710
31.6770,35.4710,33.3280,35.4710
31.6770,35.3470,33.3280,35.3470
33.3280,35.3470,33.3280,33.4620
33.9330,37.9200,37.8550,37.9200
35.5160,34.5630,35.5160,33.4620
28.0580,33.4620,28.0580,34.0810
27.9200,38.2780,27.9200,37.9200
29.6260,33.4620,28.0580,33.4620
19.8020,33.4760,19.8020,37.9610
16.5690,33.4760,16.5690,37.4390
16.4450,33.3520,16.4450,37.4390
31.8000,33.4620,31.8000,33.9710
31.6770,33.4620,31.6770,33.9710
31.6770,33.9710,31.8000,33.9710
31.6770,33.4620,29.8190,33.4620
36.7130,33.4620,36.7130,33.9710
36.5890,33.4620,36.5890,33.9710
36.5890,33.9710,36.7130,33.9710
38.2400,33.4620,38.2400,35.4430
31.0570,33.9160,31.0570,33.5030
31.0570,33.5030,31.5120,33.5030
31.5120,33.5030,31.5120,33.9160
31.5120,33.9160,31.0570,33.9160
35.8460,33.9440,35.8460,33.5450
35.8460,33.5450,36.3000,33.5450
36.3000,33.5450,36.3000,33.9440
36.3000,33.9440,35.8460,33.9440
36.5890,33.4620,35.5160,33.4620
28.0580,34.0810,27.9200,34.0810
27.9200,35.0860,28.0580,35.0860
28.0580,35.0860,28.0580,37.6720
27.9200,34.0810,27.9200,33.3380
36.5890,35.5810,36.5890,35.4430
16.5690,33.4760,18.6740,33.4760
14.1750,40.2040,14.0510,40.2040
14.0510,39.1860,14.1750,39.1860
14.1750,39.1860,14.1750,38.2640
14.0510,39.1860,14.0510,38.2640
16.4450,37.4390,18.2750,37.4390
18.2750,37.4390,18.2750,37.9610
14.7110,38.1270,14.7110,33.4760
14.6150,33.3520,14.8350,33.3520
14.8350,33.3520,14.8350,38.2640
16.4450,33.3520,18.6740,33.3520
19.6920,33.4760,19.6920,33.3520
18.6740,33.4760,18.6740,33.3520
19.9260,37.9610,19.9260,33.3520
40.4970,18.5050,40.6200,18.5050
47.5410,37.9200,47.5410,33.4620
47.5410,33.4620,47.6510,33.4620
50.4720,33.4620,50.4720,37.9200
47.6510,33.4620,47.6510,33.3380
48.6560,33.3380,48.6560,33.4620
48.6560,33.4620,50.4720,33.4620
48.6560,33.3380,50.5270,33.3380
50.5960,37.9200,50.5960,33.4620
50.5270,33.3380,50.6920,33.3380
55.0270,33.4620,55.0270,37.9200
50.6920,33.4620,50.6920,33.3380
51.7110,33.3380,51.7110,33.4620
51.7110,33.4620,55.0270,33.4620
51.7110,33.3380,55.6730,33.3380
19.6920,33.4760,19.8020,33.4760
19.6920,33.3520,19.9260,33.3520
0.6490,27.9450,1.8874,27.9450
0.5665,27.8620,1.8874,27.8620
4.2265,27.8620,6.3592,27.8620
4.2265,27.9450,6.3592,27.9450
0.8692,28.0820,1.8874,28.0820
0.8692,28.0000,1.8874,28.0000
4.2265,28.0000,6.3592,28.0000
4.2265,28.0820,5.8226,28.0820
9.9229,28.0820,9.9229,31.3290
9.9229,27.9450,8.6983,27.9450
9.9229,27.8620,8.6983,27.8620
9.9229,28.0820,8.6983,28.0820
9.9229,28.0000,8.6983,28.0000
10.0470,25.2060,14.4910,25.2060
14.6290,25.0830,14.6290,25.3030
10.0470,25.2060,10.0470,28.1230
14.4910,28.1230,11.7940,28.1230
14.4910,25.3030,14.6290,25.3030
14.6290,26.3210,14.4910,26.3210
14.4910,26.3210,14.4910,28.1230
14.6290,26.3210,14.6290,28.1920
10.0470,31.2060,14.4910,31.2060
14.4910,31.2060,14.4910,31.0950
14.6290,31.3290,14.6290,31.0950
10.0470,31.2060,10.0470,28.2610
14.4910,28.2610,11.7940,28.2610
14.4910,31.0950,14.6290,31.0950
14.6290,30.0770,14.4910,30.0770
14.4910,30.0770,14.4910,28.2610
14.6290,30.0770,14.6290,28.1920
14.6290,25.0830,10.0470,25.0830
14.6290,31.3290,11.6290,31.3290
11.6290,32.4160,11.6290,32.8980
11.6290,31.3980,11.5050,31.3980
11.5050,32.4160,11.6290,32.4160
11.5050,32.8980,11.5050,32.4160
11.5050,31.3290,9.9229,31.3290
11.3130,33.3520,10.2530,33.3520
10.0470,23.9960,10.0470,23.1700
10.0470,25.0140,9.9229,25.0140
9.9229,23.9960,10.0470,23.9960
9.9229,23.6520,9.9229,23.9960
9.9229,23.9960,9.9229,23.1700
9.9229,25.0140,9.9229,27.8620
55.1640,33.7920,55.1640,37.9200
14.6150,33.4760,14.6150,33.3520
13.5970,33.3520,13.5970,33.4760
13.5970,33.4760,10.2530,33.4760
13.5970,33.3520,11.7120,33.3520
12.0970,18.5050,12.0970,23.0320
12.0970,23.0320,11.1200,23.0320
12.1520,23.1700,11.7120,23.1700
12.0970,18.5050,12.2210,18.5050
9.1249,23.0320,9.1249,18.5190
11.1200,23.0320,11.1200,23.1700
10.1020,23.1700,10.1020,23.0320
10.1020,23.0320,9.1249,23.0320
9.9229,23.1700,9.0010,23.1700
9.2349,33.4760,9.2349,33.3520
10.2530,33.4760,10.2530,33.3520
9.2349,33.4760,9.1249,33.4760
9.2349,33.3520,9.0010,33.3520
55.6730,33.3380,55.6730,33.7920
55.6730,33.7920,55.1640,33.7920
47.4180,33.4620,47.4180,37.9200
38.3640,37.9200,38.3640,33.3380
38.3640,33.3380,44.8170,33.3380
47.4180,33.4620,46.2890,33.4620
46.2890,33.4620,46.2890,33.3380
44.8170,33.3380,44.8170,33.4620
44.8170,33.4620,38.3640,33.4620
46.2890,33.3380,47.6510,33.3380
51.9030,23.0320,51.9030,18.5050
50.3480,23.0320,50.6650,23.0320
50.3480,23.1700,50.6650,23.1700
51.9030,18.5050,51.7790,18.5050
54.8340,23.0320,54.8340,18.5050
51.9990,23.0320,51.9990,23.1700
53.0180,23.1700,53.0180,23.0320
53.0180,23.0320,54.8340,23.0320
53.0180,23.1700,55.2330,23.1700
54.9580,18.5050,54.9580,23.0320
54.9580,23.0320,55.6730,23.0320
16.9820,18.8220,16.9820,23.0320
16.9820,23.0320,16.6930,23.0320
12.2210,23.0320,12.2210,18.5050
16.6930,23.0320,16.6930,23.1700
15.6740,23.1700,15.6740,23.0320
15.6740,23.0320,12.2210,23.0320
15.6740,23.1700,12.1520,23.1700
39.0380,29.6090,39.0380,31.2060
39.0380,31.2060,39.0380,28.4120
40.4970,23.0320,40.4970,18.5050
40.4000,23.0320,40.4000,23.1700
39.3820,23.1700,39.3820,23.0320
39.3820,23.0320,37.5790,23.0320
39.3820,23.1700,39.1760,23.1700
29.1170,24.9720,29.1170,28.1510
24.6730,28.1510,27.7830,28.1510
27.7830,28.2750,24.6730,28.2750
24.5350,28.1230,24.5350,28.3570
29.1170,28.2750,29.1170,31.2060
29.1170,31.2060,24.6730,31.2060
24.6730,28.3570,24.5350,28.3570
24.5350,29.3760,24.6730,29.3760
24.6730,29.3760,24.6730,31.2060
24.5350,29.3760,24.5350,31.2060
58.6320,25.2200,55.6730,25.2200
55.5360,31.2060,55.5360,28.4950
47.1700,31.2060,44.2530,31.2060
24.4390,31.3290,33.9190,31.3290
50.3480,31.2060,50.3480,29.5540
50.2240,22.1790,47.3070,22.1790
44.2530,22.1790,44.2530,23.1290
44.2530,26.7470,47.1700,26.7470
44.2530,26.6240,47.1700,26.6240
44.1290,22.0420,45.9180,22.0420
47.3070,31.2060,47.3070,26.7470
50.2240,31.2060,50.2240,29.5540
44.1290,22.0420,44.1290,23.0320
47.1700,31.2060,47.1700,26.7470
45.9180,22.1790,44.2530,22.1790
46.6470,22.0420,50.3480,22.0420
47.1700,26.6240,47.1700,22.1790
47.3070,22.1790,47.3070,26.6240
47.3070,26.6240,50.2240,26.6240
47.3070,26.7470,50.2240,26.7470
44.2530,26.7470,44.2530,27.9310
50.2240,26.6240,50.2240,24.5730
47.3070,31.2060,50.2240,31.2060
44.1290,31.2060,43.9780,31.2060
38.9140,28.4120,38.9140,31.2060
38.9140,31.2060,34.9380,31.2060
29.2410,24.9720,29.2410,28.1510
29.2410,28.1510,33.2040,28.1510
33.2040,28.2750,29.2410,28.2750
33.8230,27.9310,33.8230,28.5640
29.2410,28.2750,29.2410,31.2060
29.2410,31.2060,33.6990,31.2060
33.6990,28.5640,33.8230,28.5640
33.8230,29.5820,33.6990,29.5820
33.6990,29.5820,33.6990,31.2060
33.8230,29.5820,33.8230,31.2060
38.7770,23.1700,37.3460,23.1700
34.3600,23.0320,34.3600,18.5050
37.3460,23.0320,37.3460,23.1700
36.3270,23.1700,36.3270,23.0320
36.3270,23.0320,34.3600,23.0320
36.3270,23.1700,34.3050,23.1700
29.2410,23.1700,29.6130,23.1700
34.2360,23.0320,34.2360,18.5050
29.6130,23.0320,29.6130,23.1700
30.6310,23.1700,30.6310,23.0320
30.6310,23.0320,34.2360,23.0320
30.6310,23.1700,33.2730,23.1700
28.1400,23.0320,27.6310,23.0320
29.1170,23.1700,28.1960,23.1700
25.1680,23.0320,25.1680,18.5050
27.6310,23.0320,27.6310,23.1700
26.6130,23.1700,26.6130,23.0320
26.6130,23.0320,25.1680,23.0320
26.6130,23.1700,25.1000,23.1700
22.1140,18.5050,22.1140,23.0320
22.1140,23.0320,22.7740,23.0320
22.1140,18.5050,21.9900,18.5050
25.0450,23.0320,25.0450,18.5050
22.7740,23.0320,22.7740,23.1700
23.7920,23.1700,23.7920,23.0320
23.7920,23.0320,25.0450,23.0320
23.7920,23.1700,25.1000,23.1700
21.9900,18.5050,21.9900,23.0320
21.9900,23.0320,21.8800,23.0320
22.2930,23.1700,21.8800,23.1700
21.9900,18.5050,22.1140,18.5050
17.1050,23.0320,17.1050,18.8220
21.8800,23.0320,21.8800,23.1700
20.8620,23.1700,20.8620,23.0320
20.8620,23.0320,17.1050,23.0320
20.8620,23.1700,20.2980,23.1700
33.9190,31.2060,33.9190,31.3290
34.9380,31.2060,34.9380,31.3290
34.9380,31.3290,42.9590,31.3290
42.9590,31.2060,42.9590,31.3290
43.9780,31.2060,43.9780,31.3290
42.9590,31.2060,39.0380,31.2060
43.9780,31.3290,50.4450,31.3290
50.4450,31.2060,50.4450,31.3290
51.4630,31.3290,51.4630,31.2060
51.4630,31.2060,55.5360,31.2060
51.4630,31.3290,55.6730,31.3290
44.2530,28.5220,44.1290,28.5220
44.1290,29.5410,44.2530,29.5410
44.2530,29.5410,44.2530,31.2060
44.1290,29.5410,44.1290,31.2060
44.2530,24.5730,44.1290,24.5730
44.2530,23.5550,44.1290,23.5550
44.2530,24.5730,44.2530,26.6240
44.1290,24.5730,44.1290,28.5220
50.2240,28.5360,50.3480,28.5360
50.2240,29.5540,50.3480,29.5540
50.2240,24.5730,50.3480,24.5730
50.2240,23.5550,50.3480,23.5550
50.3480,23.5550,50.3480,23.1700
50.3480,28.5360,50.3480,24.5730
40.6200,23.0320,40.6200,18.5050
44.1290,23.1700,44.1290,23.5550
51.7790,23.0320,51.7790,18.5050
50.3480,23.0320,50.3480,22.0420
44.0330,23.0320,44.0330,23.1700
43.0140,23.0320,43.0140,23.1700
43.0140,23.0320,40.6200,23.0320
43.0140,23.1700,40.4000,23.1700
51.6830,23.0320,51.6830,23.1700
50.6650,23.0320,50.6650,23.1700
51.6830,23.1700,51.9990,23.1700
16.8160,31.3290,16.8160,23.1700
16.9400,31.2060,16.9400,28.4120
24.4390,31.2060,24.4390,31.3290
23.4210,31.3290,23.4210,31.2060
23.4210,31.2060,20.2980,31.2060
23.4210,31.3290,16.8160,31.3290
20.2840,31.2060,16.9400,31.2060
16.9400,27.1190,16.9400,23.5280
16.8160,23.1700,16.6930,23.1700
20.2980,23.1700,17.2020,23.1700
22.6780,31.0950,22.8020,31.0950
29.2410,24.9720,29.1170,24.9720
29.1170,23.9540,29.2410,23.9540
29.2410,23.9540,29.2410,23.1700
29.1170,23.9540,29.1170,23.1700
39.0380,23.5550,38.9140,23.5550
39.0380,24.5730,38.9140,24.5730
55.6730,25.0000,55.5360,25.0000
55.5360,23.9820,55.6730,23.9820
55.6730,23.9820,55.6730,23.0320
55.5360,23.9820,55.5360,23.5280
17.0230,45.7910,17.0230,42.8050
24.2050,37.9610,24.2050,38.4430
24.0680,41.1260,24.0680,39.4470
24.0680,38.4430,24.2050,38.4430
24.0680,39.4470,24.2050,39.4470
24.0680,38.4430,24.0680,38.2780
24.2050,39.4470,24.2050,41.2640
19.8430,41.2640,19.8430,41.6900
19.0320,44.9930,20.1600,44.9930
20.1600,45.1440,19.0320,45.1440
19.0320,45.1440,19.0320,45.0060
17.1600,44.9930,17.8620,44.9930
17.8620,44.9930,17.8620,45.1440
21.4810,45.1440,21.4810,44.9930
21.4810,44.9930,22.3480,44.9930
20.1600,44.9930,20.1600,45.1440
17.8620,45.1440,17.1600,45.1440
17.8210,38.2780,21.6870,38.2780
17.2020,41.1260,17.2020,38.2780
17.0780,41.1260,17.0780,39.7360
19.7200,41.2640,19.7200,42.6810
24.2050,41.2640,22.7190,41.2640
19.8430,41.8140,22.3480,41.8140
19.8430,41.6900,22.3480,41.6900
19.7200,42.6810,16.5690,42.6810
19.8430,42.8050,17.1600,42.8050
22.3480,41.2640,22.3480,41.6900
24.0680,41.1260,17.2020,41.1260
17.1600,45.1440,17.1600,45.9140
17.1600,42.8050,17.1600,44.9930
22.4720,41.9240,22.4720,44.5940
22.3480,41.8140,22.3480,44.9930
22.3480,41.2640,19.8430,41.2640
19.8430,41.8140,19.8430,42.8050
19.7200,41.2640,17.2290,41.2640
22.3480,45.1440,21.4810,45.1440
18.2750,37.9610,22.2650,37.9610
18.4810,48.7350,22.3480,48.7490
24.9480,48.4050,28.2920,48.4460
59.9250,24.4220,59.9250,23.0740
59.9250,23.0740,60.0760,23.0740
60.0760,23.0740,60.0760,24.4220
60.0760,24.4220,59.9250,24.4220
58.6320,25.2200,58.6320,25.9770
14.8350,45.6390,14.1750,45.6390
14.1610,45.7220,14.0370,45.7220
2.6854,37.9750,2.6854,42.6950
13.6650,48.3090,13.6650,48.0470
11.7390,48.2950,11.7390,48.0470
0.5665,19.2070,0.3050,19.2070
0.5665,24.0920,0.3050,24.0920
0.5665,27.4490,0.3050,27.4490
12.3170,18.5050,12.3170,18.2440
16.1830,18.5050,16.1830,18.2440
17.8210,18.5050,17.8210,18.2440
21.6870,18.5050,21.6870,18.2440
23.3110,18.5050,23.3110,18.2440
27.1770,18.5050,27.1770,18.2440
28.8010,18.5050,28.8010,18.2440
32.6670,18.5050,32.6670,18.2440
34.2910,18.5050,34.2910,18.2440
0.5665,32.3340,0.1812,32.3340
0.5665,37.3010,0.3050,37.3010
32.6670,37.9200,32.6670,38.2780
34.2910,37.9200,34.2910,38.2780
38.1570,18.5050,38.1570,18.2440
39.7810,18.5050,39.7810,18.2440
43.6470,18.5050,43.6470,18.2440
45.2850,18.5050,45.2850,18.2440
49.1510,18.5050,49.1510,18.2440
50.7750,18.5050,50.7750,18.2440
54.6410,18.5050,54.6410,18.2440
56.8570,18.5050,56.8570,18.2440
61.3970,22.8260,61.6590,22.8260
61.3970,23.8440,61.6590,23.8440
38.1570,37.9200,38.1570,38.2780
39.7810,37.9200,39.7810,38.2780
43.6470,37.9200,43.6470,38.2780
45.2850,37.9200,45.2850,38.2780
49.1510,37.9200,49.1510,38.2780
61.3970,32.5810,61.6590,32.5810
61.3970,33.6000,61.6590,33.6000
1.3232,37.9750,1.3232,38.1820
38.1570,37.9200,39.7810,37.9200
43.6470,37.9200,45.2850,37.9200
49.1510,37.9200,50.7200,37.9200
49.1510,38.2780,49.9630,38.2780
50.7750,18.5050,49.1510,18.5050
49.2750,18.5050,49.6740,18.5050
43.7850,18.5050,44.1840,18.5050
45.2850,18.5050,43.6470,18.5050
28.8010,18.5050,27.1770,18.5050
27.3010,18.5050,27.7140,18.5050
0.5665,22.8670,0.5665,24.0920
0.5665,27.4490,0.5665,28.9760
55.7560,18.2440,55.7560,18.5050
6.1666,18.2580,5.8639,18.2580
5.8639,18.2580,6.1666,18.2580
6.2216,18.5190,6.2216,18.8220
6.2216,18.8220,5.8088,18.8220
5.8088,18.8220,5.8088,18.5190
11.1060,18.1340,11.1060,18.5190
10.2940,18.1340,10.2940,18.5190
9.8816,18.1340,9.8816,18.5190
9.0698,18.1340,9.0698,18.5190
10.2940,18.5190,9.8816,18.5190
10.2940,18.1340,9.8816,18.1340
7.0334,18.1340,7.0334,18.5190
6.2216,18.1340,6.2216,18.5190
5.8088,18.1340,5.8088,18.5190
4.9970,18.1340,4.9970,18.5190
6.2216,18.1340,5.8088,18.1340
4.9970,18.1340,0.1812,18.1340
7.0334,18.5190,9.0698,18.5190
9.0698,18.1340,7.0334,18.1340
4.9970,18.5050,1.3232,18.5050
11.1060,18.5050,12.3170,18.5050
11.1060,18.2440,12.3170,18.2440
18.1510,18.5050,17.9580,18.5050
20.2560,18.1340,20.2560,18.5050
19.4440,18.1340,19.4440,18.5050
19.0320,18.1340,19.0320,18.5050
18.2200,18.1340,18.2200,18.5050
19.4440,18.5050,19.0320,18.5050
19.4440,18.1340,19.0320,18.1340
16.1830,18.1340,16.1830,18.5050
15.3720,18.1340,15.3720,18.5050
14.9730,18.1340,14.9730,18.5050
14.1470,18.1340,14.1470,18.5050
15.3720,18.5050,14.9730,18.5050
15.3720,18.1340,14.9730,18.1340
24.1230,18.1340,24.1230,18.5050
23.3110,18.1340,23.3110,18.5050
27.1770,18.5050,24.1230,18.5050
29.5160,18.1340,24.1230,18.1340
11.1060,18.1340,14.1470,18.1340
12.3170,18.5050,14.1470,18.5050
18.2200,18.5050,17.8210,18.5050
16.1830,18.1340,18.2200,18.1340
20.2560,18.5050,21.6870,18.5050
20.2560,18.1340,23.3110,18.1340
48.7380,18.1340,48.7380,18.5050
47.9270,18.1340,47.9270,18.5050
47.5140,18.1340,47.5140,18.5050
46.7020,18.1340,46.7020,18.5050
47.9270,18.5050,47.5140,18.5050
47.9270,18.1340,47.5140,18.1340
52.8110,18.1340,52.8110,18.5050
51.9990,18.1340,51.9990,18.5050
51.5870,18.1340,51.5870,18.5050
50.7750,18.1340,50.7750,18.5050
51.9990,18.5050,51.5870,18.5050
51.9990,18.1340,51.5870,18.1340
43.6470,18.1340,43.6470,18.5050
42.8360,18.1340,42.8360,18.5050
56.5680,18.1340,56.5680,18.5050
55.7560,18.1340,55.7560,18.5050
56.5680,18.5050,56.8570,18.5050
56.5680,18.1340,61.7690,18.1340
54.6410,18.5050,52.8110,18.5050
55.7560,18.1340,52.8110,18.1340
48.7380,18.1340,50.7750,18.1340
48.7380,18.5050,49.1510,18.5050
46.7020,18.1340,43.6470,18.1340
46.7020,18.5050,45.2850,18.5050
42.8360,18.5050,39.7810,18.5050
42.8360,18.1340,37.4420,18.1340
38.1570,18.5050,37.4420,18.5050
37.4420,18.5050,37.4420,18.2440
37.4420,18.1340,37.4420,18.5050
35.4190,18.1340,35.4190,18.5050
35.4190,18.5050,34.2910,18.5050
31.5530,18.1340,31.5530,18.5050
29.5160,18.1340,29.5160,18.5050
31.5530,18.5050,32.6670,18.5050
29.5160,18.5050,28.8010,18.5050
0.1812,18.1340,0.1812,20.8450
61.3970,20.9960,61.6590,20.9960
61.3970,25.4680,61.6590,25.4680
61.3970,35.4430,61.6590,35.4430
61.6590,30.9720,61.3970,30.9720
61.3970,30.9720,61.3970,29.8980
61.3970,20.9960,61.3970,18.5050
61.7690,22.8260,61.7690,21.8080
61.7690,21.8080,61.3970,21.8080
61.3970,21.8080,61.3970,22.8260
61.6590,18.2440,61.6590,20.9960
61.6590,22.8260,61.6590,23.8440
61.6590,25.4680,61.6590,26.5410
61.6590,26.5410,61.3970,26.5410
61.6590,30.9720,61.6590,29.8980
61.6590,29.8980,61.3970,29.8980
61.6590,32.5810,61.6590,33.6000
61.6590,35.4430,61.6590,38.1820
61.6590,38.1820,61.4520,38.1820
61.6590,20.9960,61.7690,20.9960
61.7690,20.9960,61.7690,18.1340
61.3970,23.8440,61.3970,24.6560
61.3970,24.6560,61.7690,24.6560
61.7690,24.6560,61.7690,22.8260
61.6590,26.5410,61.7690,26.5410
61.7690,26.5410,61.7690,25.4680
61.7690,25.4680,61.6590,25.4680
61.6590,29.8980,61.7690,29.8980
61.7690,29.8980,61.7690,30.9720
61.7690,30.9720,61.6590,30.9720
61.3970,32.5810,61.3970,31.7830
61.3970,31.7830,61.7690,31.7830
61.7690,31.7830,61.7690,34.6320
61.7690,34.6320,61.3970,34.6320
61.3970,34.6320,61.3970,33.6000
61.6590,35.4430,61.7690,35.4430
61.7690,35.4430,61.7690,38.2920
61.7690,38.2920,61.4250,38.2920
41.0060,38.2780,43.6470,38.2780
43.6470,37.9200,41.0060,37.9200
38.1570,38.2780,34.2910,38.2780
34.2910,37.9200,38.1570,37.9200
32.6670,38.2780,27.9200,38.2780
32.6670,37.9200,27.9200,37.9200
0.1812,38.2920,2.3827,38.2920
2.6854,37.9750,1.3232,37.9750
2.3827,47.4830,2.6854,47.4970
0.3050,33.5580,0.5665,33.5580
0.5665,33.5580,0.5665,32.3340
0.5665,22.8670,0.3050,22.8670
0.1812,38.2920,0.1812,35.5950
0.1812,35.5950,0.5665,35.5950
0.5665,35.5950,0.5665,37.3010
0.1812,20.8450,0.5665,20.8450
0.5665,20.8450,0.5665,19.2070
0.1812,24.9040,0.5665,24.9040
0.1812,25.3160,0.5665,25.3160
0.1812,26.1280,0.5665,26.1280
0.5665,24.9040,0.5665,25.3160
0.1812,24.9040,0.1812,25.3160
0.5665,27.4490,0.5665,26.1280
0.1812,26.1280,0.1812,30.2970
0.5665,32.3340,0.3050,32.3340
0.5665,28.9760,0.3050,28.9760
0.1812,31.5220,0.5665,31.5220
0.1812,31.1090,0.5665,31.1090
0.1812,30.2970,0.5665,30.2970
0.5665,31.5220,0.5665,31.1090
0.1812,31.5220,0.1812,31.1090
0.5665,28.9760,0.5665,30.2970
0.3050,18.2440,0.3050,19.2070
0.1812,24.0920,0.1812,22.8670
0.1812,22.8670,0.3050,22.8670
0.3050,22.8670,0.3050,24.0920
0.3050,24.0920,0.1812,24.0920
0.3050,32.3340,0.1812,32.3340
0.1812,32.3340,0.1812,33.5580
0.1812,33.5580,0.3050,33.5580
0.3050,27.4490,0.3050,28.9760
0.3050,32.3340,0.3050,33.5580
1.3232,38.1820,0.3050,38.1820
0.3050,38.1820,0.3050,37.3010
9.2212,51.9000,9.2212,51.2670
-3.3412,51.8310,-3.3412,50.7990
-5.0749,51.8310,-5.0612,50.3310
13.9540,50.9920,13.8860,63.9670
14.1610,50.9920,14.0920,63.9670
2.5753,51.1980,5.0383,51.2120
2.4377,51.3220,5.0383,51.3360
-3.6027,47.5240,-5.1300,47.5240
-2.2955,51.0050,-5.3914,50.2210
-2.3918,50.8820,-5.1850,50.1520
-5.1850,50.1520,-4.9373,49.2170
-5.1850,47.4560,-5.1850,49.2720
-5.1300,49.1750,-5.1575,49.2720
-4.9373,49.2170,-5.1300,49.1750
-5.2125,49.4640,-5.4052,50.2210
-1.2636,47.5380,0.3601,47.5520
-3.2449,47.5240,-1.6213,47.5380
-3.5476,47.5790,-3.5476,47.4690
-3.6027,47.5790,-3.6027,47.4690
-3.5476,47.4560,-3.3000,47.4560
-3.3000,47.7170,-3.5614,47.7170
-3.5614,47.7170,-3.5476,47.4560
-3.3000,47.4560,-3.3000,47.7170
-3.3000,47.7170,-3.5614,47.7170
-3.5476,47.4560,-3.3000,47.4560
-1.4424,47.7310,-1.6901,48.6530
-1.5800,47.7310,-1.8139,48.6110
-1.5663,47.4690,-1.3186,47.4690
-1.5663,47.7310,-1.3186,47.7310
-1.3186,47.7310,-1.5663,47.7310
-1.5663,47.4690,-1.3186,47.4690
-1.5800,47.5930,-1.5663,47.4830
-1.6213,47.5930,-1.6213,47.4830
-1.5663,47.7310,-1.5663,47.4690
-1.2636,47.5930,-1.2636,47.4830
-1.3048,47.5930,-1.3048,47.4830
-1.3186,47.7310,-1.3186,47.4690
-1.8139,48.6110,-1.6901,48.6530
-3.3963,50.7990,-3.2862,50.7990
-3.2862,50.7580,-3.3963,50.7580
-2.0616,49.6020,-2.3918,50.8820
-2.0754,50.1520,-2.0754,50.9090
-1.9515,50.0420,-1.9515,50.7850
-2.0754,50.1520,-2.3093,51.0330
-2.0479,50.0420,-1.9378,49.6300
-1.9378,49.6300,-2.0616,49.6020
-1.9515,50.7850,-1.4700,50.7850
-2.0754,50.9090,-1.4700,50.9090
-1.4700,50.9090,-1.4700,50.7850
2.4653,47.7440,2.4515,48.2670
2.5891,47.7440,2.5891,48.2260
0.7178,47.5520,2.3414,47.5520
0.4151,47.4830,0.6628,47.4830
0.6628,47.7310,0.4151,47.7310
0.4151,47.7310,0.4151,47.4830
0.6628,47.4830,0.6628,47.7310
0.6628,47.7310,0.4151,47.7310
0.4151,47.4830,0.6628,47.4830
2.3414,47.6070,2.3414,47.4970
2.3965,47.4830,2.6579,47.4970
2.3965,47.7440,2.6441,47.7440
2.6441,47.7440,2.6579,47.4970
2.3965,47.7440,2.3965,47.4830
-0.4517,50.7850,2.4515,50.7990
2.4377,50.9370,-0.4517,50.9230
-0.4517,50.9230,-0.4517,50.7850
2.4377,50.9370,2.4377,51.3220
8.2580,51.1570,10.5970,51.0050
8.2718,51.2940,10.7350,51.1160
6.0565,51.2120,6.4830,51.2120
6.0565,51.3360,6.6069,51.3360
5.0383,51.3360,5.0383,51.2120
6.0565,51.3360,6.0565,51.2120
6.5243,47.7580,6.7582,51.2670
6.3867,47.7580,6.5518,50.0700
6.3592,47.5110,6.6206,47.5110
6.6206,47.7580,6.3592,47.7580
6.3592,47.7580,6.3592,47.5110
6.6206,47.5110,6.6206,47.7580
6.6206,47.7580,6.3592,47.7580
6.3592,47.5110,6.6206,47.5110
6.4830,51.2120,6.4968,50.0700
6.7582,51.2670,7.2398,51.2260
7.2536,51.3630,6.6482,51.4040
6.6482,51.4040,6.6344,51.2810
7.2398,51.2260,7.2536,51.3630
7.2536,51.3630,7.2398,51.2390
8.2718,51.2940,8.2580,51.1570
10.2260,49.0790,10.2260,49.5610
11.3540,50.5380,11.3680,48.9420
11.3680,48.9420,10.9550,48.9420
10.2260,47.5110,10.2260,48.3090
10.2260,48.3090,10.5700,48.3220
10.2530,49.0520,10.5560,49.0520
10.5560,49.0520,10.5700,48.3220
10.9550,48.9420,10.9690,48.2950
11.3540,50.5380,10.6930,50.5240
10.5970,51.0050,10.4870,49.5610
10.4870,49.5610,10.2260,49.5610
10.6930,50.5240,10.7350,51.1160
13.9680,48.7080,13.9540,49.6300
14.1610,48.7080,14.1610,49.6300
3.8137,58.5870,0.2362,58.5730
3.8137,58.4490,0.2362,58.4360
4.5980,55.4360,1.8461,55.4220
4.4191,61.5040,2.9469,61.5040
4.6943,61.6420,2.9469,61.6280
4.5980,55.3120,0.1674,55.2850
8.4231,64.1460,1.6397,64.1180
1.6397,63.8570,8.5470,63.8980
1.3783,59.9220,1.3645,60.5270
1.6810,59.7980,1.6810,60.5270
-5.2125,60.1970,-5.2263,62.2060
-3.2312,55.2710,-5.1437,55.2570
-3.2312,55.3950,-5.1437,55.3810
-5.1300,53.9360,-3.2174,53.9500
-5.1300,53.8120,-3.2174,53.8260
-5.1437,55.3810,-5.1575,57.2800
-5.0887,53.7710,-5.0749,52.8490
-5.1300,51.8720,-5.0199,51.8720
-5.1300,51.8310,-5.0199,51.8310
-5.1850,53.9360,-5.1988,55.1880
-5.1300,53.8120,-5.1300,53.9360
-5.2401,53.9360,-5.1300,53.9360
-5.1300,53.8260,-5.2401,53.8260
-5.2401,53.8260,-5.2401,53.9360
-5.1300,53.9360,-5.1300,53.8260
-5.2125,60.0870,-5.2125,58.0780
-5.2125,58.0370,-5.1988,57.3210
-5.1713,60.1970,-5.1713,60.0870
-5.2676,60.0870,-5.2676,60.1970
0.1674,55.4090,0.1674,56.3850
1.3783,55.4220,1.3645,56.3850
1.8461,55.4220,1.8461,56.5090
0.0436,55.4090,-1.3048,55.4090
0.0436,55.2850,-1.3048,55.2850
-3.3550,53.7850,-3.3550,52.8490
-3.4100,53.8260,-3.3000,53.8260
-3.4100,53.7850,-3.3000,53.7850
-3.2174,53.8260,-3.2174,53.9500
-3.2312,55.3950,-3.2312,55.2710
-1.3048,55.4090,-1.3048,55.2850
1.3783,55.4220,0.1674,55.4090
0.1812,54.8720,0.1674,55.2850
0.0436,55.2850,0.0436,54.8720
0.0436,54.8720,0.1812,54.8720
0.0574,53.9640,0.6628,53.9640
0.6628,53.8400,0.0574,53.8400
0.0574,53.8400,0.0574,53.9640
0.6628,53.8400,0.6628,53.9640
0.0436,55.5320,0.1674,55.5320
0.0436,55.4090,0.0436,55.5320
0.1674,55.4090,0.1674,55.5320
0.2500,56.5090,0.2362,58.4360
0.2362,58.4360,0.2500,56.5090
0.0436,56.2480,0.0298,59.9080
1.8461,56.5090,0.2500,56.5090
1.3645,56.3850,0.1674,56.3850
0.0436,56.2480,0.1674,56.2480
0.1674,56.2480,0.1674,56.3850
1.6810,59.7980,0.2225,59.7840
1.3783,59.9220,0.0298,59.9080
0.2362,58.5730,0.2225,59.7840
0.2225,59.7840,0.2362,58.5730
-5.1850,63.8290,0.0023,63.8570
0.6215,64.1050,-5.6941,64.0770
-5.2263,62.2470,-5.2263,62.9620
-5.2813,62.2470,-5.1713,62.2470
-5.2813,62.2060,-5.1713,62.2060
-5.1713,63.0040,-5.1850,63.8290
0.0161,61.4350,0.0023,63.8570
0.1399,61.6140,0.1262,63.8570
0.1262,63.8570,0.1399,61.6140
1.6947,61.5040,0.1399,61.4900
1.6947,60.6650,0.1537,60.6510
1.3645,60.5270,0.0161,60.5270
0.0161,60.7200,0.1537,60.7200
0.0161,61.4350,0.1399,61.4350
0.0161,60.5270,0.0161,60.7200
1.8323,60.5270,1.6810,60.5270
1.6947,60.6650,1.6947,61.5040
1.8323,60.5270,1.8186,61.5040
0.1262,63.8570,0.6215,63.8570
0.6215,63.8570,0.6215,64.1050
1.6397,63.8570,1.6397,64.1180
6.1941,61.5180,6.2079,59.3990
6.0703,61.6420,6.0703,59.3990
10.9000,62.6870,10.9270,57.1420
10.5420,61.5450,10.5560,57.8440
10.5830,63.1140,10.6110,57.3210
10.8450,63.1140,10.8720,57.3210
6.2354,53.9910,10.5830,54.0190
10.1570,57.7060,6.2079,57.6930
6.1115,53.8670,10.9410,53.8810
10.5560,57.8440,6.2079,57.8160
6.0978,56.6060,6.0978,55.4360
6.2216,56.6060,6.2354,53.9910
4.7356,53.9780,4.1164,53.9780
4.7356,53.8540,4.1164,53.8540
4.1164,53.8540,4.1164,53.9780
4.7218,54.8990,4.7218,55.3120
4.5980,55.3120,4.5980,54.8990
4.5980,54.8990,4.7218,54.8990
4.7356,53.8540,4.7356,53.9780
4.5980,55.5050,4.7218,55.5050
5.0658,55.4360,4.7218,55.4360
4.7218,55.3120,5.0658,55.3120
5.0658,55.3120,5.0658,55.4360
9.2212,53.8400,9.2212,52.9180
9.1662,51.9410,9.2762,51.9410
9.2762,52.9180,9.1662,52.9180
9.1662,52.8630,9.2762,52.8630
6.0978,55.3120,6.1115,53.8670
6.0840,55.3120,6.0840,55.4360
3.2220,56.5510,3.2083,58.4490
3.9513,56.6740,3.9375,59.3020
3.8137,58.4490,3.8275,56.5510
3.8275,56.5510,4.5980,56.5510
4.7218,56.6740,3.9513,56.6740
3.8275,56.5510,3.2220,56.5510
4.7218,56.5230,4.7218,56.6740
4.5980,56.5230,4.7218,56.5230
4.4191,60.3890,3.8137,60.3890
4.7081,59.3020,3.9375,59.3020
4.7081,59.4260,3.9375,59.4260
4.7081,60.2660,3.9375,60.2660
3.2083,58.5730,3.1945,60.3890
3.8137,58.5870,3.8137,60.3890
3.8137,60.3890,3.1945,60.3890
3.9375,59.4260,3.9375,60.2660
4.7081,59.3020,4.7081,59.4260
4.7081,60.2660,4.6943,61.6420
4.4191,60.3890,4.4191,61.5040
2.9469,61.5040,2.9469,61.6280
6.2079,58.3810,6.2079,57.8160
6.0840,58.3810,6.0840,57.6240
6.2216,56.6060,6.0978,56.6060
6.0840,57.6240,6.2216,57.6240
6.2079,58.3810,6.0840,58.3810
6.2079,59.3990,6.0703,59.3990
10.1710,55.2850,10.1570,57.7060
11.3260,57.1560,11.3400,55.5740
11.3400,55.5740,10.9270,55.5740
10.5700,55.2850,10.5830,54.0190
10.9270,55.5740,10.9410,53.8810
10.1710,55.2850,10.5700,55.2850
10.9270,57.1420,11.3260,57.1560
10.4460,61.6690,6.1941,61.6420
10.5420,61.5450,6.1941,61.5180
8.4094,66.3610,10.5700,66.3750
8.5332,66.2370,10.5700,66.2370
8.4231,64.1460,8.4231,65.1500
8.5470,63.8980,8.5470,65.0400
6.0703,62.6320,4.2815,62.6180
6.1941,62.7560,4.4054,62.7420
4.2815,62.6180,4.2815,62.9490
1.9286,61.4900,1.9286,61.6280
6.1941,62.6050,6.1941,62.7560
6.1941,61.6830,6.0703,61.6830
6.1941,62.6050,6.0703,62.6050
8.5470,65.1500,8.4231,65.1500
8.8634,65.1640,8.5470,65.1640
8.5470,65.0400,8.8634,65.0400
8.8634,65.0400,8.8634,65.1640
8.5332,66.1680,8.4094,66.1680
8.4094,66.1680,8.4094,66.3610
10.1160,65.0400,10.1290,63.0860
11.2990,64.3660,11.2990,62.6870
10.4320,63.0860,10.4460,61.6690
10.9000,62.6870,11.2990,62.6870
10.5830,63.5680,10.5830,64.3660
10.8450,63.5820,10.8310,64.3660
10.1290,63.0860,10.4320,63.0860
10.5830,65.1780,9.8816,65.1780
10.1160,65.0400,9.8816,65.0400
9.8816,65.0400,9.8816,65.1780
60.9290,52.4360,60.9290,51.2120
48.3120,52.3400,53.0730,47.9780
48.1740,52.1890,53.0590,47.7310
56.9670,47.8130,55.3430,47.7990
45.7250,49.4780,45.5740,49.6160
45.5740,49.6160,45.4360,49.4640
45.7250,49.4780,45.5880,49.3270
45.5880,49.3270,45.4360,49.4640
53.3070,47.9780,53.3070,47.7310
53.0590,47.7310,53.0590,47.9780
53.0590,47.9780,53.3070,47.9780
53.3070,47.7310,53.0590,47.7310
59.3060,47.8270,60.8610,47.8270
58.9480,47.8270,57.3240,47.8130
57.0220,48.0060,57.0220,47.7440
57.0080,47.7580,57.0080,47.8680
56.9670,47.8680,56.9670,47.7580
57.2690,48.0060,57.2690,47.7440
57.3240,47.7580,57.3240,47.8680
57.2830,47.8680,57.2830,47.7580
57.2690,47.7440,57.0220,47.7440
57.2690,48.0060,57.0220,48.0060
57.0220,48.0060,57.2690,48.0060
57.2690,47.7440,57.0220,47.7440
59.2640,47.7580,59.0030,47.7580
59.2640,48.0060,59.0030,48.0060
59.0030,48.0060,59.0030,47.7580
59.2640,47.7580,59.2640,48.0060
59.2640,48.0060,59.0030,48.0060
59.2640,47.7580,59.0030,47.7580
60.9020,47.7580,60.9020,47.8820
60.8610,47.8820,60.8610,47.7580
60.9290,51.1570,60.9430,49.8630
54.4350,57.5270,58.3840,57.5410
54.4350,57.3900,58.3840,57.4170
56.6090,63.7190,58.3150,63.7190
54.4070,63.5820,60.8330,63.6090
54.9160,67.6680,58.2740,67.6960
56.5950,66.7600,57.3660,66.7740
56.5950,66.6360,57.3660,66.6360
56.6090,64.9300,57.3240,64.9440
56.6090,65.0680,57.3240,65.0680
54.2970,58.6420,54.2840,62.4810
54.4210,58.6420,54.4070,62.4810
52.4670,59.9770,52.4400,63.8020
52.2060,59.9770,52.1920,61.8070
44.9820,61.7790,44.9960,57.4860
44.7210,63.2790,44.7480,57.4720
48.1610,52.4780,52.2750,52.5050
48.2980,52.3540,52.2750,52.3680
47.9680,54.4180,52.4810,54.4320
48.2160,54.6650,52.2330,54.6930
44.9960,57.0180,45.0100,55.9590
44.7480,57.0180,44.7480,55.9590
48.1740,52.1890,48.0230,52.3260
48.3120,52.3400,48.1610,52.4780
48.1610,52.4780,48.0230,52.3260
48.1740,52.1890,48.3120,52.3400
47.9680,54.4180,47.9540,55.8350
48.2160,54.6650,48.2160,55.8350
47.9540,55.8350,48.2160,55.8350
54.3250,54.4450,54.2970,57.6240
54.4490,54.5690,54.4350,57.3900
52.4810,54.4320,52.4670,58.9580
52.2330,54.6930,52.2060,58.9580
52.2750,52.3680,52.2750,52.5050
54.2010,52.5050,56.5950,52.5190
54.2150,52.3810,56.5950,52.3950
54.2150,52.3810,54.2010,52.5050
56.5950,52.3950,56.5950,52.5190
54.3250,54.4450,56.6360,54.4590
54.4490,54.5690,56.6360,54.5830
56.6360,54.5830,56.6360,54.4590
52.2060,58.9580,52.4670,58.9580
52.2060,59.9770,52.4670,59.9770
54.4350,57.6240,54.2970,57.6240
54.4210,58.6420,54.2970,58.6420
47.8300,61.7930,52.1920,61.8070
47.8300,61.9860,52.1920,62.0130
52.1650,67.6540,45.1060,67.6270
45.1060,67.6270,45.1200,64.9850
44.9820,61.7790,46.8120,61.7790
46.8120,61.9860,44.9820,61.9720
44.9820,61.9720,44.9680,63.2790
44.7070,63.7330,44.7070,64.5170
45.3810,63.7330,45.3670,64.5310
47.8300,61.9860,47.8300,61.7930
46.8120,61.9860,46.8120,61.7790
52.1780,64.8200,52.1650,67.6540
56.4580,65.0680,56.4440,66.6360
56.6090,65.0680,56.5950,66.6360
52.4400,65.0400,52.4260,66.6230
53.8570,65.0540,53.8570,65.7560
53.7330,65.0540,53.7330,65.7560
52.4400,64.9160,53.9260,64.9160
52.4400,65.0400,53.7330,65.0540
52.1920,62.0130,52.1920,63.8020
52.1920,63.8020,52.4400,63.8020
52.4400,64.8200,52.1780,64.8200
54.4070,62.4810,54.2840,62.4810
54.9440,64.9300,56.4580,64.9300
54.9440,65.0540,56.4580,65.0680
54.2700,63.7050,56.4580,63.7190
54.2700,63.4990,54.2700,63.7050
54.4070,63.4990,54.2700,63.4990
53.9260,65.0540,53.9260,64.9160
54.9440,65.0540,54.9440,64.9300
56.6090,63.8160,56.4580,63.8160
56.6090,64.8340,56.4580,64.8340
53.2930,66.6230,54.9160,66.6360
52.4260,67.6680,53.4440,67.6680
53.2930,66.7460,53.4440,66.7460
52.4260,67.6680,52.4260,66.7460
52.4260,66.7460,52.5770,66.7460
52.4260,66.6230,52.5770,66.6230
53.2930,66.6230,53.2930,66.7460
52.5770,66.6230,52.5770,66.7460
56.4440,66.7600,56.4440,67.6820
56.5950,66.7600,56.5950,67.6820
54.9160,66.6360,54.9160,67.6680
54.7930,66.7600,54.7930,67.6680
53.7330,65.7560,53.8570,65.7560
53.5680,66.7460,54.7930,66.7600
53.4440,66.8560,53.5680,66.8560
53.5680,66.8560,53.5680,66.7460
53.4440,66.7460,53.4440,66.8560
55.6870,66.7600,56.4440,66.7600
56.4440,66.6360,55.6870,66.6360
55.6870,66.6360,55.6870,66.7600
54.7930,67.6680,53.5680,67.6680
53.4440,67.5720,53.5680,67.5720
61.2460,58.0640,61.2180,63.3620
58.3980,54.5970,58.3840,57.4170
60.8610,55.5460,60.8470,57.9260
58.5350,48.0060,58.5350,52.9040
57.6130,52.3950,60.8740,52.4090
58.5350,52.5330,60.8740,52.5470
58.3980,48.0060,58.4110,52.9040
57.6130,52.5330,58.4110,52.5330
57.6130,52.3950,57.6130,52.5330
57.6550,54.4590,58.3980,54.4590
58.3980,54.5970,57.6550,54.5830
57.6550,54.5830,57.6550,54.4590
60.9160,53.9360,60.9160,55.4910
60.9160,52.9180,60.9290,52.4910
60.8610,53.8810,60.9710,53.8810
60.9710,53.9360,60.8610,53.9360
58.3840,58.0500,61.2460,58.0640
58.5080,57.9260,60.8470,57.9260
58.3840,57.5410,58.3840,58.0500
59.0440,65.0680,59.0440,65.5360
60.3650,65.3840,60.3790,64.7790
59.1820,64.7650,59.1820,65.5360
60.0490,64.6410,60.3790,64.6410
60.0490,64.7790,60.3790,64.7790
59.1820,63.7330,60.3790,63.7330
58.4390,63.7190,59.0580,63.7330
58.4390,64.9440,59.0440,64.9440
58.2050,65.0680,59.0440,65.0680
58.3150,63.8160,58.4390,63.8160
57.3240,64.9440,57.3240,65.0680
58.4390,64.8340,58.4390,64.9440
58.3150,64.9440,58.3150,64.8340
58.3150,64.8340,58.4390,64.8340
58.3150,64.9440,58.2050,64.9440
58.2050,64.9440,58.2050,65.0680
59.0580,63.7330,59.0440,64.9440
59.1820,63.7330,59.1820,64.6410
59.2780,64.7650,59.2780,64.6410
60.0490,64.6410,60.0490,64.7790
60.3790,64.6410,60.3790,63.7330
61.0260,67.7100,59.1680,67.6960
59.1680,67.6960,59.1680,66.7460
58.2740,67.6960,58.2740,67.3790
58.2740,67.3790,59.0440,67.3930
57.3660,66.6360,57.3660,66.7740
59.0440,65.5360,59.1820,65.5360
59.0440,67.3930,59.0440,66.7460
59.0440,66.7460,59.1680,66.7460
61.0670,67.7100,61.0810,65.3840
61.0810,65.3840,60.3650,65.3840
30.2180,64.7100,29.4750,64.7100
29.4750,64.7100,31.8560,69.1820
29.1860,64.7100,31.6220,69.3060
28.9940,64.4490,30.2180,64.4490
-5.8730,49.4640,-5.8730,47.4690
-5.2125,49.0100,-5.2125,49.4640
-5.8730,47.4690,-5.2125,47.4830
-5.6253,48.9970,-5.6116,47.9370
-5.6116,47.9370,-5.2125,47.9370
-5.2125,47.9370,-5.2125,47.4830
-5.6253,48.9970,-5.2125,49.0100
-5.8730,49.4640,-5.2125,49.4640
16.5550,48.7210,16.1010,48.7210
16.5550,48.0610,13.6650,48.0470
13.9680,48.3090,13.6650,48.3090
10.9140,49.0790,10.9000,49.5330
10.2530,49.0790,10.2390,49.5330
10.2530,48.2950,10.2530,47.5520
10.2530,47.5520,10.9140,47.5520
10.9140,47.5520,10.9140,48.0330
10.9140,49.0790,10.2530,49.0790
10.9000,49.5330,10.2390,49.5330
16.1010,48.3220,14.4220,48.3090
14.4220,48.7210,13.9680,48.7080
13.9680,48.7080,13.9680,48.3090
14.4220,48.3090,14.4220,48.7210
16.1010,48.3220,16.1010,48.7210
24.4940,48.3500,22.8160,48.3500
24.9480,48.1020,22.3610,48.0880
16.5550,48.0610,16.5550,48.7210
22.3610,48.0880,22.3480,48.7490
22.8160,48.3500,22.8160,48.7490
22.8160,48.7490,22.3480,48.7490
24.9480,48.7630,24.4940,48.7630
24.4940,48.7630,24.4940,48.3500
24.9480,48.1020,24.9480,48.7630
2.6579,67.5860,2.2038,67.5720
-5.9693,68.4530,10.8170,68.5350
-5.9143,57.2390,-5.9005,55.2570
-5.6528,56.7840,-5.6528,55.7110
-5.9005,55.2570,-5.2401,55.2570
-5.6528,55.7110,-5.2401,55.7110
-5.2401,55.7110,-5.2401,55.2570
-5.9143,57.2390,-5.2538,57.2390
-5.2538,57.2390,-5.9143,57.2390
-5.2538,57.2390,-5.2538,56.7840
-5.2538,56.7840,-5.6528,56.7840
-5.3089,68.2050,-3.0936,68.2190
-5.2813,64.5720,-5.2951,65.0260
-5.9693,68.4530,-5.9418,63.0310
-5.9418,63.0310,-5.2813,63.0450
-5.6941,64.5590,-5.6941,63.4990
-5.6941,63.4990,-5.2813,63.4990
-5.2813,63.4990,-5.2813,63.0450
-5.6941,64.5590,-5.2813,64.5720
-5.7079,67.5440,-5.6941,65.0260
-5.6941,65.0260,-5.2951,65.0260
-5.2951,65.0260,-5.6941,65.0260
-5.3089,68.2050,-5.2951,67.5440
-5.2951,67.5440,-5.7079,67.5440
-2.6395,68.2190,-0.4517,68.2320
-3.0936,68.2190,-3.0798,65.4940
-2.8321,67.5580,-2.8184,65.4940
-2.8184,65.4940,-3.0798,65.4940
-2.8321,67.5580,-2.6257,67.5580
-2.6257,67.5580,-2.6395,68.2190
2.2038,68.2460,0.0161,68.2320
0.0161,68.2320,0.0161,67.5720
-0.4517,68.2320,-0.4380,67.5720
-0.4380,67.5720,0.0161,67.5720
2.2038,68.2460,2.2038,67.5720
27.6590,67.0350,29.4750,70.4480
27.5080,67.2830,29.2410,70.5580
10.8310,66.9530,27.6590,67.0350
10.8310,67.2000,27.5080,67.2830
16.4860,63.9810,16.0320,63.9810
16.9400,64.6410,10.8310,64.6140
10.8860,55.3400,10.2120,55.3260
10.8720,55.7940,10.2120,55.7940
10.2120,55.7940,10.2120,55.3260
10.8860,55.3400,10.8720,55.7940
10.2120,57.3210,10.2120,56.8530
10.8720,57.3210,10.8720,56.8670
10.8720,56.8670,10.2120,56.8530
10.8720,57.3210,10.2120,57.3210
7.9416,68.2600,10.1570,68.2740
5.2997,68.2600,7.4875,68.2600
4.8457,68.2460,2.6579,68.2460
2.6579,68.2460,2.6579,67.5860
5.2997,67.5860,4.8457,67.5860
4.8457,67.5860,4.8457,68.2460
5.2997,68.2600,5.2997,67.5860
7.9416,67.5990,7.4875,67.5990
7.4875,67.5990,7.4875,68.2600
7.9416,68.2600,7.9416,67.5990
10.8310,65.1780,10.8310,64.6140
10.5830,65.1780,10.5830,64.8200
13.8860,64.3800,10.1710,64.3660
10.8450,63.5820,10.1840,63.5680
10.8450,63.1140,10.1840,63.1140
10.1840,63.1140,10.1840,63.5680
10.8450,63.5820,10.8450,63.1140
10.5830,64.8200,10.1710,64.8200
10.1710,64.8200,10.1710,64.3660
16.0180,64.3930,14.3400,64.3800
14.3400,64.3800,14.3530,63.9670
13.8860,64.3800,13.8860,63.9670
13.8860,63.9670,14.3530,63.9670
16.0180,64.3930,16.0320,63.9810
10.5700,67.6130,10.5700,66.2510
10.8170,68.5350,10.8310,66.2510
10.8310,65.1780,10.5830,65.1780
10.8310,66.2510,10.5700,66.2510
10.5700,67.6130,10.1570,67.6130
10.1570,67.6130,10.1570,68.2740
24.4120,64.4210,22.7330,64.4210
25.3340,64.6820,21.8250,64.6690
18.7700,64.4070,19.9950,64.4070
18.7700,64.6550,19.9950,64.6550
16.9400,64.3930,18.1650,64.3930
18.1650,64.6550,16.9400,64.6410
16.9400,64.6410,16.9400,64.3930
16.4860,63.9810,16.4860,64.3930
16.4860,64.3930,16.9400,64.3930
18.7700,64.6550,18.1650,64.6550
18.7700,64.4070,18.1650,64.3930
18.1650,64.3930,18.1650,64.6550
18.7700,64.6550,18.7700,64.4070
20.6000,64.4070,21.8250,64.4210
20.6000,64.6690,21.8250,64.6690
20.6000,64.4070,19.9950,64.4070
20.6000,64.6690,19.9950,64.6550
19.9950,64.6550,19.9950,64.4070
20.6000,64.6690,20.6000,64.4070
22.2790,64.4210,21.8250,64.4210
21.8250,64.4210,21.8250,64.6690
22.7470,64.0080,22.2790,64.0080
22.2790,64.0080,22.2790,64.4210
22.7330,64.4210,22.7470,64.0080
26.5580,64.4350,25.3340,64.4350
25.3340,64.6820,26.5580,64.6960
24.8790,64.0220,24.4250,64.0220
24.4250,64.0220,24.4120,64.4210
25.3340,64.6820,25.3340,64.4350
25.3340,64.4350,24.8790,64.4350
24.8790,64.4350,24.8790,64.0220
26.8610,64.4350,28.6910,64.4490
28.6910,64.6960,26.8610,64.6960
26.8610,64.6960,26.8610,64.4350
26.8610,64.4350,26.5580,64.4350
26.5580,64.4350,26.5580,64.6960
26.5580,64.6960,26.8610,64.6960
28.9940,64.4490,28.6910,64.4490
28.9940,64.7100,28.6910,64.6960
28.6910,64.6960,28.6910,64.4490
29.1860,64.7100,28.9940,64.7100
28.9940,64.7100,28.9940,64.4490
41.7350,48.1850,39.1340,48.1710
45.4500,48.4600,44.7890,48.4460
33.3420,48.8040,32.8870,48.8040
33.3420,48.1430,30.7550,48.1300
32.8870,48.3910,31.2090,48.3910
30.7550,48.1300,30.7410,48.7900
30.7410,48.7900,31.2090,48.7900
31.2090,48.7900,31.2090,48.3910
32.8870,48.3910,32.8870,48.8040
33.3420,48.1430,33.3420,48.8040
41.2810,48.4320,39.6020,48.4320
39.1340,48.1710,39.1340,48.8310
39.6020,48.4320,39.6020,48.8310
39.6020,48.8310,39.1340,48.8310
41.7350,48.8450,41.2810,48.8450
41.2810,48.8450,41.2810,48.4320
41.7350,48.1850,41.7350,48.8450
45.4360,49.2440,45.4360,49.6980
44.7760,49.2440,44.7760,49.6980
45.4500,47.7170,44.7890,47.7170
44.7760,49.2440,45.4360,49.2440
44.7890,47.7170,44.7890,48.1990
45.4500,47.7170,45.4500,48.4600
44.7760,49.6980,45.4360,49.6980
61.5620,49.7810,61.5760,47.7720
60.9020,49.3130,60.9020,49.7670
61.3150,49.3130,61.3150,48.2540
61.5760,47.7720,60.9160,47.7580
61.3150,48.2540,60.9160,48.2540
60.9160,48.2540,60.9160,47.7580
61.3150,49.3130,60.9020,49.3130
61.5620,49.7810,60.9020,49.7670
44.7070,64.7790,38.6110,64.7510
45.3670,64.5310,41.6520,64.5040
33.2730,64.0630,32.8050,64.0630
33.7270,64.7240,30.2180,64.7100
32.8050,64.4620,31.1260,64.4620
30.6720,64.4620,30.2180,64.4490
30.2180,64.4490,30.2180,64.7100
31.1260,64.4620,31.1260,64.0490
30.6720,64.4620,30.6720,64.0490
30.6720,64.0490,31.1260,64.0490
32.8050,64.4620,32.8050,64.0630
33.2730,64.0630,33.2590,64.4760
33.2590,64.4760,33.7270,64.4760
33.7270,64.4760,33.7270,64.7240
35.5570,64.7370,35.5570,64.4760
34.9380,64.7370,34.9510,64.4760
34.9510,64.4760,35.5570,64.4760
35.5570,64.7370,34.9380,64.7370
41.1980,64.5040,39.5200,64.5040
37.3870,64.4900,36.7810,64.4900
37.3870,64.7370,36.7680,64.7370
36.7680,64.7370,36.7810,64.4900
37.3870,64.7370,37.3870,64.4900
39.0660,64.4900,38.6110,64.4900
38.6110,64.4900,38.6110,64.7510
39.5200,64.0910,39.0660,64.0910
39.0660,64.0910,39.0660,64.4900
39.5200,64.5040,39.5200,64.0910
41.6660,64.1050,41.1980,64.1050
41.1980,64.1050,41.1980,64.5040
41.6520,64.5040,41.6660,64.1050
44.7480,55.9590,45.4090,55.9590
45.4090,55.5050,44.7480,55.4910
44.7480,55.4910,44.7480,55.9590
45.4090,55.5050,45.4090,55.9590
44.7480,57.0180,45.4090,57.0180
45.4090,57.4860,44.7480,57.4720
44.7480,57.4720,44.7480,57.0180
45.4090,57.4860,45.4090,57.0180
50.2110,68.4660,48.0230,68.4530
51.2290,68.7280,44.6930,68.7000
44.7070,65.2330,44.7070,64.7790
44.9550,65.2330,44.9680,64.9850
44.7210,63.2790,45.3810,63.2790
45.3810,63.7330,44.7070,63.7330
44.7070,63.7330,44.7210,63.2790
45.3810,63.7330,45.3810,63.2790
44.9680,64.9850,45.3670,64.9850
45.3670,64.9850,45.3670,64.5310
47.5690,68.4530,45.3540,68.4390
44.9550,67.7780,44.9550,67.0630
44.6930,68.7000,44.6930,67.0630
44.7070,65.2330,44.9550,65.2330
44.6930,67.0630,44.9550,67.0630
45.3540,68.4390,45.3540,67.7780
45.3540,67.7780,44.9550,67.7780
48.0230,67.7920,47.5690,67.7920
47.5690,67.7920,47.5690,68.4530
48.0230,68.4530,48.0230,67.7920
53.8710,68.4800,53.3070,68.4800
53.8710,68.7410,52.2880,68.7280
51.2290,68.7280,51.2290,68.4660
51.2290,68.4660,50.6650,68.4660
50.6650,67.8060,50.2110,67.8060
50.2110,67.8060,50.2110,68.4660
50.6650,68.4660,50.6650,67.8060
52.2880,68.7280,52.2880,68.4800
52.2880,68.4800,52.8530,68.4800
53.3070,68.4800,53.3200,67.8200
52.8530,68.4800,52.8530,67.8200
52.8530,67.8200,53.3200,67.8200
55.4940,68.4940,54.9440,68.4940
56.5130,68.7550,54.9440,68.7410
53.8710,68.4800,53.8710,68.7410
54.9440,68.4940,54.9440,68.7410
56.5130,68.4940,56.5130,68.7550
55.9620,67.8330,55.5080,67.8330
55.5080,67.8330,55.4940,68.4940
55.9620,67.8330,55.9620,68.4940
55.9620,68.4940,56.5130,68.4940
61.5210,57.5550,61.5070,55.5740
61.2730,57.1010,61.2730,56.0280
61.5070,55.5740,60.8740,55.5740
61.2730,56.0280,60.8740,56.0280
60.8740,56.0280,60.8740,55.5740
60.8610,57.5550,60.8740,57.1010
60.8740,57.1010,61.2730,57.1010
61.5210,57.5550,60.8610,57.5550
60.8610,57.5550,61.5210,57.5550
60.8330,64.8750,60.8330,65.3430
61.4800,68.7690,61.4940,63.3620
61.2320,64.8750,61.2460,63.8160
61.4940,63.3620,60.8330,63.3480
61.2460,63.8160,60.8330,63.8160
60.8330,63.8160,60.8330,63.3480
61.2320,64.8750,60.8330,64.8750
60.8190,68.5210,58.6040,68.5080
61.4800,68.7690,57.5860,68.7550
58.1500,67.8470,58.6040,67.8470
57.5860,68.4940,57.5860,68.7550
58.1500,67.8470,58.1500,68.5080
58.1500,68.5080,57.5860,68.4940
58.6040,68.5080,58.6040,67.8470
61.2180,67.8610,61.2320,65.3430
61.2320,65.3430,60.8330,65.3430
60.8330,65.3430,61.2320,65.3430
61.2180,67.8610,60.8190,67.8610
60.8190,67.8610,60.8190,68.5210
44.8580,55.4910,44.8580,55.1200
44.8580,55.1200,45.3260,55.1200
44.7760,49.2440,44.7890,48.1990
33.7270,64.7240,34.9380,64.7370
35.5570,64.7370,36.7680,64.7370
37.3870,64.7370,38.6110,64.7510
37.3870,64.4900,38.6110,64.4900
35.5570,64.4760,36.7810,64.4900
33.7270,64.4760,34.9510,64.4760
58.5350,52.9040,58.4110,52.9040
58.3980,53.9220,58.5210,53.9220
58.5210,53.9220,58.5080,57.9260
58.3980,53.9220,58.3980,54.4590
24.9480,48.1020,24.9480,48.3640
30.7550,48.1300,30.7410,48.3910
61.5070,68.7690,61.5760,56.2620
60.9160,47.6620,61.7000,47.6620
61.7000,47.6620,61.6860,49.9050
61.6860,49.9050,60.9840,49.9050
60.9840,49.9050,60.9840,49.7670
60.9710,55.4500,61.6590,55.4500
61.6590,55.4500,61.6590,56.2620
61.4520,57.6790,60.8610,57.6790
60.9710,55.4500,60.9710,55.5740
61.4520,57.6790,61.4250,63.3620
-5.2401,49.5880,-6.0106,49.5880
-6.0106,49.5880,-5.9968,47.3450
-5.9968,47.3450,-5.2125,47.3450
-5.2125,47.3450,-5.2125,47.4830
-5.2401,55.1330,-6.0243,55.1330
-6.0243,55.1330,-6.0381,57.3620
-6.0381,57.3620,-5.2538,57.3760
-5.2401,55.2570,-5.2401,55.1330
-5.2538,57.2390,-5.2538,57.3760
-6.0931,68.4530,-6.0656,62.9070
-6.0656,62.9070,-5.2813,62.9070
-6.0931,68.4530,-5.9693,68.4530
-5.2813,62.9070,-5.2813,63.0450
44.7070,65.2330,44.6930,67.0630
44.9550,65.2330,44.9550,67.0630
51.2290,68.7280,52.2880,68.7280
52.2880,68.4800,51.2290,68.4660
53.8710,68.7410,54.9440,68.7410
54.9440,68.4940,53.8710,68.4800
56.5130,68.7550,57.5860,68.7550
57.5860,68.4940,56.5130,68.4940
11.7390,48.0470,10.9140,48.0330
11.7390,48.2950,10.2530,48.2950
39.7810,38.2640,39.7810,37.8930
41.0060,38.2640,41.0060,37.8930
50.7200,38.2780,50.7200,37.9200
51.9440,38.2780,51.9440,37.9200
51.9440,37.9200,53.7740,37.9200
53.7740,38.2780,51.9440,38.2780
45.2850,38.2780,45.2850,37.9200
46.4960,38.2780,46.4960,37.9200
47.9270,38.2780,47.9270,37.9200
49.1510,38.2780,49.1510,37.9200
47.9270,37.9200,46.4960,37.9200
47.9270,38.2780,46.4960,38.2780
13.6650,48.3090,11.7390,48.2950
11.7390,48.0470,13.6650,48.0470
14.1610,50.8540,18.4540,50.8950
17.5730,48.7210,18.2750,48.7350
14.1610,50.6480,18.4540,50.6890
10.2260,47.5110,6.6206,47.5110
6.3592,47.5110,2.6854,47.4970
10.2260,47.6480,6.6206,47.6340
6.3592,47.6340,2.6441,47.6210
28.2920,48.4460,28.2920,38.2780
25.8290,41.2640,22.7190,41.2640
22.4720,41.9240,22.4720,44.5940
25.9530,45.9140,25.9530,44.5940
25.8290,41.1260,25.8290,39.8050
25.8290,39.8050,26.2550,39.8050
22.7190,41.2640,22.7190,41.9240
22.7190,41.9240,22.4720,41.9240
25.8290,41.1260,24.2050,41.1260
26.2550,39.8050,26.2550,41.0300
26.2550,41.0300,25.9530,41.0300
22.3480,45.1440,22.3480,45.9140
25.8290,42.4610,25.9530,42.4610
25.9530,42.4610,25.9530,41.0300
25.8290,42.4610,25.8290,41.2640
25.9530,45.9140,25.8290,45.9140
25.8290,45.9140,25.8290,44.7170
22.4720,44.5940,25.9530,44.5940
25.8290,44.7170,22.4720,44.7170
22.4720,44.7170,22.4720,45.9140
22.4720,45.9140,22.3480,45.9140
22.4720,45.7910,22.4720,44.7170
22.4720,44.7170,22.4720,45.4190
28.2640,18.7120,28.2640,22.9640
28.2640,22.9640,29.3930,22.9640
29.3930,22.9640,29.3930,18.5050
28.1400,18.8220,28.1400,23.0870
28.1400,23.0870,29.5160,23.0870
29.5160,23.0870,29.5160,18.5050
55.7280,18.5050,55.7280,18.8220
55.7280,18.8220,54.9580,18.8220
54.9580,18.8220,54.9580,18.5050
39.2580,18.5050,39.2580,18.8220
39.2580,18.8220,38.6940,18.8220
38.6940,18.8220,38.6940,18.5050
34.2360,18.5050,34.2360,18.8220
34.2360,18.8220,33.2040,18.8220
33.2040,18.8220,33.2040,18.5050
22.8430,18.6020,22.8430,18.9050
22.8430,18.9050,22.1830,18.9050
22.1830,18.9050,22.1830,18.6020
17.2840,18.5050,17.2840,18.8220
17.2840,18.8220,16.7200,18.8220
16.7200,18.8220,16.7200,18.5050
12.0970,18.5050,12.0970,18.8220
12.0970,18.8220,11.2300,18.8220
11.2300,18.8220,11.2300,18.5050
1.3232,18.2440,1.3232,18.5050
1.3232,18.5050,0.8692,18.5050
0.8692,18.5050,0.8692,18.8220
0.8692,18.8220,0.5665,18.8220
0.5665,23.0460,0.8692,23.0460
0.8692,23.0460,0.8692,23.6100
0.8692,23.6100,0.5665,23.6100
0.5665,27.9450,0.8692,27.9450
0.8692,27.9450,0.8692,28.4950
0.8692,28.4950,0.5665,28.4950
0.5665,32.8150,0.8692,32.8150
0.8692,32.8150,0.8692,33.3800
0.8692,33.3800,0.5665,33.3800
2.6854,38.1270,5.7813,38.1270
5.7813,38.1270,5.7813,37.6720
5.7813,37.6720,6.2491,37.6720
6.2491,37.6720,6.2491,38.1270
11.2850,38.1270,11.2850,37.6720
11.2850,37.6720,11.7390,37.6720
11.7390,37.6720,11.7390,38.1270
11.2850,38.1270,6.2491,38.1270
0.8692,37.9750,0.8692,37.6720
0.8692,37.6720,0.5665,37.6720
0.5665,37.6720,0.5665,37.3010
22.2650,37.9610,22.2650,37.6720
22.2650,37.6720,22.7190,37.6720
22.7190,37.6720,22.7190,37.9610
27.9200,37.6720,27.9200,35.0860
38.3640,37.9200,38.3640,37.6040
38.3640,37.6040,39.2030,37.6040
39.2030,37.6040,39.2030,37.9200
49.7290,37.9200,49.7290,37.6040
49.7290,37.6040,50.4720,37.6040
50.4720,37.6040,50.4720,37.9200
55.1640,37.9200,55.1640,37.6040
55.1640,37.6040,55.6870,37.6040
55.6870,37.6040,55.6870,37.9200
61.3970,32.8430,61.0390,32.8430
61.0390,32.8430,61.0390,33.3520
61.0390,33.3520,61.3970,33.3520
50.2240,28.4950,49.6740,28.4950
49.6740,28.4950,49.6740,27.9310
49.6740,27.9310,50.2240,27.9310
55.5360,28.4950,55.1780,28.4950
55.1780,28.4950,55.1780,27.9310
55.1780,27.9310,55.5360,27.9310
44.2530,27.9310,44.7620,27.9310
44.7620,27.9310,44.7620,28.4950
44.7620,28.4950,44.2530,28.4950
38.9140,28.4120,38.7770,28.4120
38.7770,28.4120,38.7770,28.0130
38.7770,28.0130,38.9140,28.0130
28.1960,28.2750,28.1960,28.4120
28.1960,28.4120,27.7830,28.4120
27.7830,28.4120,27.7830,28.2750
16.9400,28.0130,17.2020,28.0130
17.2020,28.0130,17.2020,28.4120
17.2020,28.4120,16.9400,28.4120
11.2300,28.2610,10.0470,28.2610
11.2300,28.1230,10.0470,28.1230
16.9400,28.0130,16.9400,27.2430
28.1960,28.1510,29.1170,28.1510
28.1960,28.2750,29.1170,28.2750
39.0380,28.0130,39.0380,24.5730
38.9140,28.0130,38.9140,24.5730
55.6730,25.2200,55.6730,31.3290
55.5360,27.9310,55.5360,25.0000
39.1760,23.1700,39.1760,23.5280
39.1760,23.5280,39.0380,23.5280
44.2530,23.1290,44.6660,23.1290
44.6660,23.1290,44.6660,23.5280
44.6660,23.5280,44.2530,23.5280
50.2240,23.5280,49.7570,23.5280
49.7570,23.5280,49.7570,23.1290
49.7570,23.1290,50.2240,23.1290
17.2020,23.1700,17.2020,23.5280
17.2020,23.5280,16.9400,23.5280
55.5360,23.5280,55.2330,23.5280
55.2330,23.5280,55.2330,23.1700
11.7120,33.3520,11.7120,32.8980
60.8610,55.4910,60.8610,53.9360
60.9710,53.9360,60.9570,55.4910
60.9710,52.9180,60.9710,52.4910
60.8740,52.4910,60.8740,52.9180
60.9710,52.4360,60.9840,49.8080
60.8740,52.4360,60.8880,49.8630
-5.0199,50.3310,-5.0199,51.8310
-5.1300,51.8310,-5.1162,50.3310
-5.0337,52.8490,-5.0337,53.7710
-5.1300,53.7710,-5.1300,52.8490
-5.1437,55.1880,-5.1300,53.9360
-5.2401,53.9360,-5.2401,55.1330
-3.3000,52.8490,-3.3000,53.7850
-3.4100,53.7850,-3.3963,52.8490
-3.3000,51.8310,-3.2862,50.7990
-3.3963,50.7990,-3.3963,51.8310
-5.2813,63.0180,-5.1713,63.0180
-5.2813,62.9620,-5.1713,62.9620
-5.1575,57.3210,-5.1713,62.9620
-5.2538,57.3760,-5.2813,62.9070
54.9850,47.7990,53.3620,47.7990
55.0400,47.9920,55.0400,47.7310
55.2880,47.9920,55.2880,47.7440
55.2880,47.7440,55.0400,47.7310
55.2880,47.9920,55.0400,47.9920
55.0400,47.9920,55.2880,47.9920
55.2880,47.7440,55.0400,47.7310
60.9840,51.1570,60.8740,51.1570
60.8740,51.2120,60.9840,51.2120
11.7120,23.1700,11.7120,23.5280
11.7120,23.5280,11.2990,23.5280
11.2990,23.5280,11.2990,23.1700
33.6860,23.1700,33.6860,23.5280
33.6860,23.5280,33.2730,23.5280
33.2730,23.5280,33.2730,23.1700
28.1960,23.1700,28.1960,23.5280
28.1960,23.5280,27.7830,23.5280
27.7830,23.5280,27.7830,23.1700
11.2990,23.1700,11.1200,23.1700
33.6860,23.1700,34.3050,23.1700
22.1830,28.5220,22.1830,27.9030
22.1830,27.9030,22.8020,27.9030
22.8020,27.9030,22.8020,28.5220
22.8020,28.5220,22.1830,28.5220
27.7830,23.1700,27.6310,23.1700
31.5530,16.7030,35.4190,16.7030
35.4190,16.7030,35.4190,18.5050
31.5530,16.7030,31.5530,18.5050
61.1220,44.8000,61.4250,44.8000
61.1220,46.6440,61.4250,46.6440
2.4515,49.5190,2.4515,50.7990
2.5753,49.5470,2.5753,51.1980
17.5730,48.3910,22.3200,48.4190
27.9480,48.0750,27.9480,38.2780
14.1880,48.0200,16.5960,48.0200
2.8918,38.2780,2.8918,38.6910
2.8918,38.6910,2.6854,38.6910
2.8918,42.6950,2.8918,43.1080
2.8918,43.1080,2.6854,43.1080
2.6854,42.6950,2.8918,42.6950
2.6854,43.1080,2.6854,47.5110
61.1220,39.3100,61.1220,41.1400
61.1220,41.1400,61.4250,41.1400
61.3700,40.3280,61.3700,39.3100
61.1220,44.8000,61.1220,45.6250
61.1220,45.6250,61.4250,45.6250
61.4250,45.6250,61.4250,44.8000
6.2216,28.0820,6.2216,28.4120
6.2216,28.4120,5.8226,28.4120
5.8226,28.4120,5.8226,28.0820
5.8226,23.5280,5.8226,23.1290
5.8226,23.1290,6.2216,23.1290
6.2216,23.1290,6.2216,23.5280
6.2216,23.5280,5.8226,23.5280
58.7420,29.8980,58.6320,29.8980
58.7420,26.5410,58.6320,26.5410
58.6320,29.8980,58.6320,30.2840
58.7420,29.8980,58.7420,30.2840
58.6320,26.5410,58.6320,25.9770
58.7420,26.5410,58.7420,25.9770
58.7420,30.2840,61.3970,30.2840
11.5050,32.8980,11.3130,32.8980
11.3130,32.8980,11.3130,33.3520
38.9140,23.5280,38.7770,23.5280
38.7770,23.5280,38.7770,23.1700
50.2240,23.1290,50.2240,22.1790
50.2240,27.9310,50.2240,26.7470
39.0380,28.0130,39.1760,28.0130
39.1760,28.0130,39.1760,28.4120
39.1760,28.4120,39.0380,28.4120
33.2040,28.1510,33.2040,27.9310
33.2040,27.9310,33.8230,27.9310
33.6990,28.4950,33.2040,28.4950
33.2040,28.4950,33.2040,28.2750
27.7830,28.1510,27.7830,28.0130
27.7830,28.0130,28.1960,28.0130
28.1960,28.0130,28.1960,28.1510
6.2216,28.0820,6.3592,28.0820
11.2300,28.1230,11.2300,27.9310
11.2300,27.9310,11.7940,27.9310
11.7940,27.9310,11.7940,28.1230
11.7940,28.2610,11.7940,28.4950
11.7940,28.4950,11.2300,28.4950
11.2300,28.4950,11.2300,28.2610
58.6320,25.0960,55.6730,25.0960
5.8226,33.2970,5.8226,32.8980
5.8226,32.8980,6.2216,32.8980
6.2216,32.8980,6.2216,33.2970
6.2216,33.2970,5.8226,33.2970
44.7890,43.2730,45.5050,43.2730
45.5050,43.2730,45.5050,43.4650
45.5050,43.4650,44.9960,43.4650
44.7890,40.7270,45.5050,40.7270
44.9960,40.5210,45.5050,40.5210
45.5050,40.5210,45.5050,40.7270
38.8870,43.7820,39.0930,43.7820
39.0930,43.7820,39.0930,38.2780
38.8870,43.7820,38.8870,38.2780
1.9286,61.6280,0.1399,61.6140
1.9286,61.5040,1.8186,61.5040
44.2390,37.9200,44.2390,37.6040
44.2390,37.6040,44.7210,37.6040
44.7210,37.6040,44.7210,37.9200
33.2310,37.7140,33.2310,37.9200
11.1060,18.2440,11.1060,18.5050
61.6590,56.2620,61.5210,56.2620
29.0760,41.5800,29.0760,42.3920
29.0760,42.3920,28.2920,42.3920
28.2920,41.5800,29.0760,41.5800
28.2920,41.4560,29.2140,41.4560
29.2140,41.4560,29.2140,42.5300
29.2140,42.5300,28.2920,42.5300
16.9130,39.7360,16.9130,41.1260
16.9130,41.1260,17.0780,41.1260
17.0780,39.6130,17.0780,38.1540
61.4250,40.3280,61.4250,41.1400
14.1610,49.6300,13.9540,49.6300
13.9540,50.9920,13.9540,50.6480
13.9540,50.6480,14.1610,50.6480
14.1610,50.6480,14.1610,50.9920
14.1610,50.9920,13.9540,50.9920
45.3260,55.5050,45.3260,55.1200
14.0510,38.2640,2.8918,38.2780
44.9960,44.8960,44.7890,44.8960
44.9960,45.9140,44.7890,45.9140
44.7890,44.8960,44.7890,43.2730
44.9960,44.8960,44.9960,43.4650
16.4450,44.7720,16.5690,44.7720
16.4450,42.8460,16.5690,42.8460
16.4450,44.7720,16.4450,45.9140
17.0230,42.8050,16.9130,42.8050
16.4450,45.9140,17.1600,45.9140
16.4450,37.4390,16.4450,38.1540
16.4450,41.4150,16.4450,41.6350
16.4450,42.6530,16.5690,42.6530
16.4450,41.6350,16.5690,41.6350
16.4450,42.6530,16.4450,42.8460
16.9130,42.8050,16.9130,44.8270
16.8160,42.8050,16.8160,44.8270
16.4450,38.1540,16.4450,39.7910
16.5690,41.4150,16.4450,41.4150
16.5690,39.7910,16.4450,39.7910
16.9130,44.8270,17.0230,44.8270
16.8160,42.8050,16.5690,42.8050
16.5690,41.5940,17.2290,41.5940
17.2290,41.5940,17.2290,41.2640
16.8300,39.7360,16.8300,41.4700
16.8300,41.4700,16.5690,41.4700
17.0780,39.7360,16.9130,39.7360
17.0780,39.6130,16.5690,39.6130
16.5690,44.8270,16.8160,44.8270
16.5550,44.9380,16.5550,45.7910
16.5550,45.7910,17.0230,45.7910
16.5550,44.9380,17.0230,44.9380
17.0230,44.9380,17.0230,45.1440
17.0230,45.1440,17.1600,45.1440
61.3970,23.0740,61.1630,23.0740
61.1630,23.0740,61.1630,23.5830
61.1630,23.5830,61.3970,23.5830
46.5230,22.0420,46.0420,22.0420
46.0420,22.0420,46.0420,18.5190
46.6470,22.1790,45.9180,22.1790
45.9180,22.1790,45.9180,18.5190
46.6470,18.5190,46.6470,22.1790
46.5230,18.5190,46.5230,22.0420
47.1700,22.1790,46.6470,22.1790
37.4420,23.0320,37.4420,18.5050
37.5790,23.0320,37.5790,18.5050
16.5820,39.6130,16.5820,37.5760
16.5820,37.5760,18.1370,37.5760
18.1370,37.5760,18.1370,37.9890
16.8300,39.7360,16.5690,39.7360
58.7690,23.1970,58.5630,23.1970
58.4660,23.3080,58.6320,23.3080
58.6320,23.3080,58.6320,25.0960
16.9950,37.9890,17.8210,37.9890
17.8210,38.1820,21.6870,38.1820
21.6870,37.9750,17.8210,37.9750
17.8210,37.9750,17.8210,38.2780
21.6870,37.9750,21.6870,38.2780
22.4990,38.2780,21.6870,38.2780
22.4990,37.9890,23.3110,37.9890
24.1640,38.2780,22.4990,38.2780
24.2050,37.9610,22.7190,37.9610
23.3110,38.1820,24.1640,38.1820
24.1640,37.9890,23.3110,37.9890
23.3110,37.9890,23.3110,38.2780
24.1640,37.9890,24.1640,38.2780
27.9480,48.0750,22.3200,48.0610
22.3200,48.0610,22.3200,48.4190
17.3250,44.7450,17.3250,42.9840
17.3250,42.9840,19.9670,42.9840
19.9670,42.9840,19.9670,44.7450
20.1320,44.7450,20.1320,42.0210
20.1320,42.0210,22.2240,42.0210
22.2240,42.0210,22.2240,44.7450
16.9400,28.0130,16.9400,27.2430
22.8160,27.8890,16.9540,27.8890
16.9540,27.8890,17.4490,27.8890
22.8160,28.0270,16.9540,28.0270
22.8020,27.8890,22.8020,30.0910
22.6640,27.8890,22.6640,30.1460
20.2700,24.1880,20.2700,27.8480
20.1460,24.1610,20.1460,27.8480
20.1600,23.1700,20.2840,23.1700
20.1600,24.1880,20.2840,24.1880
55.4670,23.2390,55.4670,23.4310
55.5770,23.4590,55.3290,23.4590
55.4390,23.4310,55.4390,23.2390
55.3290,23.1970,55.5770,23.1970
61.4110,37.8790,61.4110,38.0720
61.5350,38.1130,61.2730,38.1130
61.3970,38.0720,61.3970,37.8790
61.2730,37.8510,61.5350,37.8510
17.8630,44.7460,17.3280,44.7420
19.0460,44.7420,19.9700,44.7380
21.4880,44.7440,22.2250,44.7380
