23.0846,79.9703,22.7909,79.9703
31.5214,80.0166,31.8298,80.0166
51.4659,37.5680,52.5757,37.5680
23.6238,47.0386,22.0665,47.0386
-5.8832,46.7616,-5.8832,48.7969
60.7975,47.0849,56.8946,47.0701
49.7529,47.0238,48.8432,47.0238
44.3242,47.0080,43.4293,47.0080
38.8946,46.9775,37.9997,46.9775
33.4649,46.9459,31.2592,46.9459
31.2592,46.9459,31.2592,47.2702
31.2592,47.2702,29.4703,47.2702
23.6238,47.0386,23.6238,47.2396
23.6238,47.2396,25.3673,47.2544
-5.9758,66.7673,-5.9758,67.5380
-5.9449,62.3252,-5.9604,64.9626
-5.9141,54.6277,-5.9295,56.4944
-0.7006,46.7922,-2.9063,46.7764
-4.5259,46.7764,-5.8832,46.7616
9.2946,67.6149,10.6523,67.6307
10.6523,67.6307,10.6829,63.6971
7.6904,67.6149,5.5463,67.6001
-0.8857,67.5695,-3.0143,67.5538
-4.6184,67.5538,-5.9758,67.5380
24.7503,63.7750,22.2824,63.7592
12.1021,63.7129,10.6829,63.6971
20.6778,63.7592,18.5341,63.7435
60.7354,62.6337,60.7206,65.2711
60.7670,54.9519,60.7512,56.8029
44.0926,63.8676,44.0769,67.7854
29.9789,63.7898,32.4311,63.8056
42.6113,63.8519,44.0926,63.8676
34.0356,63.8213,36.1645,63.8213
22.0665,47.0386,22.0665,47.2544
54.9825,47.0544,54.2729,47.0544
2.2146,37.6143,0.2403,37.6143
0.2403,37.6143,0.2403,35.2548
0.2403,29.6241,0.2403,25.9222
0.2403,20.2777,0.2403,17.9172
0.2403,17.9172,4.6826,17.9172
20.1535,17.9172,22.7762,17.9172
25.1820,17.9172,29.0071,17.9172
31.1202,17.9172,34.9305,17.9172
40.8687,17.9172,37.1511,17.9172
43.2746,17.9172,45.8815,17.9172
54.8278,17.9172,52.3135,17.9172
56.4323,17.9172,60.8586,17.9172
60.8586,17.9172,60.8586,20.0303
60.8586,24.0407,60.8586,21.6348
60.8133,29.2702,60.8133,26.2622
60.8586,31.4750,60.8586,33.8976
60.8586,35.5012,60.8586,37.6143
28.8376,30.5190,37.0131,30.5190
37.0131,30.5190,37.0131,30.7969
37.0131,30.7969,28.8376,30.7969
25.3821,63.0654,25.3673,63.4665
25.3673,63.4665,25.0588,63.4665
25.0588,63.4665,25.0588,63.5739
25.0588,63.5739,24.7503,63.5739
24.7503,63.5739,24.7503,63.7750
29.3925,63.0959,29.3925,63.4971
29.3925,63.4971,29.6704,63.4971
29.6704,63.5897,29.9789,63.5897
29.9789,63.5897,29.9789,63.7898
0.2866,31.8298,0.2866,33.0490
0.2866,29.6241,0.2866,29.8251
0.2866,35.2548,0.2866,35.0537
0.1477,29.7167,0.1477,35.1621
0.2866,22.4982,0.2866,23.7016
0.2866,20.2777,0.2866,20.4935
0.2866,25.9222,0.2866,25.7221
0.1477,20.3851,0.1477,25.8147
8.9089,17.9635,6.8883,17.9635
11.1146,17.9635,10.9145,17.9635
4.6826,17.9635,4.8831,17.9635
11.0071,17.8097,4.7906,17.8097
17.9477,17.9635,15.9430,17.9635
20.1535,17.9635,19.9534,17.9635
13.7215,17.9635,13.9216,17.9635
20.0608,17.8097,13.8299,17.8097
25.1820,17.9635,24.9819,17.9635
25.0893,17.8097,22.8678,17.8097
22.7762,17.9635,22.9762,17.9635
37.1511,17.9635,36.9510,17.9635
60.8133,35.5012,60.8133,35.3011
60.9670,35.4085,60.9670,33.9893
60.8133,33.8976,60.8133,34.0977
43.2746,17.9635,43.0745,17.9635
43.1672,17.8097,40.9614,17.8097
40.8687,17.9635,41.0688,17.9635
50.1077,17.9635,48.1030,17.9635
52.3135,17.9635,52.1134,17.9635
45.8815,17.9635,46.0826,17.9635
52.2209,17.8097,45.9899,17.8097
56.4323,17.9635,56.2312,17.9635
56.3397,17.8097,54.9362,17.8097
54.8278,17.9635,55.0288,17.9635
11.1146,17.9172,13.7215,17.9172
60.8133,21.6348,60.8133,21.4338
60.9670,21.5264,60.9670,20.1229
60.8133,20.0303,60.8133,20.2313
60.8133,24.0407,60.8133,24.2417
60.8133,31.4750,60.8133,31.2750
60.9670,31.3834,60.9670,24.1491
-3.0143,67.5075,-3.2148,67.5075
-3.1068,67.6612,-4.5105,67.6464
-4.6184,67.5075,-4.4179,67.5075
54.2729,37.6143,54.9825,37.6143
-4.5259,46.8227,-4.3254,46.8227
-4.4179,46.6690,-3.0143,46.6838
-2.9063,46.8385,-3.1068,46.8385
1.6131,46.6995,-0.5926,46.6995
-0.7006,46.8385,-0.5001,46.8385
-5.8524,51.2185,-5.8524,52.3145
-5.8370,48.7969,-5.8370,48.9979
-5.8678,54.6277,-5.8678,54.4276
-5.9912,48.9053,-6.0066,54.5350
60.7354,51.5270,60.7206,52.5303
60.7206,54.9519,60.7206,54.7509
60.8902,49.2138,60.8586,54.8435
-5.8832,58.9002,-5.8832,60.0110
-5.8678,56.4944,-5.8678,56.6945
-5.8987,62.3252,-5.8987,62.1241
-6.0221,56.5870,-6.0529,62.2168
-5.9141,66.7673,-5.9141,66.5662
-6.0683,66.6589,-6.0683,65.0553
-5.9141,64.9626,-5.9141,65.1627
9.2946,67.5695,9.0940,67.5695
9.2020,67.7233,7.7983,67.7075
7.6904,67.5538,7.8909,67.5538
1.5360,67.5380,3.1401,67.5380
-0.8857,67.5232,-0.6852,67.5232
5.5463,67.5538,5.3459,67.5538
-0.7777,67.6770,5.4538,67.7075
22.2824,63.7129,22.0813,63.7129
22.1740,63.8519,20.7705,63.8519
20.6778,63.6971,20.8789,63.6971
34.0356,63.7592,33.8355,63.7592
33.9430,63.9130,32.5237,63.9130
32.4311,63.7592,32.6321,63.7592
60.7049,67.0758,60.7049,67.8623
44.0769,67.7854,45.4192,67.7854
47.0386,67.8002,49.1823,67.8002
55.6143,67.8317,57.7431,67.8465
59.3477,67.8465,60.7049,67.8623
57.7431,67.8002,57.9442,67.8002
57.8358,67.9391,59.2393,67.9549
59.3477,67.8002,59.1466,67.8002
45.4340,67.7391,45.6351,67.7391
45.5267,67.8928,46.9302,67.8928
47.0386,67.7391,46.8385,67.7391
53.1926,67.7696,51.5891,67.7696
55.6143,67.7854,55.4142,67.7854
49.1823,67.7539,49.3833,67.7539
55.5068,67.9391,49.2749,67.9086
38.3850,63.7898,40.3907,63.7898
36.1645,63.7750,36.3646,63.7750
42.6113,63.8056,42.4112,63.8056
36.2719,63.9288,42.5039,63.9593
16.3284,63.6824,14.3079,63.6666
18.5341,63.6971,18.3331,63.6971
12.1021,63.6666,12.3022,63.6666
18.4415,63.8361,12.1948,63.8056
60.6585,67.0758,60.6585,66.8747
60.8133,66.9831,60.8133,65.3786
60.6585,65.2711,60.6585,65.4712
60.6891,59.2245,60.6891,60.2269
60.7049,56.8029,60.7049,57.0030
60.6743,62.6337,60.6743,62.4326
60.8586,56.9103,60.8281,62.5410
49.9540,37.5680,49.7529,37.5680
49.7529,37.6143,48.8590,37.6143
54.2729,37.5680,54.0718,37.5680
38.8946,37.6143,38.1229,37.6143
33.3723,37.6143,32.7711,37.6143
29.3777,37.6606,29.2693,37.6606
28.9765,37.6143,28.7755,37.6143
25.4599,37.6143,25.1514,37.6143
52.5757,47.1007,51.4501,47.0849
54.2729,47.1007,54.0718,47.1007
49.7529,47.0849,49.9540,47.0849
54.1802,46.9459,49.8456,46.9312
47.1470,47.0701,46.0362,47.0701
48.8432,47.0701,48.6431,47.0701
44.3242,47.0544,44.5243,47.0544
48.7506,46.9312,44.4169,46.8996
41.7173,47.0386,40.6066,47.0386
43.4293,47.0544,43.2283,47.0544
38.8946,47.0238,39.0947,47.0238
43.3209,46.8996,38.9872,46.8848
36.2877,47.0238,35.9329,47.0238
37.9997,47.0238,37.7996,47.0238
33.4649,47.0080,33.6650,47.0080
32.7711,37.6301,32.8480,37.7070
32.8943,37.6143,32.9869,37.7070
33.0333,37.6143,33.1259,37.7070
33.1722,37.6143,33.2797,37.7070
25.8611,37.6143,26.0611,37.6143
24.9819,63.0654,25.3821,63.0654
29.7936,63.0959,29.3925,63.0959
29.3156,59.9184,29.4082,60.0110
29.4240,60.0268,29.5166,60.1194
29.3156,59.7794,29.4082,59.8720
29.5630,60.0268,29.6704,60.1342
29.3156,59.6404,29.4082,59.7331
29.7010,60.0268,29.8094,60.1342
29.4388,59.6256,29.5472,59.7183
29.5935,59.6256,29.6862,59.7183
29.7325,59.6256,29.8251,59.7331
29.8715,59.6256,29.9789,59.7331
24.9967,60.0110,25.0893,60.1037
25.1357,60.0110,25.2441,60.1037
24.8735,59.5941,24.9819,59.7025
25.2746,60.0110,25.3821,60.1037
25.0125,59.6099,25.1199,59.7025
25.3978,59.9805,25.4905,60.0731
25.1662,59.6099,25.2589,59.7025
25.3978,59.8415,25.4905,59.9341
25.3052,59.6099,25.4905,59.7952
29.3314,54.6740,29.4082,54.7509
29.3314,54.5350,29.4388,54.6277
29.4546,54.6434,29.5630,54.7509
29.3314,54.3813,29.4388,54.4887
29.5935,54.6434,29.7010,54.7509
29.3314,54.2423,29.4388,54.3497
29.7473,54.6434,29.8399,54.7509
29.4851,54.2423,29.5778,54.3497
29.6241,54.2423,29.7167,54.3497
29.7630,54.2423,29.8399,54.3192
25.0273,54.6277,25.1357,54.7361
25.1662,54.6277,25.2746,54.7361
25.3210,54.6277,25.4136,54.7361
25.0588,54.2265,25.1514,54.3192
25.4136,54.5814,25.5210,54.6898
25.1978,54.2265,25.2904,54.3192
25.4136,54.4424,25.5210,54.5508
25.3357,54.2265,25.5210,54.4118
23.6238,44.4938,23.6238,44.6022
23.6238,44.6022,22.0665,44.6022
22.0665,44.6022,22.0665,44.4938
31.7687,37.6143,31.5677,37.6143
31.5677,37.6606,31.4602,37.6606
31.4602,37.6606,31.4602,37.7690
31.4602,37.7690,31.2592,37.7690
31.2592,37.7690,31.2592,37.6606
31.1665,37.6143,31.0591,37.6143
31.0591,37.6143,31.0591,37.3985
30.9665,37.5374,31.2897,37.8617
30.9665,37.3985,31.0591,37.4911
31.3361,37.7690,31.4287,37.8617
31.4602,37.7533,31.5677,37.8459
31.5214,37.6606,31.6140,37.7690
31.6140,37.6143,31.7066,37.7070
29.0692,37.6606,29.0692,37.7690
29.0692,37.7690,29.2693,37.7690
29.2693,37.7690,29.2693,37.6606
25.5526,37.6606,25.5526,37.7690
25.5526,37.7690,25.7527,37.7690
25.7527,37.7690,25.7527,37.6606
25.7527,37.6606,25.8611,37.6606
25.2125,37.6143,25.3210,37.7070
25.3515,37.6143,25.6137,37.8617
25.7527,37.8617,25.6600,37.7690
25.7527,37.7227,25.8611,37.8302
25.8295,37.6606,25.9379,37.7690
25.9222,37.6143,26.0306,37.7070
28.9765,47.1164,29.0840,47.1164
29.0840,47.1164,29.0840,47.0080
29.0840,47.0080,29.2850,47.0238
28.7755,47.1628,28.9765,47.1628
29.3777,47.1628,29.4851,47.1628
29.4703,47.2702,29.4851,47.1628
29.4703,37.3985,29.4703,37.6143
28.7755,37.6143,28.8681,37.7070
28.9144,37.6143,29.1618,37.8617
29.2693,37.6912,29.3777,37.7838
29.3777,37.6449,29.4703,37.7533
29.4703,37.5995,29.5778,37.7070
29.4703,37.4606,29.5778,37.5680
56.8946,37.6143,60.8586,37.6143
54.9825,37.5680,56.8946,37.5680
36.1330,43.2135,35.9487,43.2135
35.9487,43.3061,34.8221,43.3061
34.8221,43.2135,34.6368,43.2135
36.1330,43.6304,35.8560,43.6304
34.7452,43.2756,34.6368,43.2756
34.7452,43.3682,36.0098,43.3682
36.0098,43.2756,36.1330,43.2756
34.6368,43.5683,36.1330,43.5683
36.1330,41.4709,35.9487,41.4709
35.9487,41.4709,35.9487,41.3625
35.9487,41.3625,34.8221,41.3625
34.8221,41.3625,34.8221,41.4709
34.8221,41.4709,34.6368,41.4709
34.7452,41.4089,34.6368,41.4089
36.1330,41.1161,35.9171,41.1161
34.7452,41.4089,34.7452,41.3014
34.7452,41.3014,36.0098,41.3014
36.0098,41.3014,36.0098,41.4089
36.0098,41.4089,36.1330,41.4089
34.6368,41.0383,35.6086,41.0383
35.8560,41.1004,35.6086,41.1004
35.9171,41.1625,35.5475,41.1625
35.8560,41.0383,36.1330,41.0383
35.5475,41.1161,34.6368,41.1161
34.3747,37.6143,35.5317,37.6143
35.5317,37.5680,35.9329,37.5680
35.8560,43.5841,35.6086,43.5841
35.9171,43.5062,35.5475,43.5062
35.1769,47.0080,35.5317,47.0080
35.5317,47.0701,35.9329,47.0701
35.6086,43.6304,34.6368,43.6304
28.7755,47.1628,28.7755,47.7177
28.7755,47.7177,28.9765,47.7177
29.0692,47.7640,29.0692,47.8714
29.0692,47.8714,29.4703,47.8714
29.4703,47.8714,29.4703,48.2725
29.4703,48.2725,29.8862,48.2725
29.8862,48.2725,29.8862,48.3810
25.7684,47.1007,25.7684,46.9923
25.7684,46.9923,25.5674,46.9923
26.0611,47.1470,25.8611,47.1470
25.5674,46.9923,25.5674,47.1007
25.5674,47.1007,25.4599,47.1007
25.3673,47.2544,25.3673,47.1470
26.0611,47.1470,26.0611,47.7019
26.0611,47.7019,25.8611,47.7019
25.8611,47.7482,25.7527,47.7482
25.7527,47.7482,25.7527,47.8566
25.7527,47.8566,25.4599,47.8566
25.4599,47.8566,25.4599,48.2578
25.4599,48.2578,25.0430,48.2578
15.2018,74.2785,15.1871,74.3869
15.1871,74.3869,15.1871,74.5101
15.1871,74.5101,15.1713,74.6185
15.1407,74.7102,15.1102,74.8186
15.1102,74.8186,15.0786,74.9270
15.0786,74.9270,15.0323,75.0187
15.0323,75.0187,14.9860,75.1271
14.9860,75.1271,14.9249,75.2197
14.9249,75.2197,14.8628,75.3124
14.8017,75.3893,14.7238,75.4819
14.7238,75.4819,14.6470,75.5588
14.5701,75.6209,14.4774,75.6978
14.4774,75.6978,14.3848,75.7599
14.3848,75.7599,14.2921,75.8062
14.2921,75.8062,14.1995,75.8673
14.1995,75.8673,14.0921,75.8988
14.0921,75.8988,13.9994,75.9442
13.9994,75.9442,13.8910,75.9757
13.8910,75.9757,13.7836,75.9905
13.7836,75.9905,13.6752,76.0063
13.6752,76.0063,13.5677,76.0220
13.5677,76.0220,13.3509,76.0220
13.3509,76.0220,13.2435,76.0063
13.2435,76.0063,13.1350,75.9905
13.1350,75.9905,13.0276,75.9757
13.0276,75.9757,12.9192,75.9442
12.9192,75.9442,12.8118,75.8988
12.7191,75.8673,12.6107,75.8062
12.6107,75.8062,12.5181,75.7599
12.5181,75.7599,12.4254,75.6978
12.4254,75.6978,12.3485,75.6209
12.3485,75.6209,12.2559,75.5588
12.2559,75.5588,12.1790,75.4819
12.1790,75.4819,12.1169,75.3893
12.1169,75.3893,12.0400,75.3124
12.0400,75.3124,11.9789,75.2197
11.9789,75.2197,11.9326,75.1271
11.9326,75.1271,11.8863,75.0187
11.8863,75.0187,11.8400,74.9270
11.8400,74.9270,11.7936,74.8186
11.7936,74.8186,11.7621,74.7102
11.7473,74.6185,11.7316,74.5101
11.7316,74.5101,11.7168,74.3869
11.7168,74.3869,11.7168,74.1711
11.7168,74.1711,11.7316,74.0627
11.7316,74.0627,11.7473,73.9552
11.7473,73.9552,11.7621,73.8468
11.7621,73.8468,11.7936,73.7394
11.7936,73.7394,11.8400,73.6467
11.8400,73.6467,11.8863,73.5383
11.8863,73.5383,11.9326,73.4457
11.9326,73.4457,11.9789,73.3530
11.9789,73.3530,12.0400,73.2604
12.0400,73.2604,12.1169,73.1677
12.1790,73.0909,12.2559,73.0140
12.2559,73.0140,12.3485,72.9371
12.4254,72.8750,12.5181,72.8139
12.5181,72.8139,12.6107,72.7518
12.6107,72.7518,12.7191,72.7055
12.7191,72.7055,12.8118,72.6592
12.8118,72.6592,12.9192,72.6286
12.9192,72.6286,13.0276,72.5971
13.0276,72.5971,13.1350,72.5665
13.1350,72.5665,13.2435,72.5508
13.2435,72.5508,13.3509,72.5508
13.3509,72.5508,13.4593,72.5360
13.4593,72.5360,13.5677,72.5508
13.5677,72.5508,13.6752,72.5508
13.6752,72.5508,13.7836,72.5665
13.7836,72.5665,13.8910,72.5971
13.8910,72.5971,13.9994,72.6286
14.0921,72.6592,14.1995,72.7055
14.1995,72.7055,14.2921,72.7518
14.2921,72.7518,14.3848,72.8139
14.3848,72.8139,14.4774,72.8750
14.4774,72.8750,14.5701,72.9371
14.5701,72.9371,14.6470,73.0140
14.6470,73.0140,14.7238,73.0909
14.7238,73.0909,14.8017,73.1677
14.8017,73.1677,14.8628,73.2604
14.8628,73.2604,14.9249,73.3530
14.9249,73.3530,14.9860,73.4457
14.9860,73.4457,15.0323,73.5383
15.0323,73.5383,15.0786,73.6467
15.1102,73.7394,15.1407,73.8468
15.1407,73.8468,15.1713,73.9552
15.1713,73.9552,15.1871,74.0627
15.1871,74.0627,15.1871,74.1711
15.1871,74.1711,15.2018,74.2785
58.0516,18.1636,58.0516,23.0078
42.0101,18.1636,42.0101,22.5751
42.0101,22.5751,41.9026,22.5751
41.9026,22.5751,41.9026,22.6993
41.9026,22.6993,42.0722,22.6993
38.2924,22.6993,40.8993,22.6993
40.8993,22.6993,40.8993,22.5751
40.8993,22.5751,38.2924,22.5751
42.1333,18.1636,42.1333,22.5751
42.0722,22.6993,42.2259,22.6993
45.0181,22.5751,45.0181,18.1636
42.2259,22.5751,42.2259,22.6993
45.0802,22.6993,43.2283,22.6993
43.2283,22.6993,43.2283,22.5751
43.2283,22.5751,45.0181,22.5751
48.0409,18.2414,48.0409,22.5751
48.0409,22.5751,47.9335,22.5751
48.1030,22.6993,47.9335,22.6993
45.1413,22.5751,45.1413,18.1636
47.9335,22.5751,47.9335,22.6993
45.0802,22.6993,46.9302,22.6993
46.9302,22.6993,46.9302,22.5751
46.9302,22.5751,45.1413,22.5751
51.0490,18.1793,51.0490,22.5751
51.0490,22.5751,50.9415,22.5751
51.1111,22.6993,50.9415,22.6993
48.1641,22.5751,48.1641,18.3646
50.9415,22.5751,50.9415,22.6993
48.1030,22.6993,49.9382,22.6993
49.9382,22.6993,49.9382,22.5751
49.9382,22.5751,48.1641,22.5751
51.1722,18.1793,51.1722,22.5751
51.1722,22.5751,51.2806,22.5751
51.1111,22.6993,51.2806,22.6993
54.0570,22.5751,54.0570,18.1636
51.2806,22.5751,51.2806,22.6993
54.1339,22.6993,52.2829,22.6993
52.2829,22.6993,52.2829,22.5751
52.2829,22.5751,54.0570,22.5751
54.1960,18.1636,54.1960,22.5751
54.1339,22.6993,54.2886,22.6993
54.1960,18.1636,54.0570,18.1636
57.9127,22.5751,57.9127,18.1636
54.2886,22.5751,54.2886,22.6993
56.2933,22.6993,55.2910,22.6993
55.2910,22.6993,55.2910,22.5751
55.2910,22.5751,57.9127,22.5751
24.0407,18.1636,24.0407,22.5751
24.0407,22.5751,24.1481,22.5751
24.1481,22.5751,24.1481,22.6993
24.1481,22.6993,23.9786,22.6993
27.7426,22.6993,25.1514,22.6993
25.1514,22.6993,25.1514,22.5751
25.1514,22.5751,27.7426,22.5751
23.9175,18.1636,23.9175,22.5751
23.9175,22.5751,23.8091,22.5751
23.9786,22.6993,23.8091,22.6993
21.0326,22.5751,21.0326,18.1636
23.8091,22.5751,23.8091,22.6993
20.9558,22.6993,22.8067,22.6993
22.8067,22.6993,22.8067,22.5751
22.8067,22.5751,21.0326,22.5751
18.0098,18.2414,18.0098,22.5751
18.0098,22.5751,18.1172,22.5751
17.9477,22.6993,18.1172,22.6993
20.8937,22.5751,20.8937,18.1636
18.1172,22.5751,18.1172,22.6993
20.9558,22.6993,19.1206,22.6993
19.1206,22.6993,19.1206,22.5751
19.1206,22.5751,20.8937,22.5751
15.0018,18.1636,15.0018,22.5751
14.9397,22.6993,15.0944,22.6993
17.8866,22.5751,17.8866,18.3646
15.0944,22.5751,15.0944,22.6993
17.9477,22.6993,16.0968,22.6993
16.0968,22.6993,16.0968,22.5751
16.0968,22.5751,17.8866,22.5751
56.2933,25.3052,60.6122,25.3052
56.4323,28.3132,60.6122,28.3132
56.4323,25.3978,56.2933,25.3978
56.4629,26.7865,56.3239,26.7865
56.4323,26.4012,56.4323,28.3132
56.2933,26.4012,56.2933,28.3753
60.6122,32.9564,56.4323,32.9564
56.4323,32.9564,56.4323,32.8480
56.2933,33.0175,56.2933,32.8480
56.4323,28.4364,60.6122,28.4364
56.4323,32.8480,56.2933,32.8480
56.2933,28.3753,56.2933,31.8456
56.2933,31.8456,56.4323,31.8456
56.4323,31.8456,56.4323,28.4364
60.6122,33.0796,56.4323,33.0796
56.4323,33.0796,56.4323,33.1880
56.2933,33.0175,56.2933,33.1880
56.4323,36.0876,60.6122,36.0876
56.4323,33.1880,56.2933,33.1880
56.2933,36.1487,56.2933,34.1903
56.2933,34.1903,56.4323,34.1903
56.4323,34.1903,56.4323,36.0876
60.6122,36.2266,56.4323,36.2266
56.2933,36.1487,56.2933,36.3192
60.6122,36.2266,60.6122,36.0876
56.4323,36.3192,56.2933,36.3192
56.2933,37.3216,56.4323,37.3216
57.9127,18.1636,57.9127,22.5751
56.4323,23.0078,58.0516,23.0078
56.2933,22.5751,57.9127,22.5751
56.2933,25.3052,56.2933,24.1028
56.4323,24.1028,56.4323,25.1820
56.4323,25.1820,60.6122,25.1820
56.4323,23.1004,56.2933,23.1004
56.4323,24.1028,56.2933,24.1028
56.2933,23.1004,56.2933,22.5751
29.0997,22.5751,29.2082,22.5751
29.0997,22.6993,29.2082,22.6993
29.2387,18.1636,29.1155,18.1636
32.9564,22.5751,32.9564,18.3804
29.2082,22.5751,29.2082,22.6993
33.0175,22.6993,30.2105,22.6993
30.2105,22.6993,30.2105,22.5751
30.2105,22.5751,32.9564,22.5751
36.9973,22.6993,36.8426,22.6993
36.8741,18.1636,37.0131,18.1636
33.0796,22.5751,33.0796,18.3804
36.8426,22.5751,36.8426,22.6993
33.0175,22.6993,35.8402,22.6993
35.8402,22.6993,35.8402,22.5751
35.8402,22.5751,33.0796,22.5751
33.2491,32.2773,34.3747,32.2773
33.2333,32.3088,34.3599,32.3088
33.2491,31.4445,33.2491,32.2625
33.2185,31.4750,33.2185,32.2931
35.5938,30.9507,35.5623,31.1518
35.5623,31.1518,35.5012,31.3370
35.5012,31.3370,35.3928,31.5066
35.3928,31.5066,35.2538,31.6455
35.2538,31.6455,35.0843,31.7382
35.0843,31.7382,34.8990,31.8151
34.8990,31.8151,34.6989,31.8298
34.6989,31.8456,34.6989,32.5089
34.6831,31.8456,34.6831,32.3552
31.0591,31.8456,31.0591,32.3552
32.4931,32.2773,31.3676,32.2773
32.5089,32.3088,31.3824,32.3088
32.4931,31.4445,32.4931,32.2625
32.5395,31.4750,32.5395,32.2931
31.0433,31.8298,30.8433,31.8151
30.8433,31.8151,30.6580,31.7382
30.6580,31.7382,30.4884,31.6455
30.4884,31.6455,30.3495,31.5066
30.3495,31.5066,30.2411,31.3370
30.2411,31.3370,30.1800,31.1518
30.1800,31.1518,30.1484,30.9507
31.0433,31.8456,31.0433,32.5089
36.8426,31.7530,36.8426,34.8842
33.1722,30.8433,33.1722,35.9644
32.5700,30.8433,32.5700,35.0695
33.1722,35.9644,34.7295,35.9644
31.0591,32.3699,32.5700,32.3699
31.0591,32.3552,32.5700,32.3552
34.6831,35.0853,33.1722,35.0853
34.6831,35.0695,33.1722,35.0695
34.6831,35.0853,34.6831,35.2233
34.6831,35.9644,34.6831,35.8255
34.6989,35.8255,34.6989,35.9644
34.6989,35.2233,34.0819,35.2233
34.0819,35.2548,34.6831,35.2548
34.6831,35.8255,34.5294,35.8097
34.5294,35.8097,34.3747,35.7486
34.3747,35.7486,34.2515,35.6559
34.2515,35.6559,34.1588,35.5170
34.1588,35.5170,34.0977,35.3780
34.0977,35.3780,34.0819,35.2233
34.6831,34.9305,34.6831,35.0695
34.6989,34.9305,34.6989,35.2233
34.6831,35.0695,33.1722,35.0695
34.6831,35.0853,33.1722,35.0853
34.6831,32.3552,33.1722,32.3552
34.6831,32.3699,33.1722,32.3699
34.6831,33.2806,34.6831,33.4502
34.6831,35.0695,34.6831,34.9305
34.6989,34.3293,34.0819,34.3293
34.0819,34.3441,34.6831,34.3441
34.6831,34.9305,34.5294,34.9148
34.5294,34.9148,34.3747,34.8537
34.3747,34.8537,34.2515,34.7610
34.2515,34.7610,34.1588,34.6220
34.1588,34.6220,34.0977,34.4831
34.0977,34.4831,34.0819,34.3293
31.6603,34.3293,31.6446,34.4831
31.6446,34.4831,31.5834,34.6378
31.5834,34.6378,31.4908,34.7610
31.4908,34.7610,31.3518,34.8537
31.3518,34.8537,31.2129,34.9148
31.2129,34.9148,31.0591,34.9305
31.0591,34.3293,31.6603,34.3293
31.6603,34.3441,31.0591,34.3441
31.0433,35.0695,31.0433,34.9305
31.0591,34.9305,31.0591,35.0389
31.0591,33.2806,31.0591,33.4502
34.6989,30.9359,35.6086,30.9359
35.6086,30.9665,34.6989,30.9665
33.1722,30.8433,36.8426,30.8433
30.1336,30.9359,31.0433,30.9359
31.0433,30.9665,30.1336,30.9665
28.9608,36.9510,28.9608,33.2343
30.9665,37.3985,29.5778,37.3985
28.9608,30.8433,28.9608,33.1101
28.9608,33.1101,29.6704,33.1101
29.6704,33.1101,29.6704,33.2343
29.6704,33.2343,28.9608,33.2343
36.8426,30.8433,36.8426,34.8842
36.8426,34.8842,35.9329,34.8842
35.9329,34.8842,35.9329,35.0074
29.5778,37.3985,29.5778,37.6143
37.1205,30.6422,37.1205,34.8842
34.6989,33.4186,34.0819,33.4186
34.0819,33.4502,34.6831,33.4502
34.6831,34.0208,34.5294,34.0051
34.5294,34.0051,34.3747,33.9430
34.3747,33.9430,34.2515,33.8513
34.2515,33.8513,34.1588,33.7123
34.1588,33.7123,34.0977,33.5734
34.0977,33.5734,34.0819,33.4186
31.6603,33.4186,31.6446,33.5734
31.6446,33.5734,31.5834,33.7271
31.5834,33.7271,31.4908,33.8513
31.4908,33.8513,31.3518,33.9430
31.3518,33.9430,31.2129,34.0051
31.2129,34.0051,31.0591,34.0208
31.0591,33.4186,31.6603,33.4186
31.6603,33.4502,31.0591,33.4502
31.0433,34.1903,32.5700,34.1903
31.0591,34.1598,32.5700,34.1598
34.6831,34.1903,33.1722,34.1903
34.6831,34.1598,33.1722,34.1598
33.1722,34.1598,34.6831,34.1598
34.6831,34.1903,33.1722,34.1903
31.0591,34.0208,31.0591,34.3293
31.0433,34.0208,31.0433,34.3293
34.6989,34.0208,34.6989,34.3293
34.6831,34.0208,34.6831,34.3293
33.2491,18.1636,35.0232,18.1636
31.0276,17.9172,35.0232,17.9172
33.2491,18.1636,33.2491,18.3804
33.2491,18.3804,32.8016,18.3804
32.8016,18.3804,32.8016,18.1636
32.8016,18.1636,31.0276,18.1636
60.6122,26.2622,60.6122,27.4962
60.6122,27.4962,60.4269,27.4962
60.4269,27.4962,60.4269,28.3132
60.4269,28.3132,60.6122,28.3132
60.9670,24.1491,60.9670,21.5264
60.9670,29.1776,60.9670,26.3549
60.6122,29.2702,60.6122,28.3132
60.6122,24.2417,60.6122,23.1615
60.4585,22.7456,60.6122,22.7456
0.1477,37.7070,2.2146,37.7070
60.4585,22.7456,60.4585,23.1615
60.4585,23.1615,60.6122,23.1615
60.9670,31.3834,60.9670,33.9893
60.6122,31.2750,60.6122,32.3552
60.6122,32.3552,60.4121,32.3552
60.4121,32.3552,60.4121,32.9564
60.4121,32.9564,60.6122,32.9564
60.9670,20.1229,60.9670,17.8097
60.9670,35.4085,60.9670,37.7070
60.6122,34.0977,60.6122,32.9564
60.6122,21.4338,60.6122,22.7456
31.5982,63.8982,31.5214,80.0166
23.1615,63.8676,23.0846,79.9703
31.9067,63.8982,31.8298,80.0166
22.8530,63.8676,22.7909,79.9703
28.9608,31.5834,29.3156,31.5834
29.3156,31.5992,28.9608,31.5992
34.7295,35.9644,34.7295,36.0876
31.0128,35.7486,31.0128,35.0695
31.0128,35.0695,32.5700,35.0695
43.3209,74.2785,43.3209,74.3869
43.3209,74.3869,43.3061,74.5101
43.3061,74.5101,43.2904,74.6185
43.2746,74.7102,43.2440,74.8186
43.2440,74.8186,43.1977,74.9270
43.1672,75.0187,43.1051,75.1271
43.1051,75.1271,43.0587,75.2197
43.0587,75.2197,42.9976,75.3124
42.9976,75.3124,42.9198,75.3893
42.9198,75.3893,42.8587,75.4819
42.8587,75.4819,42.7818,75.5588
42.7818,75.5588,42.6891,75.6209
42.6891,75.6209,42.6113,75.6978
42.6113,75.6978,42.5196,75.7599
42.5196,75.7599,42.4270,75.8062
42.4270,75.8062,42.3343,75.8673
42.3343,75.8673,42.2259,75.8988
42.2259,75.8988,42.1185,75.9442
42.0258,75.9757,41.9174,75.9905
41.9174,75.9905,41.8100,76.0063
41.8100,76.0063,41.7016,76.0220
41.7016,76.0220,41.4700,76.0220
41.4700,76.0220,41.3625,76.0063
41.3625,76.0063,41.2541,75.9905
41.2541,75.9905,41.1467,75.9757
41.0540,75.9442,40.9456,75.8988
40.9456,75.8988,40.8382,75.8673
40.8382,75.8673,40.7455,75.8062
40.7455,75.8062,40.6529,75.7599
40.6529,75.7599,40.5603,75.6978
40.5603,75.6978,40.4834,75.6209
40.4834,75.6209,40.3907,75.5588
40.3907,75.5588,40.3139,75.4819
40.3139,75.4819,40.2518,75.3893
40.2518,75.3893,40.1749,75.3124
40.1749,75.3124,40.1128,75.2197
40.1128,75.2197,40.0665,75.1271
40.0665,75.1271,40.0054,75.0187
39.9738,74.9270,39.9275,74.8186
39.9275,74.8186,39.8969,74.7102
39.8812,74.6185,39.8506,74.5101
39.8506,74.5101,39.8506,74.0627
39.8506,74.0627,39.8812,73.9552
39.8812,73.9552,39.8969,73.8468
39.8969,73.8468,39.9275,73.7394
39.9275,73.7394,39.9738,73.6467
39.9738,73.6467,40.0054,73.5383
40.0054,73.5383,40.0665,73.4457
40.0665,73.4457,40.1128,73.3530
40.1128,73.3530,40.1749,73.2604
40.1749,73.2604,40.2518,73.1677
40.3139,73.0909,40.3907,73.0140
40.3907,73.0140,40.4834,72.9371
40.5603,72.8750,40.6529,72.8139
40.6529,72.8139,40.7455,72.7518
40.7455,72.7518,40.8382,72.7055
40.8382,72.7055,40.9456,72.6592
40.9456,72.6592,41.0540,72.6286
41.1467,72.5971,41.2541,72.5665
41.2541,72.5665,41.3625,72.5508
41.3625,72.5508,41.4700,72.5508
41.4700,72.5508,41.5784,72.5360
41.5784,72.5360,41.7016,72.5508
41.7016,72.5508,41.8100,72.5508
41.8100,72.5508,41.9174,72.5665
41.9174,72.5665,42.0258,72.5971
42.1185,72.6286,42.2259,72.6592
42.2259,72.6592,42.3343,72.7055
42.3343,72.7055,42.4270,72.7518
42.4270,72.7518,42.5196,72.8139
42.5196,72.8139,42.6113,72.8750
42.6891,72.9371,42.7818,73.0140
42.7818,73.0140,42.8587,73.0909
42.9198,73.1677,42.9976,73.2604
42.9976,73.2604,43.0587,73.3530
43.0587,73.3530,43.1051,73.4457
43.1051,73.4457,43.1672,73.5383
43.1672,73.5383,43.1977,73.6467
43.1977,73.6467,43.2440,73.7394
43.2440,73.7394,43.2746,73.8468
43.2746,73.8468,43.2904,73.9552
43.2904,73.9552,43.3061,74.0627
43.3061,74.0627,43.3209,74.1711
43.3209,74.1711,43.3209,74.2785
34.7295,36.0876,33.1722,36.0876
33.1722,36.0876,33.1722,37.4448
31.7687,37.4448,31.2592,37.4448
34.6831,32.3699,34.6831,32.5395
31.0591,32.3699,31.0591,32.5395
34.6989,32.5089,34.0819,32.5089
34.0819,32.5395,34.6831,32.5395
34.6831,33.1101,34.5294,33.0953
34.5294,33.0953,34.3747,33.0333
34.3747,33.0333,34.2515,32.9406
34.2515,32.9406,34.1588,32.8016
34.1588,32.8016,34.0977,32.6637
34.0977,32.6637,34.0819,32.5089
31.6603,32.5089,31.6446,32.6637
31.6446,32.6637,31.5834,32.8174
31.5834,32.8174,31.4908,32.9406
31.4908,32.9406,31.3518,33.0333
31.3518,33.0333,31.2129,33.0953
31.2129,33.0953,31.0591,33.1101
31.0591,32.5089,31.6603,32.5089
31.6603,32.5395,31.0591,32.5395
31.0433,33.2806,32.5700,33.2806
31.0591,33.2491,32.5700,33.2491
34.6831,33.2806,33.1722,33.2806
34.6831,33.2491,33.1722,33.2491
33.1722,33.2491,34.6831,33.2491
34.6831,33.2806,33.1722,33.2806
31.0591,33.1101,31.0591,33.4186
31.0433,33.1101,31.0433,33.4186
34.6989,33.1101,34.6989,33.4186
34.6831,33.1101,34.6831,33.4186
28.9608,32.3394,29.3156,32.3394
29.3156,32.3552,28.9608,32.3552
31.2592,36.9510,31.2592,37.4448
36.4572,35.0074,36.4572,37.4448
49.5528,30.4727,49.5528,36.8741
49.3833,37.1826,49.3833,30.6422
49.3833,30.6422,37.1205,30.6422
31.7687,37.4448,31.7687,37.6143
31.2592,36.9510,31.0128,36.9510
34.3747,37.4448,34.3747,37.7070
33.3723,37.7070,33.3723,37.4448
33.3723,37.4448,33.1722,37.4448
49.5065,37.3679,49.9540,37.3679
54.9362,37.3679,60.1037,37.3679
54.3497,37.3679,54.3497,36.8741
54.9362,37.3679,54.9362,36.8741
32.8174,35.7486,31.0128,35.7486
36.3340,37.4448,36.3340,36.0876
36.3340,36.0876,35.9329,36.0876
26.0611,37.6143,26.0611,36.8741
25.4284,36.8741,25.4284,37.5838
28.9608,30.8433,32.5700,30.8433
0.4871,23.2078,0.4871,22.4982
0.8419,18.1636,4.8831,18.1636
4.7906,17.8097,0.1477,17.8097
0.1477,17.8097,0.1477,20.4935
6.0399,18.1636,6.0399,18.3804
6.0399,18.3804,5.7314,18.3804
5.7314,18.3804,5.7314,18.1636
22.3898,18.1636,22.9762,18.1636
20.0608,17.8097,22.8678,17.8097
11.5463,18.1636,13.9216,18.1636
11.0071,17.8097,13.8299,17.8097
10.9145,18.1636,10.9145,17.8708
16.9759,18.1636,16.9759,18.3804
16.9759,18.3804,16.5137,18.3804
16.5137,18.3804,16.5137,18.1636
21.7728,18.6573,21.7728,18.1636
27.8658,18.1636,29.0997,18.1636
25.0893,17.8097,29.0071,17.8097
29.0997,18.1636,29.0997,17.9172
31.0276,18.1636,31.0276,17.9172
35.0232,18.1636,35.0232,17.9172
60.9670,17.8097,56.3397,17.8097
44.1084,18.1636,46.0826,18.1636
54.1960,18.6573,54.1960,18.1636
54.9362,17.8097,52.2209,17.8097
43.1672,17.8097,45.9899,17.8097
11.5463,18.1636,11.5463,18.3804
11.5463,18.3804,11.0840,18.3804
11.0840,18.3804,11.0840,18.1636
27.8658,18.1636,27.8658,18.3804
27.8658,18.3804,27.3720,18.3804
27.3720,18.3804,27.3720,18.1636
44.1084,18.1636,44.1084,18.3804
44.1084,18.3804,43.6452,18.3804
43.6452,18.3804,43.6452,18.1636
49.5223,18.1636,49.5223,18.3804
49.5223,18.3804,49.0748,18.3804
49.0748,18.3804,49.0748,18.1636
10.9145,18.1636,11.0840,18.1636
19.9534,18.1636,21.7728,18.1636
24.9819,18.1636,27.3720,18.1636
43.0745,18.1636,43.6452,18.1636
52.1134,18.1636,54.1960,18.1636
38.1692,18.1636,36.9510,18.1636
40.9614,17.8097,37.0584,17.8097
38.1692,18.1636,38.1692,18.3804
38.1692,18.3804,38.6788,18.3804
38.6788,18.3804,38.6788,18.1636
38.6788,18.1636,41.0688,18.1636
0.4871,29.2082,0.4871,29.3314
0.4871,25.7063,0.4871,27.4962
0.4871,27.4962,0.6877,27.4962
0.6877,27.4962,0.6877,28.1595
0.6877,28.1595,0.4871,28.1595
0.4871,29.8251,0.1941,29.8251
0.4871,31.8298,0.1941,31.8298
0.1477,29.7167,0.1477,25.8147
0.4871,29.8251,0.4871,28.1595
0.4871,31.8298,0.4871,33.0490
0.1477,35.1621,0.1477,37.7070
0.4871,37.2132,0.4871,35.0537
0.4871,33.0490,0.1941,33.0490
0.4871,35.0537,0.1941,35.0537
14.8628,18.1636,14.8628,22.5751
14.9397,22.6993,14.7702,22.6993
11.0840,22.5751,11.0840,18.1636
14.7702,22.5751,14.7702,22.6993
0.4871,28.2827,4.9140,28.2827
4.9140,28.2827,4.9140,28.3901
4.9140,28.3901,5.0528,28.3901
4.9140,29.3934,5.0528,29.3934
5.0528,28.3901,5.0528,28.2206
32.9406,24.6113,32.9406,24.5039
32.9406,24.5039,34.0198,24.5039
33.1722,24.3797,34.0198,24.3797
43.9231,24.5039,43.9231,24.3797
42.9198,24.5039,42.9198,24.3797
43.9231,24.5039,44.0926,24.5039
43.9231,24.3797,44.2158,24.3797
29.0840,24.5039,32.8174,24.5039
44.2158,27.8195,44.2158,24.8124
44.2158,24.8124,48.6116,24.8124
48.6116,24.3797,48.6116,24.6882
48.7358,24.3797,48.7358,24.8124
44.2158,27.8195,44.2158,30.4727
48.6116,24.3797,48.7358,24.3797
50.3393,24.5039,56.2933,24.5039
4.9140,29.3934,4.9140,31.7687
11.0840,37.2132,11.0840,33.0638
11.1767,33.0638,11.1767,32.9406
11.1767,32.9406,11.0071,32.9406
14.0921,32.9406,12.1790,32.9406
12.1790,32.9406,12.1790,33.0638
12.1790,33.0638,13.9679,33.0638
7.9372,37.3679,7.9372,33.0638
7.9372,33.0638,7.8292,33.0638
7.9989,32.9406,7.8292,32.9406
5.0528,33.0638,5.0528,36.8741
7.8292,33.0638,7.8292,32.9406
5.0528,32.9406,6.8266,32.9406
6.8266,32.9406,6.8266,33.0638
6.8266,33.0638,5.0528,33.0638
14.0921,32.9406,14.0921,37.3679
32.8174,30.4727,32.8174,30.3652
32.8174,24.6113,32.9406,24.6113
32.8174,25.6137,32.9406,25.6137
32.8174,24.6113,32.8174,24.5039
32.9406,25.6137,32.9406,25.9843
35.9487,25.6137,35.9487,27.1414
35.8245,30.4727,35.8245,28.9460
35.8245,24.5039,35.8245,24.6113
35.9487,24.6113,35.8245,24.6113
35.9487,25.6137,35.8245,25.6137
35.9487,24.6113,35.9487,24.5039
35.9487,24.5039,42.9198,24.5039
34.0198,24.5039,34.0198,24.3797
42.9198,24.3797,35.0232,24.3797
35.0232,24.3797,35.0232,24.5039
35.0232,24.5039,35.8245,24.5039
28.7755,30.4727,26.8013,30.4727
28.7755,30.5959,26.6781,30.5959
44.0926,30.4727,44.0926,24.5039
8.0606,37.3679,8.0606,33.0638
8.0606,33.0638,8.1685,33.0638
7.9989,32.9406,8.1685,32.9406
10.9451,33.0638,10.9451,37.3679
8.1685,33.0638,8.1685,32.9406
11.0840,32.9406,9.1712,32.9406
9.1712,32.9406,9.1712,33.0638
9.1712,33.0638,10.9451,33.0638
10.9451,22.5751,10.9451,18.1636
10.8830,18.1636,11.0840,18.1636
7.1505,22.5751,9.8345,22.5751
9.8345,22.6993,6.3484,22.6993
6.3484,22.5751,7.0271,22.5751
0.4871,28.1595,4.9140,28.1595
4.9140,28.1595,4.9140,28.0511
5.0528,28.2206,5.0528,28.0511
4.9140,23.7627,0.5643,23.7627
4.9140,28.0511,5.0528,28.0511
5.0528,23.7627,5.0528,27.0487
5.0528,27.0487,4.9140,27.0487
4.9140,27.0487,4.9140,23.7627
4.9140,23.6248,0.6877,23.6248
5.0528,23.7627,5.0528,22.6993
4.9140,23.6248,4.9140,22.5751
6.3484,22.5751,6.3484,22.6993
5.0528,22.6993,5.3304,22.6993
5.3304,22.6993,5.3304,22.5751
5.3304,22.5751,4.9140,22.5751
19.5986,37.5838,19.5986,33.0638
19.5986,33.0638,19.0890,33.0638
19.7218,32.9406,19.0890,32.9406
16.0968,33.0638,16.0968,36.7352
19.0890,33.0638,19.0890,32.9406
15.9736,32.9406,18.0867,32.9406
18.0867,32.9406,18.0867,33.0638
18.0867,33.0638,16.0968,33.0638
15.9736,32.9406,15.9736,36.7352
29.7936,63.1265,29.8094,59.7331
24.9819,62.9727,24.9967,59.7025
-5.2509,57.3893,-1.5643,57.4041
-1.4409,57.3430,-1.4409,57.4967
-1.5798,61.9546,-5.3896,61.9388
-1.5643,57.4967,-1.4409,57.4967
-1.4564,62.0167,-1.4409,58.4991
-1.4409,58.4991,-1.5643,58.4991
-1.5643,58.4991,-1.5798,61.9546
10.4207,63.6045,9.9890,63.6045
10.4207,63.4813,9.9890,63.4813
6.5027,63.5897,6.4873,67.3527
9.9890,63.6045,9.9890,63.4813
6.4410,63.4665,8.9861,63.4665
8.9861,63.4665,8.9861,63.5897
8.9861,63.5897,6.5027,63.5897
6.3793,46.8543,6.3484,50.8489
6.4101,50.9721,6.2559,50.9721
2.8625,50.8331,2.8779,46.8848
6.2559,50.8489,6.2559,50.9721
2.8008,50.9563,5.2533,50.9721
5.2533,50.9721,5.2533,50.8331
5.2533,50.8331,2.8625,50.8331
9.9890,46.8691,9.9733,50.8647
9.9733,50.8647,9.8658,50.8647
14.3079,51.0027,14.0457,51.0027
6.4718,50.8489,6.5027,46.8543
9.8658,50.8647,9.8658,50.9879
6.4101,50.9721,8.8627,50.9879
8.8627,50.9879,8.8627,50.8647
8.8627,50.8647,6.4718,50.8489
3.5412,56.8177,3.5258,61.3534
3.5875,61.4766,3.4178,61.4766
0.6413,61.3376,0.6568,56.8029
3.4332,61.3534,3.4178,61.4766
0.5179,61.4608,2.4152,61.4608
2.4152,61.4608,2.4152,61.3376
2.4152,61.3376,0.6413,61.3376
6.5644,56.8334,6.5490,61.3682
6.5490,61.3682,6.4410,61.3534
6.6107,61.4914,6.4410,61.4914
6.5644,56.8334,6.1325,56.8177
3.6492,61.3534,3.6800,56.8177
6.4410,61.3534,6.4410,61.4914
3.5875,61.4766,5.4384,61.4766
5.4384,61.4766,5.4384,61.3534
5.4384,61.3534,3.6492,61.3534
9.5876,56.8334,9.5722,61.3682
9.5722,61.3682,9.4642,61.3682
9.6956,61.5071,9.4642,61.5071
9.5876,56.8334,6.6878,56.8334
6.6878,56.8334,6.6724,61.3682
9.4642,61.3682,9.4642,61.5071
6.6107,61.4914,8.4616,61.4914
8.4616,61.4914,8.4616,61.3682
8.4616,61.3682,6.6724,61.3682
0.5334,56.6639,0.9344,56.6639
0.6568,56.8029,3.5412,56.8177
0.5488,52.8999,0.5488,53.3326
9.6956,61.3682,9.7110,56.8334
21.1095,63.4971,21.1253,59.7794
21.1253,59.7794,21.2337,59.7794
21.2337,59.7794,21.2337,59.6562
21.2337,59.6562,21.0021,59.6562
22.2360,59.7952,22.2360,59.6562
22.2203,59.7952,24.8114,59.7952
22.2203,59.6562,24.9041,59.6720
17.2381,63.4813,17.2539,59.7646
17.2539,59.7646,17.3613,59.7646
17.1307,59.6404,17.3613,59.6404
21.0021,59.7794,20.9863,63.4971
17.3613,59.7646,17.3613,59.6404
21.0632,59.6562,18.3646,59.6404
18.3646,59.6404,18.3646,59.7646
18.3646,59.7646,21.0021,59.7794
17.1149,63.4813,17.1307,59.7646
17.2539,59.6404,17.0380,59.6404
12.4254,59.7488,12.4106,63.1580
17.0380,59.7646,17.0380,59.6404
12.3022,59.6099,16.0199,59.6404
16.0199,59.6404,16.0199,59.7646
16.0199,59.7646,12.4254,59.7488
19.9840,47.4397,19.9534,53.1010
19.8450,47.4397,19.8292,53.1010
16.3284,54.5814,20.7241,54.6119
38.3703,57.5736,32.4163,57.5588
38.4935,57.7126,32.4163,57.6820
38.3850,54.4118,31.1665,54.3813
29.9483,57.5431,29.9631,54.3813
32.4163,57.5588,32.4163,57.6820
29.8251,57.6663,31.4139,57.6663
31.4139,57.6663,31.4139,57.5431
31.4139,57.5431,31.1518,57.5431
50.4320,57.6357,50.4941,47.4555
44.3854,57.6052,44.5864,57.6052
44.2622,57.7284,44.5864,57.7284
45.5888,57.6199,45.5888,57.7431
44.5864,57.6052,44.5864,57.7284
45.5888,57.7431,47.3471,57.7431
50.6015,50.5246,54.2108,50.5404
54.2108,50.5404,54.2108,50.6478
54.3350,50.4783,54.3350,50.6478
54.1960,54.0412,50.5867,54.0265
54.2108,50.6478,54.3350,50.6478
54.3192,54.1033,54.3350,51.6512
54.3350,51.6512,54.2108,51.6512
54.2108,51.6512,54.1960,54.0412
50.6015,50.4014,54.2108,50.4172
54.2108,50.3246,54.3497,50.3246
54.3497,50.3246,54.3350,50.4783
54.3497,47.3008,54.3497,49.3064
54.3497,49.3064,54.2265,49.3064
54.2265,49.3064,54.2265,47.3008
57.6505,50.3551,56.8334,50.3551
56.8334,50.2625,56.7102,50.2625
56.7102,50.2625,56.7102,50.4783
56.7250,47.3165,56.7102,49.2601
56.7102,49.2601,56.8334,49.2601
56.8334,49.2601,56.8482,47.3165
38.3850,54.2886,29.8399,54.2423
16.1894,57.6052,16.4053,57.6052
29.8251,57.6663,29.8399,54.2423
29.9789,52.7610,29.9947,48.3810
57.6505,50.3551,57.6199,55.7542
56.8177,55.8922,57.7589,55.8922
56.6787,55.7542,57.6199,55.7542
56.6639,58.1601,60.5048,58.1758
56.8029,58.0211,60.5048,58.0369
-5.2354,53.0083,-1.5490,53.0389
-1.4256,52.9620,-1.4256,53.1315
-1.5643,57.2809,-5.3743,57.2651
-1.5490,53.1315,-1.4256,53.1315
-1.4409,57.3430,-1.4256,54.1339
-1.4256,54.1339,-1.5490,54.1339
-1.5490,54.1339,-1.5643,57.2809
-1.4564,62.0167,-1.4564,62.1704
-1.4718,63.4202,-0.7931,63.4202
-0.8857,67.3222,-0.8548,63.5434
-0.8548,63.5434,-1.5952,63.5434
-1.4564,62.1704,-1.5952,62.1704
-1.5952,62.0778,-5.2662,62.0620
-1.4718,63.4202,-1.4718,63.1728
-1.4718,63.1728,-1.5952,63.1728
-1.5952,63.1728,-1.5952,63.5434
-1.4256,52.9620,-1.4256,52.8073
-1.5490,52.8999,-5.3588,52.8851
-1.0399,50.8183,-1.0091,47.0386
-1.5335,50.8026,-1.5335,51.7901
-1.5490,52.8073,-1.4256,52.8073
-1.5335,51.7901,-1.4101,51.7901
-1.4101,51.7901,-1.4101,50.9415
2.7545,47.0544,2.7391,50.8331
2.7391,50.8331,2.6311,50.8331
2.8008,50.9563,2.6311,50.9563
-0.9011,50.8183,-0.8857,47.0386
2.6311,50.8331,2.6311,50.9563
-1.4101,50.9415,1.6285,50.9415
1.6285,50.9415,1.6285,50.8183
1.6285,50.8183,-0.9011,50.8183
6.3484,67.3527,6.3793,63.5897
6.3793,63.5897,6.2714,63.5897
6.4410,63.4665,6.2714,63.4507
2.8779,63.5739,2.8625,67.3379
6.2714,63.5897,6.2714,63.4507
2.8162,63.4350,5.2687,63.4507
5.2687,63.4507,5.2687,63.5739
5.2687,63.5739,2.8779,63.5739
2.7391,67.3379,2.7545,63.5739
2.7545,63.5739,2.6465,63.5739
2.8162,63.4350,2.6465,63.4350
-0.7314,63.5434,-0.7469,67.3222
2.6465,63.5739,2.6465,63.4350
-0.7931,63.4202,1.6440,63.4350
1.6440,63.4350,1.6440,63.5592
1.6440,63.5592,-0.7314,63.5434
4.5438,56.6797,4.5592,53.0547
4.6209,52.9315,4.4666,52.9315
1.0732,53.0389,1.0578,56.6639
4.4666,53.0547,4.4666,52.9315
0.5488,52.8999,3.4641,52.9157
3.4641,52.9157,3.4641,53.0389
3.4641,53.0389,1.0732,53.0389
8.1685,56.6945,8.1840,53.0695
8.1840,53.0695,8.0760,53.0695
8.2457,52.9463,8.0760,52.9463
8.1685,56.6945,7.4590,56.6945
4.6826,53.0547,4.6672,56.6797
8.0760,53.0695,8.0760,52.9463
4.5592,52.9315,7.0734,52.9315
7.0734,52.9315,7.0734,53.0547
7.0734,53.0547,4.6826,53.0547
10.4818,55.3373,10.4976,53.0852
10.4976,53.0852,10.3902,53.0852
13.8604,52.9778,11.7316,52.9620
10.4818,56.7260,8.2919,56.6945
8.3074,53.0695,8.2919,56.6945
10.3902,53.0852,10.3902,52.9620
8.1840,52.9463,9.3871,52.9620
9.3871,52.9620,9.3871,53.0852
9.3871,53.0852,8.3074,53.0695
-1.0399,50.8183,-1.5335,50.8026
56.7102,50.4783,57.6505,50.4783
34.6831,59.8415,34.6684,63.5739
34.5905,59.8415,34.5905,59.7183
34.5905,59.7183,34.7610,59.7183
29.9020,59.7025,33.5881,59.7183
33.5881,59.7183,33.5881,59.8415
33.5881,59.8415,29.9947,59.8257
39.5116,59.8720,39.4958,63.5897
39.5727,59.7488,39.4189,59.7488
34.8221,59.8415,34.7916,63.5739
39.4189,59.8720,39.4189,59.7488
34.6368,59.7183,38.4166,59.7331
38.4166,59.7331,38.4166,59.8720
38.4166,59.8720,34.8221,59.8415
44.3242,63.6045,44.3390,59.8878
44.3390,59.8878,44.2316,59.8878
44.4622,59.7646,44.2316,59.7646
39.6348,59.8720,39.6190,63.5897
44.2316,59.8878,44.2316,59.7646
39.4653,59.7488,43.2283,59.7646
43.2283,59.7646,43.2283,59.8878
43.2283,59.8878,39.6348,59.8720
54.3961,57.6515,54.3961,57.7747
56.6639,57.7895,55.3984,57.7895
55.3984,57.7895,55.4142,57.6663
55.4142,57.6663,56.6639,57.6663
17.0686,47.4397,17.0528,49.6918
17.0528,49.6918,16.9296,49.6918
16.9296,49.6918,16.9296,48.1493
17.0528,50.8952,16.2200,50.8952
16.3441,51.0184,16.3284,54.4582
16.2200,50.8952,16.1894,57.6052
16.3284,54.5814,16.3126,57.4810
13.7215,57.2967,10.4365,57.2809
13.8604,52.9778,13.8299,57.7895
14.3227,46.8848,14.3227,48.0104
23.1152,57.5125,23.8396,57.5125
24.8893,57.5125,24.8893,53.9180
16.3284,54.4582,19.8144,54.4739
25.0125,54.2265,24.9967,57.6357
24.9967,57.6357,23.1152,57.6357
23.1152,57.6357,23.1152,57.5125
23.8554,54.3497,23.8396,57.5125
10.0965,50.8647,10.1122,46.8691
14.1847,50.8795,14.0457,50.8795
13.7215,57.1725,10.6060,57.1577
10.6060,57.1577,10.6208,53.0852
13.7057,57.1725,13.7372,53.1010
13.7372,53.1010,11.7316,53.1010
14.0457,50.8795,14.0457,51.0027
9.8658,50.9879,13.0424,51.0027
13.0424,51.0027,13.0424,50.8795
13.0424,50.8795,10.0965,50.8647
10.7134,53.0852,10.7292,52.9620
11.7316,53.1010,11.7316,52.9620
10.7292,52.9620,10.3902,52.9620
31.0276,57.5431,31.0433,54.3813
31.1518,57.5431,31.1665,54.3813
31.0433,54.3813,29.9631,54.3813
31.0276,57.5431,29.9483,57.5431
10.2975,61.3839,10.3123,56.8492
10.4207,61.5071,10.4365,57.2809
9.6956,61.3682,10.2975,61.3839
9.6956,61.5071,10.4207,61.5071
10.3123,56.8492,9.7110,56.8334
45.5888,57.6199,47.4860,57.6199
50.5867,54.0265,50.6015,50.5246
19.7218,32.9406,19.7218,37.6449
14.0921,37.3679,14.0921,38.2313
13.9679,37.4911,13.9679,38.2313
35.8560,35.8402,35.8560,35.3780
35.8560,35.3780,36.3182,35.3780
36.3182,35.3780,36.3182,35.8402
36.3182,35.8402,35.8560,35.8402
30.4884,37.2447,30.4884,36.7815
30.4884,36.7815,30.9349,36.7815
30.9349,36.7815,30.9349,37.2447
30.9349,37.2447,30.4884,37.2447
35.9329,43.2904,34.8379,43.2904
34.8379,43.1977,34.6368,43.1977
28.9765,44.9412,28.9765,44.5401
28.9765,44.5401,29.3777,44.5401
29.3777,44.5401,29.3777,44.9412
29.3777,44.9412,28.9765,44.9412
28.9765,40.1286,28.9765,39.7274
28.9765,39.7274,29.3777,39.7274
29.3777,39.7274,29.3777,40.1286
29.3777,40.1286,28.9765,40.1286
36.1330,43.1977,35.9329,43.1977
34.4673,43.5525,34.4210,43.4609
34.4210,43.3682,34.4673,43.2756
36.3035,43.2756,36.3498,43.3682
36.3498,43.4609,36.3035,43.5525
16.8222,37.5838,17.8708,37.5838
35.9329,36.0876,35.9329,35.9644
35.9329,35.9644,36.3340,35.9644
36.3340,35.9644,36.3340,35.0074
36.3340,35.0074,35.9329,35.0074
36.3340,36.0876,36.3340,37.4448
36.4572,35.0074,37.1205,35.0074
28.9608,36.9510,29.6704,36.9510
29.6704,36.9510,29.6704,37.2753
29.6704,37.2753,31.0128,37.2753
31.0128,37.2753,31.0128,36.9510
26.6781,30.5959,26.6781,29.7325
26.8013,24.5039,26.8013,24.6271
7.1505,22.4834,7.0271,22.4834
7.0271,18.1636,7.0271,21.4653
7.0271,21.4653,7.1505,21.4653
7.1505,21.4653,7.1505,18.1636
20.8473,54.3497,20.8326,57.4967
20.7241,54.6119,20.7084,57.4967
17.0528,50.8952,17.0528,51.0184
17.0528,51.0184,16.3441,51.0184
21.5885,57.6199,21.5885,57.4967
21.5885,57.4967,20.8326,57.4967
24.2723,24.6734,24.2723,24.3797
48.6116,24.6882,44.2158,24.6882
44.2158,24.6882,44.2158,24.3797
50.3393,24.3797,50.3393,24.5039
39.5727,57.1262,44.4011,57.1577
39.5727,57.2651,44.2622,57.2809
38.5703,57.1262,38.5703,57.2504
39.5727,57.1262,39.5727,57.2651
44.2622,57.2809,44.2622,57.7284
44.4011,57.1577,44.3854,57.6052
16.4053,57.6052,16.4053,57.4810
17.4234,57.6052,17.4234,57.4810
17.4234,57.4810,18.1636,57.4810
17.4234,57.6052,18.1636,57.6052
15.2945,48.1493,15.3103,46.7616
0.9498,53.3326,0.9344,56.6639
0.5334,56.6639,0.5179,61.4608
1.0578,56.6639,4.5438,56.6797
0.9498,53.3326,0.5488,53.3326
13.8299,57.7895,13.7057,57.7895
13.7057,57.7895,13.7057,57.2967
24.6882,24.3797,24.2723,24.3797
0.6877,31.8919,4.9140,31.8919
0.5643,31.7687,4.9140,31.7687
4.9140,31.9225,5.0528,31.9225
4.9140,32.9258,5.0528,32.9258
5.0528,31.9225,5.0528,29.3934
4.9140,32.9258,4.9140,37.3679
60.9049,46.9775,56.7871,46.9617
23.7322,46.9459,21.9739,46.9312
-5.9758,46.6690,-5.9912,48.9053
9.2020,67.7233,10.7598,67.7233
10.7598,67.7233,10.7755,63.8056
49.8456,46.9312,48.7506,46.9312
44.4169,46.8996,43.3209,46.8996
38.9872,46.8848,37.8922,46.8691
33.5734,46.8543,31.1665,46.8385
31.8141,47.1933,31.7993,47.7177
29.5778,47.1628,31.1665,47.1776
31.1665,47.1776,31.1665,46.8385
23.7322,46.9459,23.7322,47.1470
-6.0683,66.6589,-6.0683,67.6464
-6.0529,62.2168,-6.0683,65.0553
-6.0066,54.5350,-6.0221,56.5870
-0.5926,46.6995,-3.0143,46.6838
-4.4179,46.6690,-5.9758,46.6690
15.3103,46.7616,14.1995,46.7616
7.7983,67.7075,5.4538,67.7075
-0.7777,67.6770,-3.1068,67.6612
-4.5105,67.6464,-6.0683,67.6464
24.8577,63.8676,22.1740,63.8519
12.1948,63.8056,10.7755,63.8056
20.7705,63.8519,18.4415,63.8361
43.9842,63.9593,43.9694,67.8780
60.8133,66.9831,60.7975,67.9549
60.8281,62.5410,60.8133,65.3786
60.8586,54.8435,60.8586,56.9103
29.8715,63.8982,32.5237,63.9130
42.5039,63.9593,43.9842,63.9593
33.9430,63.9130,36.2719,63.9288
23.4700,30.7812,24.5650,30.7812
20.1692,30.8275,20.1692,29.6556
20.0460,30.7043,20.0460,29.7019
24.6419,30.7201,24.6419,29.7325
21.9739,27.8195,20.1692,27.8195
20.1692,27.8195,20.1692,29.6556
20.0460,29.7019,20.0460,27.7583
20.1692,24.7966,21.6802,24.7966
24.5650,24.7966,24.5650,27.6963
20.1692,27.6963,21.9739,27.6963
24.6882,28.7144,24.6882,24.3797
21.6802,24.6734,20.4777,24.6734
20.4777,24.6734,20.4777,24.3797
20.4777,24.3797,19.5207,24.3955
28.8839,27.6815,32.8174,27.6815
26.8013,27.5573,28.9608,27.5573
26.8013,27.6815,26.8013,28.7144
32.8174,27.5573,32.8174,27.1877
26.8013,29.7325,26.8013,30.4727
26.6781,26.4623,26.6781,24.6271
32.8174,30.3652,32.9406,30.3652
32.9406,29.3619,32.8174,29.3619
32.8174,29.3619,32.8174,29.1155
32.9406,30.3652,32.9406,30.4727
19.8755,41.6405,19.8755,44.0000
19.5523,40.6529,19.5523,41.0846
21.5570,44.0000,21.5570,41.6405
21.5570,41.5941,19.8913,41.5941
19.8755,41.6405,21.5570,41.6405
21.5885,41.5478,19.8913,41.5478
18.7500,44.3400,19.8608,44.3400
19.8608,44.4938,18.7500,44.4938
18.7500,44.4938,18.7500,44.3548
16.8990,44.3400,17.5929,44.3400
17.5929,44.3400,17.5929,44.4938
19.1817,42.6271,17.1770,42.6271
19.1975,42.5965,17.1454,42.5965
19.1817,42.6271,19.1817,44.0621
19.1975,42.5965,19.1975,44.2158
17.1770,42.6271,17.1770,44.0621
17.1454,42.5965,17.1454,44.2158
17.6392,44.3400,17.6392,44.4938
18.7037,44.3400,18.7037,44.4938
21.1095,44.0000,21.5570,44.0000
21.5570,44.1084,21.1095,44.1084
21.1716,44.3400,21.1716,44.4938
21.1095,44.4938,21.1095,44.3400
21.1716,44.3400,21.1716,44.4938
21.1716,44.3400,22.0202,44.3400
19.8608,44.3400,19.8608,44.4938
19.8608,44.4938,19.8608,44.3400
19.9071,44.3400,19.9071,44.4938
17.5929,44.4938,17.0222,44.4938
16.9454,40.5297,16.9454,37.7070
22.1434,44.4938,21.1716,44.4938
16.8222,40.6381,16.8222,39.1568
19.4291,40.6529,19.4291,42.0564
19.5523,41.2088,22.0202,41.2088
19.4291,42.0564,16.0968,42.0564
19.5523,42.1806,16.8990,42.1806
24.2407,40.5297,16.9454,40.5297
19.5365,42.1806,19.5365,44.2316
19.4744,42.1806,19.4744,44.2316
16.8990,42.1806,16.8990,44.3400
16.7601,42.1806,16.7601,44.1547
24.2407,40.5297,24.2407,38.8177
24.3797,37.5838,24.3797,37.8154
23.7322,44.6948,21.9739,44.6948
21.9739,44.4938,21.9739,44.6948
24.2407,37.8154,24.3797,37.8154
24.2407,38.8177,24.3797,38.8177
24.2407,37.8154,24.2407,37.7070
24.3797,38.8177,24.3797,40.6529
24.3797,37.7070,25.1514,37.7070
23.1310,39.0641,22.0202,39.0641
22.0202,39.0641,22.0202,39.1725
22.0202,39.1725,23.1310,39.1725
24.2407,37.7070,16.9454,37.7070
23.1310,39.0641,23.1310,39.1725
16.9759,40.6529,19.4291,40.6529
22.0202,40.6529,22.0202,41.0846
51.7123,67.5695,51.7281,63.8056
51.6660,63.6666,51.8207,63.6666
55.2141,63.8213,55.1983,67.2758
51.8207,63.8056,51.8207,63.6666
55.2752,63.6824,52.8231,63.6824
52.8231,63.6824,52.8231,63.8056
52.8231,63.8056,55.2141,63.8213
48.0873,67.5538,48.1030,63.7750
48.1030,63.7750,48.2105,63.7750
48.0409,63.6508,48.2105,63.6508
51.6039,63.7898,51.5733,67.5695
48.2105,63.7750,48.2105,63.6508
51.6660,63.6666,49.2138,63.6666
49.2138,63.6666,49.2138,63.7898
49.2138,63.7898,51.6039,63.7898
44.3390,63.7592,44.7865,63.7592
44.4474,63.6360,44.7865,63.6360
47.9798,63.7750,47.9641,67.5538
44.7865,63.7592,44.7865,63.6360
48.0409,63.6508,45.7888,63.6508
45.7888,63.6508,45.7888,63.7750
45.7888,63.7750,47.9798,63.7750
55.3215,67.1526,55.3373,63.8213
55.3373,63.8213,55.4447,63.8213
55.4447,63.8213,55.4447,63.6971
55.4447,63.6971,55.2752,63.6824
56.6482,63.6971,56.4481,63.6971
56.4481,63.6971,56.4481,63.8213
56.4481,63.8213,56.7714,63.8213
56.6482,62.3252,56.6482,63.6971
56.7714,63.8213,56.7714,62.3863
56.7714,62.3863,60.0416,62.4021
60.1648,62.2789,56.7714,62.2631
56.7714,62.1704,56.6482,62.1704
56.6482,62.1704,56.6482,62.3252
56.6639,58.1601,56.6482,61.1681
56.6482,61.1681,56.7871,61.1681
56.7871,61.1681,56.7871,58.1601
54.1802,57.7747,54.1644,61.6767
54.1644,61.6767,54.0570,61.6767
54.2886,61.7999,54.0570,61.7999
54.1802,57.7747,48.4421,57.7589
54.0570,61.6767,54.0570,61.7999
53.0547,61.6619,53.0547,61.7999
53.0547,61.7999,50.8026,61.7851
47.4703,57.7431,47.4555,61.6461
47.5471,61.6461,47.5471,61.7693
47.5471,61.7693,47.3313,61.7693
48.5653,61.6461,48.5505,61.7693
48.5505,61.7693,50.8637,61.7851
50.5867,54.1497,54.1960,54.1654
54.3192,54.1033,54.3192,54.2581
50.5867,54.1497,50.5710,57.6357
50.5710,57.6357,54.1802,57.6515
54.1960,54.2581,54.3192,54.2581
54.3034,57.6515,54.3192,55.2752
54.3192,55.2752,54.1960,55.2604
54.1960,55.2604,54.1802,57.6515
47.3313,61.7693,47.3471,57.7431
54.2886,61.7999,54.3034,57.7747
44.4622,59.7646,44.4474,63.1886
21.9739,46.9312,21.9739,47.2544
21.9739,47.2544,17.0222,47.2544
17.0222,47.2544,17.0222,46.7764
17.0222,46.7764,16.8064,46.7764
55.0751,46.9617,54.1802,46.9459
14.3227,48.1336,15.2945,48.1493
16.8064,48.1493,16.9296,48.1493
24.3797,44.4938,24.3797,44.0158
31.7993,47.7177,29.8862,47.7019
60.6122,35.3011,60.6122,37.2289
60.6122,37.2289,60.1037,37.2289
60.1037,37.2289,60.1037,37.3679
60.1184,47.3323,56.6945,47.3165
60.5196,54.7509,60.5048,55.5689
60.4733,62.4326,60.4733,63.2654
60.4585,66.8747,60.4585,67.0758
44.3242,66.9979,44.3390,63.6045
44.3390,63.6045,42.4112,63.6045
33.8355,63.5592,36.3803,63.5739
20.8789,63.4971,18.3331,63.4971
12.3022,63.4665,10.4207,63.4507
10.4207,63.4507,10.4049,66.8441
9.9733,67.3685,9.1095,67.3685
7.8909,67.3527,5.3459,67.3527
-0.6852,67.3222,-3.2148,67.3064
-4.4179,67.3064,-5.2971,67.2916
-5.7136,66.5662,-5.7136,66.7673
-5.6981,62.1241,-5.6981,62.9422
-5.6673,54.4276,-5.6673,55.2604
-4.3254,47.0238,-5.2045,47.0238
-0.5001,47.0386,-3.1068,47.0386
49.9540,47.2860,49.6149,47.2860
60.5048,55.5689,60.0879,55.5689
60.0879,55.5689,60.0879,55.9701
60.0879,55.9701,60.5048,55.9701
60.4733,63.2654,60.0416,63.2654
60.0416,63.2654,60.0416,63.6666
60.0416,63.6666,60.4733,63.6666
60.5048,55.9701,60.5048,57.0030
60.4733,63.6666,60.4585,65.4712
39.6190,63.5897,39.6190,63.1580
39.6190,63.1580,40.0201,63.1580
40.0201,63.1580,40.0201,63.5897
2.1376,67.3379,2.1376,66.9062
2.1376,66.9062,2.7391,66.9062
2.7391,66.9062,2.7391,67.3379
9.9733,67.3685,9.9890,66.8441
9.9890,66.8441,10.4049,66.8441
-5.7136,66.7673,-5.2971,66.7673
-5.2971,66.7673,-5.2971,67.2916
31.7372,63.5592,32.6321,63.5592
44.3706,63.5897,44.3706,63.1886
44.3706,63.1886,44.7707,63.1886
44.7707,63.1886,44.7707,63.5897
44.7707,63.5897,44.3706,63.5897
-5.7136,65.1627,-5.6981,63.3581
-5.6981,63.3581,-5.2817,63.3581
-5.2817,63.3581,-5.2817,62.9570
-5.2817,62.9570,-5.6981,62.9422
-5.6673,55.6616,-5.2354,55.6616
-5.2354,55.6616,-5.2354,55.2604
-5.2354,55.2604,-5.6673,55.2604
-5.6364,48.0725,-5.6364,48.9979
-5.6673,55.6616,-5.6673,56.6945
31.7993,47.7177,31.7993,48.1493
14.1995,46.7616,14.1847,50.8795
18.1636,57.4810,18.1636,57.6052
21.5885,57.6199,19.9682,57.6199
19.9682,57.6199,19.9682,57.4967
19.9682,57.4967,20.7084,57.4967
18.1636,57.6978,18.1636,57.3893
18.1636,57.3893,19.9682,57.3893
19.9682,57.3893,19.9682,57.6978
19.9682,57.6978,18.1636,57.6978
28.8839,30.4727,49.5528,30.4727
32.8174,29.1155,32.9406,29.1155
32.8174,27.9121,33.2333,27.9121
32.9406,29.1155,32.9406,29.3619
32.8174,27.9121,32.8174,27.6815
32.8174,27.1877,32.9406,27.1877
32.8174,25.9843,32.9406,25.9843
33.2333,27.5573,33.2333,27.9121
32.8174,25.9843,32.8174,25.6137
35.8245,28.9460,35.9487,28.9460
35.9487,27.1414,35.8245,27.1414
35.8245,27.1414,35.8245,25.6137
35.9487,28.9460,35.9487,30.4727
22.0202,41.0846,19.5523,41.0846
23.2542,40.6529,24.3797,40.6529
22.0202,41.2088,22.0202,44.3400
25.4599,40.1286,25.4599,39.7274
25.4599,39.7274,25.8611,39.7274
25.8611,39.7274,25.8611,40.1286
25.8611,40.1286,25.4599,40.1286
25.4599,44.9412,25.4599,44.5401
25.4599,44.5401,25.8611,44.5401
25.8611,44.5401,25.8611,44.9412
25.8611,44.9412,25.4599,44.9412
23.2542,44.0158,24.3797,44.0158
56.6787,55.7542,56.6787,55.9848
56.8029,56.9882,56.8029,58.0211
56.6639,58.1601,56.6787,56.9882
56.4323,36.0876,60.6122,36.0876
56.8029,56.9882,56.6787,56.9882
56.6787,55.9848,56.8177,55.9848
23.2542,40.6529,23.2542,42.0101
49.9540,37.3679,49.9540,37.6606
51.4659,37.3679,51.4659,37.6606
52.5757,37.3679,52.5757,37.6606
54.0718,37.3679,54.3497,37.3679
51.4659,37.3679,52.5757,37.3679
52.4682,37.7070,51.5585,37.7070
50.3393,24.3797,56.2933,24.3797
50.6015,50.4014,50.6173,47.5945
3.6800,56.8177,6.1325,56.8177
25.0430,53.0083,25.0430,48.3967
29.9789,63.1265,29.9947,59.8257
24.7966,63.0959,24.8114,59.7952
38.1692,18.3804,38.1692,22.5751
38.1692,22.5751,37.0742,22.5751
37.0742,22.5751,37.0742,18.1636
38.2924,18.3804,38.2924,22.6993
38.2924,22.6993,36.9352,22.6993
36.9352,22.6993,36.9352,18.1636
27.8658,18.3804,27.8658,22.5751
27.8658,22.5751,28.9765,22.5751
28.9765,22.5751,28.9765,18.1636
27.7426,18.3804,27.7426,22.6993
27.7426,22.6993,29.0997,22.6993
29.0997,22.6993,29.0997,18.1636
38.2924,22.5751,38.2924,18.3804
21.9739,37.5838,21.9739,37.2132
21.9739,37.2132,22.3750,37.2132
22.3750,37.2132,22.3750,37.5838
43.2283,37.6606,43.2283,37.4753
10.9451,37.2132,11.5157,37.2132
11.5157,37.2132,11.5157,37.3679
10.0038,63.4202,10.0038,63.0190
10.0038,63.0190,10.4049,63.0190
10.4049,63.0190,10.4049,63.4202
10.4049,63.4202,10.0038,63.4202
10.1122,48.0567,10.6060,48.0567
10.6060,48.0567,10.6060,47.6556
10.6060,47.6556,10.1122,47.6408
10.1122,47.6408,10.1122,48.0567
23.1152,48.1030,23.5163,48.1188
23.5163,48.1188,23.5163,47.7177
23.5163,47.7177,23.1152,47.7019
23.1152,47.7019,23.1152,48.1030
39.6969,48.1957,39.6969,47.7945
39.6969,47.7945,40.0980,47.7945
40.0980,47.7945,40.0980,48.1957
40.0980,48.1957,39.6969,48.1957
44.4474,48.2114,44.4474,47.8103
44.4474,47.8103,44.8486,47.8103
44.8486,47.8103,44.8486,48.2114
44.8486,48.2114,44.4474,48.2114
54.5350,27.9584,54.5350,27.5573
54.5350,27.5573,54.9362,27.5573
54.9362,27.5573,54.9362,27.9584
54.9362,27.9584,54.5350,27.9584
43.6757,27.9584,43.6757,27.5573
43.6757,27.5573,44.0926,27.5573
44.0926,27.5573,44.0926,27.9584
44.0926,27.9584,43.6757,27.9584
21.9739,27.9584,21.9739,27.5573
21.9739,27.5573,22.3750,27.5573
22.3750,27.5573,22.3750,27.9584
22.3750,27.9584,21.9739,27.9584
22.3750,27.8195,24.6882,27.8195
22.3750,27.6963,24.5650,27.6963
44.4011,55.8922,44.8023,55.9080
44.8023,55.9080,44.8023,55.5068
44.8023,55.5068,44.4011,55.4920
44.4011,55.4920,44.4011,55.8922
10.1585,55.7384,10.1585,55.3373
10.1585,55.3373,10.5597,55.3373
10.5597,55.3373,10.5597,55.7384
10.5597,55.7384,10.1585,55.7384
10.4818,55.7384,10.4818,56.7260
4.6672,56.6797,7.4590,56.6945
60.5353,50.5099,57.7737,50.4941
60.5353,50.3709,57.6505,50.3551
57.7737,50.4941,57.7589,55.8922
23.2542,44.1390,24.2565,44.1390
23.1310,41.8869,23.1310,40.6529
23.1310,40.6529,22.1434,40.6529
29.8862,48.3810,29.8862,48.0261
29.8862,48.0261,31.6909,48.0419
31.6909,48.0419,31.6909,47.7177
25.4747,63.5739,25.1662,63.5739
25.1662,63.6666,24.8577,63.6666
24.8577,63.6666,24.8577,63.8676
29.3008,63.5897,29.5630,63.5897
29.5630,63.5897,29.5630,63.6971
29.5630,63.6971,29.8715,63.6971
29.8715,63.6971,29.8715,63.8982
19.5523,41.2088,19.5523,42.1806
19.5523,40.6529,22.0202,40.6529
54.3497,47.3008,54.0718,47.3008
49.0127,47.2860,49.0127,47.5787
49.0127,47.5787,49.6149,47.5787
49.6149,47.5787,49.6149,47.2860
43.2283,47.2544,44.5243,47.2544
49.0127,47.2860,48.6431,47.2702
37.7996,47.2239,39.0947,47.2396
31.8141,47.1933,33.6808,47.2081
29.8862,48.3810,29.8399,52.7610
29.3156,59.9952,29.3156,59.8720
56.6945,47.0701,56.6945,47.3165
0.1941,35.1621,0.1941,35.0537
0.1477,31.9383,0.1477,32.9406
0.1941,29.8251,0.1941,29.7167
0.4871,20.4935,0.1941,20.4935
0.1941,22.4982,0.4871,22.4982
0.4871,22.4982,0.4871,23.7016
0.4871,23.7016,0.1941,23.7016
0.4871,25.7221,0.1941,25.7221
0.1477,22.5909,0.1477,23.6090
0.1941,20.4935,0.1941,20.3851
10.9145,18.1636,10.9145,17.8708
8.9089,17.8708,8.9089,18.1636
8.9089,18.1636,6.8883,18.1636
6.8883,18.1636,6.8883,17.8708
4.8831,18.1636,4.8831,17.8708
8.8010,17.8097,6.9963,17.8097
19.9534,18.1636,19.9534,17.8708
17.9477,17.8708,17.9477,18.1636
17.9477,18.1636,16.9759,18.1636
15.9430,18.1636,15.9430,17.8708
13.9216,18.1636,13.9216,17.8708
17.8403,17.8097,16.0357,17.8097
19.9534,17.8708,20.0608,17.8708
24.9819,18.1636,24.9819,17.8708
22.9762,18.1636,22.9762,17.8708
24.9819,17.8708,25.0893,17.8708
22.9762,18.1636,22.9762,17.8708
22.9762,17.8708,22.8678,17.8708
36.9510,18.1636,36.9510,17.9172
36.9510,17.9172,37.0584,17.9172
37.0584,17.9172,37.0584,17.8097
60.6122,35.3011,60.9049,35.3011
60.6122,34.0977,60.9049,34.0977
60.9049,35.3011,60.9049,35.4085
60.6122,34.0977,60.9049,34.0977
60.9049,34.0977,60.9049,33.9893
16.5137,18.1636,15.9430,18.1636
29.0071,17.9172,29.0071,17.8097
43.0745,18.1636,43.0745,17.8708
41.0688,18.1636,41.0688,17.8708
41.0688,18.1636,41.0688,17.8708
41.0688,17.8708,40.9614,17.8708
52.1134,18.1636,52.1134,17.8708
50.1077,17.8708,50.1077,18.1636
50.1077,18.1636,49.5223,18.1636
48.1030,18.1636,48.1030,17.8708
46.0826,18.1636,46.0826,17.8708
50.0003,17.8097,48.1957,17.8097
52.1134,17.8708,52.2209,17.8708
49.0748,18.1636,48.1030,18.1636
56.2312,18.1636,56.2312,17.8708
55.0288,18.1636,55.0288,17.8708
56.2312,17.8708,56.3397,17.8708
55.0288,18.1636,55.0288,17.8708
56.2312,18.1636,60.4585,18.1636
60.4585,18.1636,60.4585,18.3804
60.4585,18.3804,60.6122,18.3804
60.6122,18.3804,60.6122,20.2313
60.6122,21.4338,60.9049,21.4338
60.6122,20.2313,60.9049,20.2313
60.6122,20.2313,60.9049,20.2313
60.9049,20.2313,60.9049,20.1229
60.6122,26.2622,60.9049,26.2622
60.6122,24.2417,60.9049,24.2417
60.6122,24.2417,60.9049,24.2417
60.6122,31.2750,60.9049,31.2750
60.6122,29.2702,60.9049,29.2702
60.9049,31.2750,60.9049,31.3834
60.6122,29.2702,60.9049,29.2702
-3.2148,67.3064,-3.2148,67.6001
-4.4179,67.3064,-4.4179,67.6001
-3.2148,67.6001,-3.1068,67.6149
-4.4179,67.3064,-4.4179,67.6001
54.1802,37.7070,55.0751,37.7070
-4.3254,47.0238,-4.3254,46.7301
-3.1068,47.0386,-3.1068,46.7301
-3.1068,47.0386,-3.1068,46.7301
-0.5001,47.0386,-0.5001,46.7459
-0.5001,46.7459,-0.6080,46.7459
-5.6364,48.9979,-5.9449,48.9979
-5.9449,51.2185,-5.6519,51.2185
-5.6519,51.2185,-5.6519,52.3145
-5.6519,52.3145,-5.9604,52.3145
-5.6673,54.4276,-5.9604,54.4276
-5.9604,54.5350,-5.9604,54.4276
-5.9912,51.3111,-6.0066,52.2218
60.8281,51.5270,60.5353,51.5270
60.5353,51.5270,60.5196,52.5303
60.5196,52.5303,60.8281,52.5303
60.5196,54.7509,60.8133,54.7509
60.8744,51.6354,60.8744,52.4377
-5.6673,56.6945,-5.9758,56.6945
-5.9912,58.9002,-5.6828,58.9002
-5.6828,58.9002,-5.6828,60.0110
-5.6828,60.0110,-5.9912,60.0110
-5.6981,62.1241,-6.0066,62.1241
-6.0375,59.0087,-6.0375,59.9026
-5.9758,56.6945,-5.9758,56.5870
-5.7136,66.5662,-6.0221,66.5662
-5.7136,65.1627,-6.0066,65.1627
-5.7136,65.1627,-6.0066,65.1627
-6.0066,65.1627,-6.0066,65.0553
9.1095,67.3685,9.0940,67.6612
7.8909,67.3527,7.8909,67.6612
9.0940,67.6612,9.2020,67.6612
7.8909,67.3527,7.8909,67.6612
-0.6852,67.3222,-0.6852,67.6149
1.5360,67.6307,1.5360,67.3379
1.5360,67.3379,2.1376,67.3379
3.1401,67.3379,3.1401,67.6464
5.3459,67.3527,5.3459,67.6464
5.4538,67.6464,5.3459,67.6464
1.6285,67.6770,3.0322,67.6927
2.7391,67.3379,3.1401,67.3379
22.0813,63.5128,22.0813,63.8056
20.8789,63.4971,20.8789,63.8056
20.8789,63.4971,20.8789,63.8056
20.8789,63.8056,20.7705,63.8056
33.8355,63.5592,33.8355,63.8676
32.6321,63.5592,32.6321,63.8676
33.8355,63.8676,33.9430,63.8676
32.6321,63.5592,32.6321,63.8676
32.6321,63.8676,32.5237,63.8519
43.9694,67.8780,45.5267,67.8928
46.9302,67.8928,49.2749,67.9086
55.5068,67.9391,57.8358,67.9391
59.2393,67.9549,60.7975,67.9549
44.7559,67.5380,45.6351,67.5380
46.8385,67.5380,49.3833,67.5538
55.4142,67.5843,57.9442,67.6001
59.1466,67.6001,60.0258,67.6001
52.5914,67.5695,52.5914,67.1369
52.5914,67.1369,51.7123,67.1369
51.7123,67.1369,51.7123,67.5695
44.7559,67.5380,44.7559,66.9979
44.7559,66.9979,44.3242,66.9979
60.4585,67.0758,60.0258,67.0758
60.0258,67.0758,60.0258,67.6001
57.9442,67.6001,57.9442,67.8928
59.1466,67.6001,59.1466,67.9086
57.9442,67.8928,57.8358,67.8928
59.1466,67.6001,59.1466,67.9086
45.6351,67.5380,45.6351,67.8317
46.8385,67.5380,46.8385,67.8465
45.6351,67.8317,45.5267,67.8317
46.8385,67.5380,46.8385,67.8465
55.4142,67.5843,55.4142,67.8928
53.1926,67.8780,53.1926,67.5695
53.1926,67.5695,52.5914,67.5695
51.5891,67.5695,51.5891,67.8623
49.3833,67.5538,49.3833,67.8623
49.2749,67.8623,49.3833,67.8623
53.1010,67.9234,51.6965,67.9234
51.7123,67.5695,51.5891,67.5695
36.3646,63.5739,36.3646,63.8824
38.3703,63.8824,38.3850,63.5897
38.3850,63.5897,39.6190,63.5897
40.3907,63.5897,40.3907,63.8982
42.4112,63.6045,42.4112,63.8982
38.4777,63.9445,40.2981,63.9445
40.0201,63.5897,40.3907,63.5897
18.3331,63.4971,18.3331,63.7898
16.3284,63.4813,16.3284,63.7750
14.3079,63.4665,14.3079,63.7750
12.3022,63.4665,12.3022,63.7592
12.1948,63.7592,12.3022,63.7592
16.2200,63.8361,14.4153,63.8213
18.3331,63.7898,18.4415,63.7898
60.4585,66.8747,60.7512,66.8747
60.4585,65.4712,60.7670,65.4712
60.7512,66.8747,60.7512,66.9831
60.4585,65.4712,60.7670,65.4712
60.5048,57.0030,60.8133,57.0030
60.7975,59.2245,60.4890,59.2245
60.4890,59.2245,60.4890,60.2269
60.4890,60.2269,60.7975,60.2269
60.4733,62.4326,60.7817,62.4326
60.7817,62.5410,60.7817,62.4326
60.8438,59.3171,60.8438,60.1194
29.7936,63.1265,31.7372,63.1422
31.7372,63.1422,31.7372,63.5592
43.3209,37.7070,44.4317,37.7070
48.7506,37.7070,49.8613,37.7070
49.5065,37.1826,49.5065,37.3679
54.0718,37.3679,54.0718,37.6606
52.5757,37.3679,52.5757,37.6606
54.0718,37.6606,54.1802,37.6606
34.3747,37.7070,35.6244,37.7070
32.7711,37.7070,32.7711,37.4448
32.8174,37.4448,32.8174,35.7486
37.1974,37.4448,34.3747,37.4448
32.7711,37.7070,33.3723,37.7070
29.4703,37.7070,29.5778,37.7070
28.8681,37.7690,28.9765,37.7690
25.1514,37.7070,25.3515,37.7070
19.7218,37.5838,21.9739,37.5838
22.3750,37.5838,25.4284,37.5838
28.7755,37.4911,28.7755,30.5959
54.0718,47.3008,54.0718,47.0080
52.5757,46.9923,52.5609,47.3008
52.5609,47.3008,51.4501,47.2860
51.4501,47.2860,51.4501,46.9923
49.9540,47.2860,49.9540,46.9775
49.8456,46.9775,49.9540,46.9775
52.4682,46.9459,51.5585,46.9459
54.0718,47.0080,54.1802,47.0080
48.6431,47.2702,48.6431,46.9775
47.1470,46.9617,47.1470,47.2702
47.1470,47.2702,46.0205,47.2702
46.0205,47.2702,46.0362,46.9617
44.5243,47.2544,44.5243,46.9617
44.4169,46.9617,44.5243,46.9617
47.0386,46.9154,46.1289,46.9154
48.6431,46.9775,48.7506,46.9775
43.2283,47.2544,43.2283,46.9459
41.7173,46.9459,41.7173,47.2396
41.7173,47.2396,40.6066,47.2396
40.6066,47.2396,40.6066,46.9312
39.0947,47.2396,39.0947,46.9312
38.9872,46.9312,39.0947,46.9312
41.6089,46.8848,40.6992,46.8848
37.7996,47.2239,37.7996,46.9312
36.2877,46.9154,36.2877,47.2239
36.2877,47.2239,35.1769,47.2081
35.1769,47.2081,35.1769,46.9154
33.6650,47.2081,33.6650,46.8996
36.2877,46.9154,35.8245,46.9154
0.4871,31.9540,0.6877,31.9540
0.4871,23.5784,0.6877,23.5784
17.8245,18.3646,17.8245,18.1636
48.2262,18.3646,48.2262,18.1636
-5.2354,53.0083,-5.2354,53.3937
-5.2354,53.3937,-5.6519,53.3937
-5.6519,53.2547,-5.3588,53.2705
-5.3588,53.2705,-5.3588,52.8851
-5.2509,57.3893,-5.2509,57.8673
-5.2509,57.8673,-5.6828,57.8673
-5.6828,57.7284,-5.3743,57.7284
-5.3743,57.7284,-5.3743,57.2651
-5.2662,62.2473,-5.2662,62.0620
-5.3896,62.1241,-5.3896,61.9388
-5.2662,62.2473,-5.6981,62.2473
-5.3896,62.1241,-5.6981,62.1241
12.2874,63.0338,12.1790,63.0338
12.4106,63.1580,12.3022,63.1580
12.3022,63.1580,12.3022,63.4665
12.1790,63.0338,12.1790,63.4665
55.3215,67.1526,55.5374,67.1526
55.1983,67.2758,55.4142,67.2758
55.4142,67.2758,55.4142,67.5843
55.5374,67.1526,55.5374,67.5843
60.0416,62.5558,60.0416,62.4021
60.1648,62.4326,60.1648,62.2789
60.0416,62.5558,60.4733,62.5558
60.1648,62.4326,60.4733,62.4326
50.6173,47.5945,50.7710,47.5945
50.4941,47.4555,50.6331,47.4555
50.6331,47.4555,50.6478,47.2860
50.7710,47.5945,50.7710,47.2860
24.9041,48.3504,24.9198,47.4397
24.9198,47.4397,16.8064,47.4397
44.9097,24.6429,47.9177,24.6429
43.4293,57.3272,40.4213,57.3115
25.4599,37.7690,25.3515,37.7690
26.0611,37.7070,25.9527,37.7070
16.8064,48.1493,16.8064,47.4397
0.8727,56.4786,0.9036,53.4706
23.0383,63.5128,23.0383,63.0959
23.0383,63.0959,24.9819,63.1117
24.9819,63.1117,24.9819,62.9727
24.9819,62.9727,25.4747,62.9727
25.4747,62.9727,25.4747,63.5739
29.7936,63.1265,29.7936,62.9875
29.7936,62.9875,29.3008,62.9875
29.3008,62.9875,29.3008,63.5897
29.3156,60.1194,29.3156,59.6256
29.9020,59.6256,29.3156,59.6256
29.8094,60.1342,29.3156,60.1194
29.8094,60.0268,29.4082,60.0268
29.4082,60.0268,29.4082,59.7183
29.4082,59.7183,29.9020,59.7331
29.9020,59.7331,29.9020,59.6256
24.9819,60.1037,25.4905,60.1037
25.4905,60.1037,25.4905,59.6099
25.4905,59.6099,24.9041,59.5941
24.9041,59.5941,24.9041,59.7025
24.9041,59.7025,25.3978,59.7025
25.3978,59.7025,25.3978,60.0110
25.3978,60.0110,24.9819,60.0110
29.3314,54.6119,29.3314,54.4887
29.8399,54.7509,29.3314,54.7509
29.3314,54.7509,29.3314,54.2423
29.3314,54.2423,29.8399,54.2423
29.8399,54.3497,29.4388,54.3497
29.4388,54.3497,29.4388,54.6434
29.4388,54.6434,29.8399,54.6434
25.5210,54.5971,25.5210,54.4739
25.0125,54.7203,25.5210,54.7361
25.5210,54.7361,25.5210,54.2265
25.5210,54.2265,25.0125,54.2265
25.0125,54.3192,25.4136,54.3350
25.4136,54.3350,25.4136,54.6277
25.4136,54.6277,25.0125,54.6277
29.9947,48.3810,29.9947,48.1493
29.9947,48.1493,31.7993,48.1493
25.0125,48.3504,24.9041,48.3504
29.8862,48.3810,29.9947,48.3810
16.8064,47.4397,16.8064,46.7764
14.3227,48.0104,15.1713,48.0104
14.3227,48.1336,14.3079,51.0027
15.1713,46.8996,14.3227,46.8848
14.1995,46.7616,14.0921,46.7616
15.1713,48.0104,15.1713,46.8996
13.9679,33.0638,13.9679,37.3679
14.0921,37.3679,11.5157,37.3679
14.1995,46.8848,14.1995,46.7616
29.8862,48.0261,29.8862,47.7019
25.8611,37.8617,25.4599,37.8617
29.3777,37.8617,28.9765,37.8617
23.7322,44.6948,23.7322,44.4938
24.3797,44.4938,22.1434,44.4938
23.2542,44.3706,24.2565,44.3706
24.2565,44.3706,24.2565,44.1390
31.7687,37.7070,31.6603,37.7070
31.5677,37.8617,31.1665,37.8617
31.1665,37.7690,31.0591,37.7690
30.9665,37.7227,30.9665,37.3985
55.0751,37.6606,56.7871,37.6606
56.7871,37.7070,60.9670,37.7070
34.6368,43.6452,35.6244,43.6452
35.9329,41.4857,35.9329,41.3783
35.9329,41.3783,34.8379,41.3783
34.8379,41.3783,34.8379,41.4857
34.8379,41.4857,34.6368,41.4857
36.1330,41.4857,35.9329,41.4857
36.1330,41.0235,35.8245,41.0235
34.4673,41.3931,34.4210,41.3014
34.4210,41.2088,34.4673,41.1161
36.3035,41.1161,36.3498,41.2088
36.3498,41.3014,36.3035,41.3931
22.8530,42.0101,23.1310,42.0101
22.7298,41.8869,23.1310,41.8869
22.1434,42.0879,22.1434,40.6529
16.8222,39.0336,16.8222,37.5838
-5.6364,48.0725,-5.2045,48.0725
-5.2045,48.0725,-5.2045,47.0238
34.6368,41.0235,35.6244,41.0235
35.6244,41.0846,35.8245,41.0846
35.7476,40.9772,35.9950,40.1749
35.9634,40.1749,35.7170,40.9614
35.7476,39.3726,35.9950,40.1591
35.9634,40.1749,35.7170,39.3884
35.7476,39.3726,35.9950,38.5861
35.9634,38.5703,35.7170,39.3578
35.7476,37.7690,35.9950,38.5556
35.9634,38.5703,35.7170,37.7838
35.6244,37.6606,35.8245,37.6606
35.8245,37.7070,37.1974,37.7070
35.6244,43.5989,35.8245,43.5989
35.7476,43.7073,35.9950,44.4780
35.9634,44.4938,35.7170,43.7073
35.7476,45.2803,35.9950,44.4938
35.9634,44.4938,35.7170,45.2655
35.7476,45.2803,35.9950,46.0520
35.9634,46.0668,35.7170,45.2803
35.7476,46.8543,35.9950,46.0668
35.9634,46.0668,35.7170,46.8385
35.1769,46.9154,35.6244,46.9154
35.6244,46.9617,35.8245,46.9617
35.8245,43.6452,36.1330,43.6452
23.2542,44.1390,23.2542,44.3706
23.2542,43.9694,23.1310,43.9694
23.2542,42.0564,23.1310,42.0564
23.1310,43.9694,23.1310,44.3706
23.1310,44.3706,22.1434,44.3706
22.0813,63.5128,23.0383,63.5128
14.3079,63.4665,14.7396,63.4665
14.7396,63.4665,14.7554,63.0496
14.7554,63.0496,15.1555,63.0496
15.1555,63.0496,15.1555,63.4813
15.1555,63.4813,16.3284,63.4813
29.4851,47.0238,29.3777,47.0238
29.3777,47.0238,29.3777,46.9154
29.3777,46.9154,28.9765,46.9154
28.8839,47.0701,28.6838,47.0701
28.6838,47.0701,28.6680,47.8103
28.6680,47.8103,28.8681,47.8251
28.8681,47.8714,28.9765,47.8714
28.9765,47.9641,29.3777,47.9641
29.3777,47.9641,29.3777,48.3810
29.3777,48.3810,29.8862,48.3810
23.7322,47.1470,25.2589,47.1470
25.2589,47.0544,25.3673,47.0544
25.4599,46.8996,25.8611,46.8996
25.8611,46.9923,25.9685,47.0080
25.9685,47.0544,26.1696,47.0544
26.1696,47.0544,26.1538,47.8103
26.1538,47.8103,25.9527,47.8103
25.8611,47.9493,25.5526,47.9493
25.5526,47.9493,25.5526,48.3504
25.5526,48.3504,25.0430,48.3504
38.3703,57.5736,38.3850,54.4118
38.4935,57.7126,38.4935,57.2504
38.4935,57.1262,38.5092,54.1960
38.3850,54.2886,38.3850,54.1802
29.8399,52.7610,29.9789,52.7610
13.9679,37.4911,2.5078,37.4911
2.7545,46.8385,14.1995,46.8848
13.9679,46.7616,2.7545,46.7153
15.9736,44.1232,16.0968,44.1232
15.9736,42.2111,16.0968,42.2111
15.9736,44.1232,15.9736,45.2497
17.0222,44.4938,17.0222,45.2497
17.0222,45.2497,15.9736,45.2497
15.9736,40.8076,15.9736,41.0235
15.9736,42.0416,16.0968,42.0416
15.9736,41.0235,16.0968,41.0235
15.9736,42.0416,15.9736,42.2111
16.6674,42.1806,16.6674,44.1695
16.5600,42.1806,16.5600,44.1695
16.0968,40.8076,15.9736,40.8076
16.0968,39.2031,15.9736,39.2031
16.5600,42.1806,16.0968,42.1806
16.0968,40.9772,16.9759,40.9772
16.9759,40.9772,16.9759,40.6529
16.0968,39.1568,16.5600,39.1568
16.5600,39.1568,16.5600,40.8687
16.5600,40.8687,16.0968,40.8687
16.8222,39.0336,16.0968,39.0336
16.0968,44.1695,16.5600,44.1695
16.8990,44.4938,16.7601,44.4938
16.7601,44.4938,16.7601,44.2937
16.7601,44.2937,16.0968,44.2937
16.0968,44.2937,16.0968,45.1413
16.0968,45.1413,16.8990,45.1413
16.8990,45.1413,16.8990,44.4938
16.8222,39.1420,16.6832,39.1420
16.6832,39.1420,16.6832,40.6381
0.1941,32.9406,0.1941,33.0490
0.1941,31.9383,0.1941,31.8298
8.8010,17.8708,8.9089,17.8708
6.9963,17.8708,6.8883,17.8708
17.8403,17.8708,17.9477,17.8708
50.0003,17.8708,50.1077,17.8708
60.8281,51.5270,60.8281,51.6354
60.7975,60.2269,60.7975,60.1194
51.5891,67.8623,51.6965,67.8623
38.4777,63.8824,38.3703,63.8824
14.3079,63.7750,14.4153,63.7750
16.3284,63.7750,16.2200,63.7750
3.0322,67.6464,3.1401,67.6464
-5.9912,59.0087,-5.9912,58.9002
-5.9912,59.9026,-5.9912,60.0110
52.5757,37.6606,52.4682,37.6606
51.4501,46.9923,51.5585,46.9923
52.5757,46.9923,52.4682,46.9923
47.1470,46.9617,47.0386,46.9617
41.7173,46.9459,41.6089,46.9459
38.2007,37.4448,38.2007,37.1826
43.3209,37.6143,44.4317,37.6143
37.1974,37.4448,37.1974,37.7070
38.2007,37.4448,38.2007,37.7070
37.1974,37.6143,35.9329,37.6143
38.2007,37.7070,39.0020,37.7070
44.5086,37.1826,43.2440,37.1826
39.0947,37.4753,39.0947,37.6764
39.0799,37.4142,39.0799,37.1826
38.2007,37.1826,39.0799,37.1826
48.6737,37.1826,49.5065,37.1826
37.1205,35.0074,38.3239,35.0074
38.3239,35.0074,38.3239,34.8842
38.3239,34.8842,37.1205,34.8842
43.3209,37.6143,43.3209,37.4753
44.5243,37.6606,44.5243,37.4753
44.4317,37.6143,44.4317,37.4753
48.6579,37.6606,48.6579,37.4753
48.6737,37.4142,48.6737,37.1826
44.5086,37.4142,44.5086,37.1826
43.2440,37.4142,43.2440,37.1826
15.9736,37.2132,15.9736,37.5838
15.9736,36.7352,15.9736,39.1568
16.0968,36.8584,16.0968,39.0336
15.9736,36.7352,17.9940,36.7352
17.9940,36.7352,17.9940,37.5838
16.0968,36.8584,17.8708,36.8584
17.8708,36.8584,17.8708,37.5838
17.9940,37.5838,24.3797,37.5838
22.3898,18.1636,22.3898,18.6573
22.3898,18.6573,21.7728,18.6573
54.1960,18.6573,54.9519,18.6573
54.9519,18.6573,54.9519,18.1636
0.8419,18.1636,0.8419,18.6573
0.8419,18.6573,0.4871,18.6573
0.4871,18.6573,0.4871,20.4935
26.0611,36.8741,25.4284,36.8741
54.9362,36.8741,54.3497,36.8741
49.7066,37.3679,49.7066,36.8741
49.7066,36.8741,49.5528,36.8741
7.9372,37.3679,6.1171,37.3679
6.1171,37.3679,6.1171,36.8741
6.1171,36.8741,5.0528,36.8741
60.7975,47.0849,60.7975,49.1211
60.7354,49.1211,60.7354,49.3222
60.9049,46.9775,60.8902,49.2138
60.5501,48.3810,60.5353,49.3222
60.6280,46.9775,60.6280,45.0950
60.6280,45.0950,61.9388,45.0950
61.9388,45.0950,61.9388,43.4451
60.1184,47.3323,60.1184,48.3810
60.1184,48.3810,60.5501,48.3810
60.5353,49.3222,60.8438,49.3222
60.8438,49.3222,60.8438,49.2138
60.1500,46.9775,60.1500,44.6633
60.1500,44.6633,61.5071,44.6633
60.0416,46.9775,60.0416,44.5559
60.0416,44.5559,61.3987,44.5559
61.9388,41.2393,61.9388,39.5737
61.9388,39.5737,60.6280,39.5737
60.6280,39.5737,60.6280,37.7070
61.9388,42.2880,61.9388,41.3320
61.9388,43.3367,61.9388,42.3807
60.1500,37.7070,60.1500,40.0054
60.1500,40.0054,61.5071,40.0054
61.5071,40.0054,61.5071,44.6633
60.0416,37.7070,60.0416,40.1128
60.0416,40.1128,61.3987,40.1128
61.3987,40.1128,61.3987,44.5559
2.2918,46.6995,2.2918,46.8080
2.2918,46.8080,1.7057,46.8080
1.7057,46.8543,1.5051,46.8543
2.5078,37.7070,2.2146,37.7070
4.9140,37.3679,2.2146,37.3679
2.2146,37.3679,0.6877,37.3679
0.6877,37.3679,0.6877,37.2132
0.6877,37.2132,0.4871,37.2132
2.1376,47.0544,1.5051,47.0544
1.5051,47.0544,1.5051,46.7459
1.5051,46.7459,1.6131,46.7459
2.0912,46.6995,2.0912,44.9718
2.0912,44.9718,1.6902,44.9718
1.6902,44.9718,1.6902,43.3061
2.1376,47.0544,2.1376,47.3628
2.1376,47.3628,2.7545,47.3628
2.7545,47.3628,2.7545,46.7153
2.7545,46.7153,1.6131,46.6995
1.6902,41.1004,1.6902,39.4505
1.6902,39.4505,2.0912,39.4505
2.0912,39.4505,2.0912,37.7070
1.6902,42.1648,1.6902,41.2088
1.6902,43.2135,1.6902,42.2575
2.0450,44.6170,2.0450,39.8043
2.0450,39.8043,2.5078,39.8043
2.5078,37.7070,2.5078,39.8043
2.0450,44.6170,2.5078,44.6170
2.5078,44.6170,2.5078,46.6995
2.2146,37.7070,2.2146,37.3679
2.5078,37.7070,2.5078,37.4911
22.7298,41.8869,22.7298,42.0879
22.8530,42.0101,22.8530,42.2111
22.8530,42.2111,22.1434,42.2111
22.1434,42.0879,22.7298,42.0879
22.1434,42.2111,22.1434,44.4938
38.3850,54.1802,38.5092,54.1960
38.5398,47.2239,38.5092,53.1779
38.5092,53.1779,38.3850,53.1779
38.3850,53.1779,38.4166,47.2239
19.9534,54.1033,19.8144,54.1033
19.9534,53.1010,19.8292,53.1010
19.8144,54.1033,19.8144,54.4739
54.9825,47.1007,55.1826,47.1007
55.1826,47.0080,55.0751,47.0080
55.1826,47.1007,55.1826,47.6092
55.1826,47.6092,54.3497,47.6092
54.3497,47.6092,54.3497,47.3008
56.6945,47.0080,56.6945,47.1164
56.6945,47.1164,56.8946,47.1164
10.9451,37.3679,8.0606,37.3679
26.6781,24.6271,26.6781,24.3797
32.9406,27.1877,32.9406,27.5573
32.9406,27.5573,33.2333,27.5573
11.0071,22.6993,13.7678,22.6993
13.7678,22.6993,13.7678,22.5751
13.7678,22.5751,11.0840,22.5751
8.6776,30.7043,9.4950,30.7043
8.5542,30.8275,9.4950,30.8275
10.4976,30.8275,20.1692,30.8275
8.6776,24.5039,11.2999,24.5039
11.2999,30.7043,11.2999,27.9584
11.4231,30.7043,11.4231,24.5039
8.6776,30.7043,8.6776,27.0793
11.4231,24.5039,18.5184,24.5187
10.4976,30.7043,10.4976,30.8275
9.4950,30.7043,9.4950,30.8275
8.5542,24.3797,18.5184,24.3797
10.4976,30.7043,11.2999,30.7043
8.6776,27.0793,8.6776,24.5039
8.5542,24.3797,8.5542,30.8275
11.2999,27.0793,11.2999,24.5039
11.4231,30.7043,20.0460,30.7043
10.9451,22.5751,10.8366,22.5751
10.8366,22.5751,10.8366,22.6993
10.8366,22.6993,11.0071,22.6993
9.8345,22.5751,9.8345,22.6993
12.7191,24.3797,12.7191,24.5039
11.2999,27.9584,11.0988,27.9584
11.0988,27.9584,11.0988,27.5573
11.0988,27.5573,11.2999,27.5573
11.2999,27.5573,11.2999,27.0793
26.8013,24.6271,26.8013,26.4623
26.8013,25.0430,26.8013,26.4623
26.8013,26.4623,26.8013,25.0282
24.9198,53.0083,24.9198,48.3967
25.0125,54.2265,25.0125,53.9180
25.0125,53.9180,24.8893,53.9180
24.9198,53.0083,25.0430,53.0083
48.4884,57.6199,50.4320,57.6357
19.5207,24.5039,20.0460,24.5039
27.1098,24.3797,33.1722,24.3797
26.8013,24.5039,28.9608,24.5039
27.1098,24.3797,26.6781,24.3797
21.6802,24.7966,24.5650,24.7966
21.6802,24.6734,24.2723,24.6734
13.9679,38.2313,14.0921,38.2313
14.0921,45.3424,14.0921,39.2494
14.0921,39.2494,13.9679,39.2494
13.9679,39.2494,13.9679,45.3424
13.9679,46.3605,14.0921,46.3605
13.9679,45.3424,14.0921,45.3424
14.0921,46.3605,14.0921,46.7616
13.9679,46.3605,13.9679,46.7616
23.4700,30.8275,24.6882,30.8275
20.1692,27.6963,20.1692,27.5730
20.0460,25.9222,20.0460,27.7583
20.1692,27.6963,20.1692,25.9222
24.8893,57.5125,23.9638,57.5125
23.9638,57.5125,23.9638,54.3497
19.9534,54.1960,23.9943,54.1960
23.8554,54.3497,20.8473,54.3497
23.9943,54.3497,23.9943,54.1960
24.8429,54.3497,24.8429,54.1960
20.1692,24.9050,20.1692,24.7966
20.0460,24.9050,20.0460,24.5039
21.2485,30.8275,20.2156,30.8275
21.2485,30.7812,20.2156,30.7812
24.6419,28.7144,24.6419,27.8658
23.4700,30.7812,23.9323,30.7812
24.6419,30.7201,24.6419,29.7325
23.4079,30.7043,21.3106,30.7043
23.4079,30.7812,21.3106,30.7812
24.6882,29.7325,24.6882,30.8275
24.5650,29.6862,24.5650,28.7765
24.6419,29.6862,24.6419,28.7765
28.8376,30.7969,28.8376,30.5190
28.7755,30.4727,28.7755,27.6815
28.7755,27.6815,26.8013,27.6815
26.6781,29.7325,26.8013,29.7325
26.6781,28.7144,26.8013,28.7144
26.8013,27.4193,26.6781,27.4193
26.6781,27.4804,26.6781,28.7144
28.8839,27.6815,28.8839,30.4727
28.7755,27.6815,28.7755,28.9765
29.0840,24.5039,29.0840,27.5573
28.9608,24.5039,28.9608,27.5573
29.0840,27.5573,32.8174,27.5573
17.1770,44.0611,17.6294,44.0611
19.1856,44.0562,18.7086,44.0562
