0, 0, 0, 0
1, -0.701, -0.200286, 4, 2, 3, 20, 17
2, 14.8014, 2.27713, 3, 1, 6, 7
3, -1.98091, 2.42609, 4, 1, 4, 5, 17
4, -2.3083, 4.06303, 4, 3, 13, 15, 17
5, 16.1103, 5.53345, 3, 3, 6, 12
6, 16.2846, 3.73183, 3, 2, 5, 8
7, 15.7034, -1.73116, 3, 2, 8, 9
8, 18.552, -0.117202, 2, 6, 7
9, 11.2459, -2.71165, 2, 7, 10
10, 9.1354, -4.2094, 2, 9, 11
11, 4.43791, -3.52861, 1, 10
12, 19.3088, 6.17274, 3, 5, 13, 25
13, 18.9722, 7.85562, 4, 4, 12, 14, 25
14, 18.5234, 9.48241, 3, 13, 15, 25
15, -2.40044, 5.66787, 3, 4, 14, 17
16, -8.41844, -1.41362, 4, 18, 19, 17, 20
17, -6.21137, 2.52758, 7, 1, 3, 4, 15, 16, 20, 18
18, -12.6224, 1.37149, 3, 16, 17, 19
19, -11.4137, -6.3007, 3, 16, 18, 20
20, -3.63645, -4.77677, 4, 1, 16, 17, 19
21, 26.7036, -1.25404, 3, 25, 22, 23
22, 32.6034, -0.351008, 3, 21, 24, 23
23, 28.6301, 4.46518, 4, 21, 22, 24, 25
24, 30.8575, 9.76298, 3, 22, 23, 25
25, 23.272, 8.49873, 6, 12, 13, 14, 21, 23, 24
