8.595487, -0.706336, -3.527100, -1.003196
8.620135, -0.746000, 8.758464, -5.989800
8.770611, -6.001600, 8.941587, -6.001600
9.005565, -6.122074, 9.844635, -22.376696
17.158751, 3.846700, 17.224251, 2.262500
17.756651, 2.278700, 17.822250, 0.814100
17.517225, 0.617800, 17.556675, -0.807000
17.568604, -0.817738, 17.850796, -0.793262
17.877396, -2.519700, 17.648304, -2.519700
17.728003, -4.114200, 17.996996, -4.114200
18.029797, -5.748008, 17.509203, -5.780292
17.498175, -5.792773, 17.592224, -7.261027
14.607350, -11.673811, 14.780449, -16.357296
14.769091, -16.368549, 14.502810, -16.357851
14.491358, -16.369104, 14.537041, -17.736996
14.653529, -17.795204, 14.687872, -19.731096
14.619176, -19.754503, 14.699024, -21.215097
16.143576, -21.263203, 16.461124, -27.551497
16.489075, -28.172903, 16.899624, -35.577396
9.772689, -22.209150, 7.889274, -22.298050
6.721500, -22.222050, 7.782700, -22.181551
6.670327, -22.347576, 3.750300, -22.491325
0.937100, -22.592449, -14.423891, -23.285549
1.001200, -22.593397, 1.001200, -22.250204
-14.867386, -31.422050, -6.078400, -31.041050
6.855674, -46.348549, 11.881892, -46.088249
6.844608, -46.418705, 7.104392, -50.487396
-15.514811, -47.945652, -23.907696, -48.380051
-15.503000, -48.014904, -15.503000, -48.920197
-7.840610, -48.624405, -7.783790, -49.703796
-14.503410, -23.272551, -27.174896, -23.875650
-2.736092, -48.080002, -1.964208, -61.227497
-7.896173, -46.159550, -23.387796, -46.931950
16.946703, -35.549000, 19.533297, -35.381599
19.545675, -35.392403, 20.076025, -44.697395
12.027275, -50.172005, 12.222823, -53.467297
12.234867, -53.482151, 16.936922, -54.713348
-0.556800, -63.154251, -4.133200, -63.265850
-1.669421, -65.387306, -1.473679, -69.723198
-1.461327, -69.734001, -0.247500, -69.623299
-0.431792, -70.506004, -0.095708, -76.501198
8.954014, -69.181801, 41.253296, -67.367699
20.072451, -44.781303, 20.498650, -54.680496
20.586603, -54.755249, 28.318197, -54.315552
28.330576, -54.326805, 28.476126, -56.829697
29.355850, -56.800297, 29.272150, -56.383102
33.033150, -56.206352, 33.144348, -56.595146
34.027802, -56.447796, 33.853401, -54.062405
45.470650, -65.287697, 45.443352, -64.775307
71.833702, -44.031303, 72.317703, -55.241898
72.076599, -55.568905, 74.139503, -84.328896
43.653702, -67.233902, 43.981598, -71.872398
43.135700, -71.942902, 43.251701, -73.779594
43.264305, -73.790398, 44.041397, -73.745102
43.617405, -79.347900, 44.465195, -79.347900
44.501301, -79.359604, 44.617298, -80.748894
54.566799, -100.405197, 54.065601, -92.763306
54.052998, -92.752502, 45.884205, -93.301697
45.453598, -92.824455, 44.638603, -92.918343
45.145901, -88.920700, 44.898499, -85.606705
44.885895, -85.595901, 44.042503, -85.659203
44.744549, -83.080299, 44.638950, -82.258606
43.866951, -82.310997, 43.685452, -80.774101
74.070900, -84.485603, 74.228500, -86.977295
78.304901, -94.333405, 79.257797, -99.517296
91.591301, -122.367699, 93.469696, -122.267601
98.156197, -121.895004, 96.243904, -122.163101
91.738403, -124.271698, 92.445595, -124.201897
92.458199, -124.212700, 92.771599, -127.699196
92.717796, -127.698303, 92.082207, -127.780701
92.028397, -127.865807, 92.212898, -129.804199
93.247894, -133.170898, 92.483307, -133.310593
92.472504, -133.324997, 92.642601, -135.133499
94.099594, -140.132401, 93.589607, -140.228806
93.578804, -140.243210, 93.660400, -141.268097
94.432999, -142.882706, 93.823006, -142.962402
95.265198, -162.847504, 94.726501, -162.906403
95.864899, -168.207001, 95.138702, -168.315903
95.127899, -168.330307, 95.276001, -170.179001
96.452400, -173.675995, 95.547501, -173.747604
95.536697, -173.787109, 95.685501, -175.819092
93.749901, -145.947296, 93.848000, -147.211502
94.953995, -150.912308, 94.105804, -150.999496
71.004997, -179.554504, 68.773003, -179.390503
67.724396, -179.308502, 64.508202, -179.472504
100.818604, -122.251793, 100.740601, -121.541206
100.751404, -121.528603, 102.658997, -121.370804
105.414703, -122.060295, 105.384598, -121.636902
105.395401, -121.624298, 106.393295, -121.514397
108.127701, -121.964600, 108.065598, -121.349701
110.888802, -121.784096, 110.849403, -121.230507
113.589302, -121.474998, 113.589302, -120.942001
114.290901, -118.840004, 114.433296, -120.856796
95.707802, -175.593750, 97.796196, -175.433945
100.198997, -174.447403, 100.243599, -175.188004
100.256203, -175.200607, 102.089294, -175.107697
104.748299, -174.052902, 104.860703, -174.955902
104.874207, -174.968506, 106.800095, -174.875702
72.114700, -193.931198, 72.360298, -198.700394
72.424004, -198.849411, 72.793396, -203.092789
72.795197, -203.643799, 73.195503, -207.763489
73.907799, -216.666199, 74.309898, -227.436295
100.833099, -195.636703, 100.995003, -196.743500
100.987686, -196.761505, 100.705017, -196.972702
100.696800, -196.992508, 100.800301, -197.900101
100.808403, -197.921707, 101.079796, -198.264801
101.156898, -199.367798, 100.942001, -199.767395
101.035004, -200.644806, 101.169197, -200.792297
101.351501, -202.104095, 101.123405, -202.447098
101.197800, -203.219208, 101.382500, -203.543594
101.418900, -203.567001, 101.492302, -204.715302
99.235298, -214.659698, 98.332703, -214.494995
98.318298, -214.503998, 98.143303, -215.372299
96.374901, -214.654907, 95.456703, -215.197296
95.453102, -215.213501, 95.825294, -215.817200
94.678299, -217.109406, 94.002403, -216.795502
93.987999, -216.800903, 93.682503, -217.645203
94.642197, -219.489304, 93.930305, -219.803192
93.924904, -219.819397, 94.274796, -220.543396
99.320297, -221.112808, 98.668503, -221.426697
98.661469, -221.442902, 98.930534, -222.179001
96.153496, -221.406708, 95.868698, -222.070694
100.593597, -219.039810, 100.341400, -219.720093
100.347702, -219.752594, 101.109596, -220.068298
93.721100, -217.773804, 94.530197, -217.933502
94.290703, -220.670502, 94.874794, -220.276810
96.830002, -222.315598, 97.004097, -221.570007
100.657806, -218.936401, 101.354500, -219.252106
100.050301, -216.703705, 100.541901, -217.387604
101.294601, -217.059296, 100.864700, -216.248398
100.849396, -216.242996, 100.183601, -216.656601
99.255898, -214.779297, 98.985603, -215.622803
95.923904, -215.840393, 96.669594, -215.443100
94.686203, -217.178909, 94.528297, -217.826492
99.353500, -221.160507, 99.720901, -221.762192
96.234703, -221.373703, 96.948593, -221.564194
94.661598, -219.511002, 94.979401, -220.226700
101.421196, -219.296799, 101.160599, -220.043900
103.690598, -234.081406, 103.771103, -235.279602
103.766602, -235.338303, 103.589203, -235.669601
103.584702, -235.693008, 103.618202, -236.161896
103.890602, -236.575302, 103.971100, -237.844193
103.965698, -237.867599, 103.719505, -238.269501
103.768402, -238.924500, 104.057999, -239.212402
104.067001, -239.234009, 104.124100, -240.185196
104.690598, -225.861298, 104.725800, -226.418289
104.718597, -226.439896, 104.466805, -226.699097
104.459602, -226.720703, 104.476303, -227.092896
104.801498, -227.358307, 104.873596, -228.423492
104.868195, -228.445099, 104.612801, -228.824493
104.708801, -229.173355, 104.920097, -229.306839
104.930901, -229.326599, 104.984497, -229.828094
74.978394, -263.444305, 72.181107, -263.715302
105.684502, -268.661682, 105.350403, -265.573303
105.499397, -265.399902, 105.416298, -264.782196
105.424400, -264.764191, 105.621300, -264.626892
105.307007, -260.740204, 107.266693, -260.577698
109.912506, -260.350098, 111.731293, -260.220093
114.388000, -260.035797, 116.347694, -259.894989
105.374603, -240.839508, 105.391403, -241.149597
105.635399, -241.323807, 105.745300, -242.639801
105.940300, -243.736404, 105.626602, -243.841003
105.623901, -244.179504, 105.747398, -244.310593
105.784187, -244.332199, 105.792114, -244.539795
105.663300, -244.667511, 105.680099, -244.893692
114.594803, -259.695099, 114.383003, -257.032013
112.248100, -260.377106, 114.461899, -260.234711
107.244705, -260.600800, 109.763596, -260.417786
107.285706, -245.807495, 146.777100, -243.045303
106.002701, -270.254395, 106.094597, -271.451202
106.083794, -271.465607, 105.788506, -271.552185
105.742004, -272.063293, 105.924103, -272.857086
106.555603, -277.171295, 106.750702, -280.523804
76.391899, -294.236603, 76.574799, -297.130493
76.297096, -294.123108, 74.657402, -294.225800
116.824600, -257.714813, 117.816498, -257.679810
121.415596, -256.863800, 121.399902, -256.622894
121.410706, -256.577087, 124.223000, -256.349487
117.615204, -259.797485, 123.520996, -259.363708
123.109100, -258.307190, 123.044197, -257.294189
123.633400, -259.374786, 128.481598, -259.052185
124.344200, -256.395294, 124.532196, -259.068787
128.983307, -258.982605, 131.184097, -258.802704
131.200302, -258.813507, 131.417892, -259.590088
133.119202, -259.488892, 133.119202, -258.521210
133.075607, -258.510406, 133.477600, -258.487915
133.761398, -258.667786, 135.388794, -258.566589
135.652802, -258.725891, 143.910294, -258.316315
57.053402, -64.201401, 57.088600, -64.585098
57.077797, -64.597702, 45.536503, -65.224998
14.166589, -35.625252, 6.293800, -35.978649
-6.035073, -33.687550, -15.033988, -34.130451
-23.526203, -46.904449, -29.253096, -47.211651
-29.265699, -47.200397, -29.434999, -44.930504
-29.447603, -44.919250, -34.489895, -45.192150
-37.509304, -24.702000, -39.430698, -24.832699
-39.442402, -24.845303, -39.442402, -26.059496
-42.712650, -26.348103, -42.580952, -29.683796
-42.571949, -29.703827, -42.368053, -29.908173
-42.327003, -30.492676, -42.966595, -30.577925
73.800201, -216.347794, 73.196602, -207.865005
72.173698, -193.985092, 71.954903, -190.039200
-62.108101, -34.597904, -61.627701, -41.808098
-61.519150, -43.278202, -61.091351, -51.667297
-33.951698, -27.685625, -29.023003, -27.421976
-28.403297, -27.403799, -26.455803, -27.240000
-25.944099, -23.974604, -25.701099, -27.234497
-26.289997, -27.422924, -25.826004, -27.394276
-26.345852, -27.409271, -26.397848, -27.271029
-28.385338, -27.437004, -28.377563, -27.553196
-28.388504, -27.565800, -28.837397, -27.598900
6.053673, -31.066824, 13.962885, -30.661976
13.975377, -30.673004, 14.260726, -35.523895
42.497551, -49.434898, 41.245049, -26.130604
42.416695, -49.447079, 40.002903, -49.585423
39.991199, -49.597603, 39.991199, -50.200897
39.940197, -50.168549, 37.906002, -50.269249
40.156002, -52.212002, 40.281300, -53.585697
144.044205, -258.303101, 158.836899, -257.431488
158.849503, -257.442291, 159.267899, -265.056183
186.457703, -226.438202, 187.224701, -237.479797
191.047104, -223.119202, 191.366806, -228.010498
192.403900, -242.784607, 192.814499, -249.211502
191.876007, -235.335510, 192.169296, -239.826691
193.811600, -249.647308, 193.987503, -251.968292
193.049103, -252.110809, 193.811600, -264.404907
213.695602, -215.744705, 213.988907, -220.587891
144.320297, -223.223389, 143.120499, -207.251801
144.441406, -223.169998, 151.830200, -222.445801
154.766510, -222.283005, 159.403503, -221.899994
159.417908, -221.908997, 159.505295, -222.433197
106.290100, -209.949295, 107.781494, -209.744003
110.312103, -209.531403, 111.646698, -209.378296
114.281807, -209.322495, 114.832893, -209.273895
117.050102, -208.956894, 118.384697, -208.803802
114.166504, -209.859207, 115.679398, -224.720398
105.193306, -225.671402, 115.668594, -224.839203
115.915604, -174.690399, 116.139900, -176.036301
109.363602, -173.265808, 109.529099, -174.098892
112.154800, -173.322800, 112.265198, -173.927994
114.889000, -172.982697, 114.944199, -173.527298
114.899803, -173.598694, 116.585899, -173.766098
102.010201, -192.046494, 102.010201, -190.362305
105.383804, -189.722794, 106.158195, -189.722794
109.258606, -189.494904, 110.032898, -189.437897
112.962402, -189.379196, 114.135696, -189.268799
116.438301, -188.923294, 117.611595, -188.755997
103.208603, -206.771301, 103.375900, -207.832397
103.433800, -208.881409, 103.378601, -209.653992
116.447502, -179.205002, 116.501198, -180.400803
116.780602, -186.253799, 116.889801, -187.394196
96.333099, -173.528793, 96.085503, -170.188110
95.834396, -167.981293, 95.586899, -164.702911
95.647400, -162.059799, 95.462204, -157.784103
95.449600, -157.771500, 94.849701, -157.771500
94.884300, -156.616409, 95.271393, -156.586792
95.282364, -156.573196, 95.220634, -154.956299
95.208199, -154.943695, 94.663200, -154.912094
94.568504, -153.836594, 95.145096, -153.745499
95.050293, -152.164703, 94.221100, -152.133102
93.936905, -147.175201, 94.734497, -147.175201
92.338303, -129.852997, 93.166100, -129.819000
93.972603, -144.016403, 94.528000, -144.016403
93.734207, -141.292694, 94.255600, -141.326706
92.746902, -135.132004, 93.302299, -135.196503
93.359703, -135.744904, 93.812996, -135.809402
93.887802, -145.738403, 94.573997, -145.613007
94.197701, -142.759995, 94.135002, -141.559402
94.068703, -140.114792, 93.747902, -135.817505
93.735298, -135.804901, 93.178101, -135.804901
93.090195, -135.224304, 92.855507, -135.224304
193.899399, -264.662506, 194.477997, -274.310883
79.532600, -99.734299, 83.732399, -99.168098
90.208000, -98.762299, 99.368393, -97.693298
99.391800, -97.689697, 104.044098, -96.939201
114.352303, -118.875496, 116.762398, -118.553001
104.756401, -96.764793, 104.793900, -93.076904
104.792999, -93.053497, 104.157501, -87.078804
112.715607, -96.999603, 116.178596, -96.515900
120.325706, -92.242302, 121.801796, -92.426102
122.125107, -92.801903, 125.775497, -92.578804
125.460602, -91.522797, 126.526199, -91.008804
126.548706, -90.440102, 131.135391, -90.179497
135.582397, -91.159599, 140.021896, -93.921097
144.281509, -94.752197, 148.304993, -94.827103
148.330200, -94.826202, 160.975891, -93.703400
104.118805, -96.910103, 104.739799, -96.821701
124.202499, -118.986794, 124.148003, -117.969002
124.158806, -117.956398, 126.836899, -117.845604
127.001106, -119.983398, 127.765594, -120.011597
127.779099, -120.023300, 127.859901, -120.478294
129.632797, -120.393898, 129.523895, -119.882607
130.593201, -119.854401, 130.645905, -120.253197
130.660309, -120.264000, 132.351700, -120.153198
132.362503, -120.140594, 132.281708, -119.741905
132.292511, -119.729301, 133.392899, -119.618500
133.407303, -119.629303, 133.460007, -119.971695
135.034943, -119.915497, 134.927963, -119.460503
136.305893, -119.347900, 136.386703, -119.859200
137.765594, -119.718498, 137.712997, -119.263504
137.722000, -119.250000, 138.460190, -119.140999
138.469193, -119.127495, 138.388306, -118.588104
138.399109, -118.575500, 140.625198, -118.323997
143.255005, -118.958694, 143.283096, -118.194107
147.785706, -118.733498, 147.757599, -117.856407
147.798309, -117.842903, 148.673599, -117.733902
156.877106, -109.864304, 157.070496, -112.176598
155.441360, -112.340706, 155.579529, -114.146500
155.591599, -114.163605, 155.738892, -114.237198
155.881393, -115.010605, 155.674210, -115.191299
157.274109, -109.614403, 177.183899, -108.034103
148.794708, -117.741898, 149.940796, -117.695602
149.943100, -117.796806, 150.561401, -124.856194
150.826599, -128.527603, 151.151001, -130.228394
151.163605, -130.237396, 151.921204, -130.117905
156.222397, -120.032303, 156.392105, -121.799797
158.899307, -121.490501, 161.255905, -145.887192
152.835098, -132.997101, 153.618195, -141.297989
154.375702, -141.257706, 154.470505, -142.150299
152.452499, -131.933792, 153.476303, -131.806305
153.490707, -131.817108, 153.585403, -132.807999
150.580093, -125.209801, 150.439697, -125.234100
150.622604, -125.157196, 150.592697, -124.890205
150.397202, -125.286705, 150.745392, -128.585403
152.148697, -129.537903, 153.251495, -129.431793
153.319397, -130.314407, 150.587204, -130.603302
150.576401, -130.617706, 150.813004, -133.360291
143.325409, -207.060196, 165.749191, -205.316803
161.326508, -145.938705, 162.942398, -162.906799
154.219803, -147.171509, 155.328094, -158.990799
156.129395, -158.919296, 156.222504, -159.691803
154.411697, -142.223602, 153.660599, -142.318497
153.649796, -142.332901, 154.028900, -146.200302
154.907303, -146.149002, 154.980194, -146.987595
154.969391, -147.001999, 154.218307, -147.096802
112.661201, -96.880600, 112.736397, -95.172104
114.750305, -94.852501, 116.304893, -94.890999
120.653900, -92.004501, 118.329605, -91.927498
118.306198, -91.929298, 116.405304, -92.195099
116.394501, -92.185196, 116.662102, -88.052002
116.661201, -88.028595, 116.549301, -87.436203
116.550201, -87.412796, 117.506996, -82.663803
117.497993, -82.653000, 109.477600, -83.266998
115.034798, -84.230904, 107.553200, -84.921898
106.413696, -82.614502, 103.858505, -82.843597
103.846802, -82.856201, 103.769798, -85.449898
163.128998, -162.997803, 186.325699, -160.966507
155.936203, -164.448608, 156.531097, -170.228897
156.772293, -164.243790, 156.772293, -163.431107
155.693207, -163.525589, 155.397598, -159.900009
155.406601, -159.885605, 156.043289, -159.769501
186.547211, -160.863007, 188.856094, -160.607300
188.870499, -160.618103, 188.977997, -161.963699
188.968994, -161.981705, 188.620102, -162.193100
188.931900, -166.498001, 188.397797, -166.605499
188.388794, -166.619904, 189.089096, -175.226990
189.103500, -175.239594, 189.671097, -175.276703
170.134506, -184.380295, 187.669296, -182.807297
164.183502, -185.145096, 135.286301, -188.185898
190.177505, -179.558899, 194.438492, -179.234207
195.876205, -179.104294, 196.338089, -179.088104
187.861298, -182.802399, 188.360992, -188.427200
175.575699, -173.688599, 175.415100, -172.001297
175.425903, -171.988693, 176.104401, -171.941803
176.221695, -173.656097, 175.590103, -173.722900
179.238495, -171.985901, 179.186005, -171.596008
181.953796, -171.373398, 181.987595, -171.740891
184.082092, -172.993896, 183.936096, -171.261200
184.476593, -171.205109, 184.607498, -172.956497
200.449493, -220.271408, 191.044403, -221.224503
199.484100, -206.958099, 198.416611, -207.067902
198.488800, -208.212097, 199.061401, -208.164200
201.360092, -210.493805, 198.705200, -210.737595
198.684097, -210.751999, 198.783600, -211.798889
196.377701, -179.075104, 198.028702, -208.122299
166.076706, -205.322693, 185.754089, -203.657700
196.125702, -181.680908, 196.217697, -182.942596
196.634003, -185.270401, 196.291504, -185.297394
196.278900, -185.311798, 196.355499, -186.604202
196.848495, -188.931808, 196.490707, -188.959198
196.567307, -190.094498, 196.971100, -190.079193
197.066696, -192.594162, 196.702499, -192.622040
196.780304, -193.742401, 197.173798, -193.722900
197.300400, -196.110199, 196.936096, -196.145493
197.014008, -197.471497, 197.378296, -197.451996
197.465897, -199.887894, 197.160004, -199.913498
197.140793, -199.965698, 197.185104, -201.102295
197.667603, -203.518494, 197.293808, -203.547104
197.281204, -203.561401, 197.345001, -204.748993
17.862726, -0.804100, 17.888874, -2.507900
18.009153, -4.126100, 18.061350, -5.750100
17.604702, -7.273187, 17.754997, -7.278016
14.548750, -17.752104, 14.642048, -17.780125
14.711599, -21.226362, 15.951586, -21.203825
1.013100, -22.238047, 2.455900, -22.173550
-6.066336, -31.052402, -6.008162, -33.731396
-0.083100, -76.511993, 9.792986, -75.923203
28.488604, -56.840946, 29.346397, -56.812450
33.159302, -56.604584, 34.016998, -56.461300
45.455391, -64.775757, 57.026798, -64.178101
44.054008, -73.756004, 44.287601, -76.863899
44.625797, -82.247810, 43.880005, -82.321800
96.233109, -122.176704, 96.299202, -122.968193
93.812210, -142.976913, 93.893700, -143.901703
94.715706, -162.920914, 94.888702, -164.732101
94.095009, -151.014008, 94.202103, -152.259903
108.076500, -121.337997, 108.914795, -121.306000
110.860306, -121.216988, 111.722893, -121.055702
113.601105, -120.929390, 114.360695, -120.889999
100.937508, -199.790909, 101.026001, -200.623199
101.179115, -200.814011, 101.340996, -202.082489
101.118011, -202.468811, 101.176399, -203.195801
96.675858, -215.426804, 96.342102, -214.697601
99.717216, -221.778442, 99.014999, -222.200897
103.625458, -236.183578, 103.883400, -236.553696
103.714111, -238.293015, 103.747597, -238.902893
104.487190, -227.112762, 104.790695, -227.338501
72.168495, -263.704407, 71.345100, -249.415207
105.630295, -264.608795, 105.296204, -260.751007
105.402290, -241.167648, 105.624596, -241.305801
105.783722, -244.559662, 105.671402, -244.647705
114.393906, -257.021210, 117.024597, -256.848297
105.775894, -271.566681, 105.740204, -272.041687
105.927711, -272.878784, 106.113297, -275.875000
117.828201, -257.690704, 117.810699, -259.296906
131.434204, -259.600891, 133.117798, -259.499695
6.281289, -35.967297, 6.004306, -31.131504
-39.454205, -26.072107, -42.701397, -26.335499
-25.814074, -27.381798, -25.811226, -27.245003
193.974792, -251.982712, 193.061707, -252.096405
151.844620, -222.454895, 151.886505, -222.751602
109.543602, -174.109695, 110.374794, -174.052795
112.278801, -173.938797, 112.995995, -173.938797
115.947998, -174.709198, 116.007118, -175.232285
116.008934, -175.257706, 116.112701, -176.182602
94.837997, -157.758789, 94.837997, -156.724411
94.650589, -154.899384, 94.557701, -153.850998
95.155891, -153.730988, 95.062897, -152.177307
94.907402, -150.888901, 94.587952, -147.187912
94.584793, -145.598495, 94.522102, -144.075500
93.230003, -133.082703, 92.975441, -129.839828
116.199379, -96.505928, 120.117500, -93.148300
131.158890, -90.181320, 135.560791, -91.150597
126.849510, -117.856506, 126.988503, -119.971695
134.937912, -119.447891, 136.291489, -119.337097
136.401215, -119.869995, 137.754791, -119.731102
143.295807, -118.181496, 145.071594, -118.042603
155.751511, -114.254402, 155.888596, -114.990799
155.667023, -115.211205, 156.001099, -118.817993
153.632706, -141.308777, 154.361298, -141.246902
153.574493, -132.822418, 152.878708, -132.884399
154.043411, -146.211090, 154.892899, -146.138199
112.749100, -95.158585, 114.726898, -94.854301
189.685516, -175.289413, 190.126495, -179.524597
196.350693, -179.100815, 196.448105, -181.332199
176.117004, -171.954514, 176.234299, -173.641693
181.976685, -171.755310, 179.252899, -172.013596
183.947006, -171.246780, 184.463989, -171.194305
184.069351, -172.985016, 184.003006, -172.987793
198.404007, -207.082413, 198.476196, -208.201294
196.230408, -182.955200, 196.526794, -182.939896
196.368210, -186.616806, 196.741302, -186.601501
196.478104, -188.973511, 196.554703, -190.081894
196.923492, -196.160004, 197.001404, -197.458893
17.236504, 2.251550, 17.744398, 2.289652
17.637281, -2.531600, 17.715618, -4.102327
-15.491088, -48.931446, -7.853100, -48.613155
7.107894, -50.355980, 12.014687, -50.160755
29.281702, -56.370945, 33.018196, -56.195553
33.864304, -54.049793, 40.269295, -53.586189
91.598640, -122.379433, 91.725792, -124.260796
95.888451, -222.056061, 96.816513, -222.318436
100.559998, -217.391159, 101.289108, -217.075546
104.609627, -228.844391, 104.695770, -229.155304
105.357674, -265.555237, 105.493027, -265.417969
105.615799, -243.857315, 105.615799, -244.157791
-42.358593, -29.928303, -42.316208, -30.479298
93.314911, -135.211014, 93.347092, -135.730392
93.165489, -135.792191, 93.102806, -135.237015
83.755905, -99.165390, 90.184494, -98.765007
126.537003, -90.991600, 126.537003, -90.452805
140.043594, -93.930122, 144.258011, -94.749474
127.873505, -120.489090, 129.621887, -120.406509
129.534805, -119.870903, 130.578690, -119.842697
133.474518, -119.983398, 135.024994, -119.927200
156.399353, -121.735474, 158.884796, -121.479706
153.265259, -129.442703, 153.330841, -130.299896
155.342606, -159.001587, 156.114883, -158.908508
155.945297, -164.434189, 156.761398, -164.258209
156.759583, -163.420319, 155.707718, -163.536377
188.611115, -162.211212, 188.940887, -166.483490
179.196915, -171.583389, 181.939285, -171.362610
184.594788, -172.969101, 184.094772, -172.985016
196.689896, -192.635406, 196.767700, -193.729691
46.310165, -130.346390, 22.713549, -132.354248
46.380131, -130.357101, 47.470261, -142.917862
35.944065, -101.696106, 22.006641, -102.864204
22.607559, -132.269562, 5.238592, -133.825851
-19.535736, -135.533279, -45.034077, -137.672760
-8.319746, -104.806519, -21.711767, -106.029350
-24.907383, -106.198097, -39.468330, -107.643585
-1.398321, -104.665024, -2.090939, -96.885956
-2.156912, -96.875427, -8.599851, -97.301170
-54.673672, -98.702827, -54.461678, -102.046585
-54.472206, -102.058868, -64.442223, -102.965553
-25.536989, -98.606689, -25.417370, -99.524506
-25.427240, -99.536789, -28.717070, -99.862206
-32.203388, -99.097450, -32.083328, -100.015266
-32.093418, -100.028427, -32.970337, -100.188507
-34.738991, -99.301933, -34.618931, -100.260651
-39.728397, -99.629112, -39.608341, -100.710510
-39.618431, -100.722794, -42.090324, -101.007317
-34.629120, -100.273827, -35.424145, -100.392990
-61.108265, -148.574280, -61.886436, -139.629639
-60.794559, -151.016357, -60.094379, -159.025101
-60.184093, -160.639709, -59.461346, -168.710693
-64.568184, -102.987740, -68.668350, -103.381340
-71.232407, -103.496025, -91.145988, -105.470963
-61.898712, -139.619217, -80.749878, -141.253540
-44.328739, -137.782135, -41.602966, -166.981171
-81.076561, -141.295059, -89.355537, -142.128174
-118.452934, -96.451279, -117.360672, -111.615913
-97.152451, -133.583176, -96.703705, -137.870621
-97.164520, -133.508484, -98.622192, -133.698090
-98.837669, -143.161270, -123.526375, -145.474487
-89.367615, -142.117722, -89.880699, -137.444290
-158.356079, -148.408508, -174.188217, -149.843445
-123.957970, -145.777496, -123.119507, -153.735306
-78.037186, -161.171722, -77.376083, -167.996902
-157.254089, -168.120926, -168.166534, -169.332657
-168.176697, -169.346207, -167.738220, -172.967880
-88.471664, -183.913742, -86.854568, -202.390457
-120.004051, -165.245392, -83.351418, -161.824356
-163.308350, -250.522812, -89.716713, -243.911057
-164.537186, -250.781937, -161.759644, -279.713989
-188.659271, -250.421890, -186.994461, -270.774750
-81.701851, -228.452957, -80.666428, -240.183533
-154.433792, -114.717926, -169.528351, -115.987831
-150.203674, -158.788269, -147.409454, -158.564758
-146.612885, -163.073715, -144.313644, -162.806915
-144.130844, -164.100403, -143.342407, -164.100403
-147.397476, -158.573837, -147.141617, -161.659164
-144.301666, -162.815994, -144.142807, -164.089935
-157.161911, -134.873840, -167.358047, -135.962769
-171.740005, -344.143707, -135.274216, -339.157654
-142.988998, -172.801254, -147.300171, -173.206024
-142.977524, -172.784378, -142.649185, -176.229294
-172.636795, -344.095428, -171.844833, -344.182861
-156.284561, -347.800354, -172.120499, -349.941315
-168.490479, -374.318237, -152.937775, -372.335358
-149.822571, -371.900085, -133.931320, -370.062317
-129.234558, -334.179596, -107.733543, -331.788422
-152.442703, -347.137695, -137.527298, -345.251617
-3.865381, -30.952593, -5.388535, -33.491329
-6.320512, -46.175152, -4.209642, -46.090691
-3.685049, -46.436272, -2.846215, -47.190895
8.221008, -55.542603, 8.305167, -57.058025
8.313735, -55.534569, 9.403596, -55.534569
10.092676, -73.665237, 10.177139, -75.691162
41.618172, -53.418015, 59.309067, -52.190376
-70.611824, -121.369453, -92.727448, -123.628975
-68.032799, -110.308144, -39.398323, -107.642212
-24.791740, -106.148254, -21.822630, -106.028473
24.777010, -54.938797, 24.962311, -57.472069
21.861418, -102.726555, 21.458721, -97.318390
19.315182, -103.081322, 13.387759, -103.484016
23.519630, -54.790470, 23.708221, -57.617226
23.720123, -57.544746, 24.989983, -57.544746
24.750061, -54.649773, 24.789419, -54.924385
47.296062, -100.990288, 36.120186, -101.797363
54.570435, -100.430725, 47.373707, -101.051270
12.229774, -114.979469, 4.970986, -115.413498
-1.975037, -97.687401, 5.261919, -97.098671
7.081694, -96.889297, 8.662510, -96.786369
33.966434, -65.526909, 34.064983, -67.543999
34.072811, -65.568359, 36.436848, -65.420822
55.473938, -100.319084, 62.487492, -99.701981
78.244644, -94.327698, 77.924583, -90.630920
74.299767, -87.041725, 77.563866, -89.862846
17.444242, -114.354515, 15.178183, -116.785934
-5.762311, -116.347961, -13.686027, -116.957489
12.179173, -114.989769, 12.188271, -115.065544
12.189998, -115.080223, 12.341257, -116.340164
60.613407, -66.428223, 61.239021, -66.383614
31.475491, -113.258904, 33.644234, -114.575371
27.726152, -113.546112, 25.788494, -115.664146
-22.745285, -117.799973, -30.482084, -118.450836
27.741634, -113.504532, 31.369707, -113.252419
17.535805, -114.342033, 22.235100, -113.992538
-146.208542, -139.680161, -145.976135, -143.383545
-133.751404, -155.902328, -133.611954, -157.839401
-133.567642, -157.946457, -133.935150, -159.374390
61.246338, -66.390213, 61.268639, -66.924339
-133.937317, -159.388580, -133.890839, -160.953690
64.379768, -111.639206, 61.711662, -111.839287
-7.623775, -104.642326, -8.082550, -98.770134
-49.738522, -119.777794, -44.648075, -119.273026
61.700115, -111.845238, 60.033012, -113.778923
-44.635715, -119.276825, -42.945030, -120.693756
48.015369, -112.059990, 54.236431, -111.545387
54.290676, -111.598587, 54.383381, -113.084984
36.295918, -112.950668, 41.438789, -112.576698
15.240147, -117.725891, 15.147970, -116.942650
-5.743633, -116.441299, -4.954286, -116.967796
-54.656712, -98.640854, -54.742043, -97.843369
-54.649078, -97.835999, -51.707779, -97.605286
-115.972107, -125.324181, -106.414864, -124.576668
-120.043121, -165.258621, -121.271851, -153.991425
-121.225746, -153.878159, -122.976532, -154.036469
20.242174, -102.684952, 19.817900, -96.584587
-39.187824, -119.012505, -34.948196, -118.694557
-119.051559, -125.605728, -124.049706, -126.501694
-124.149582, -126.621719, -128.453506, -128.730225
-148.629272, -150.461029, -147.771332, -158.231934
-145.187485, -167.156403, -143.882324, -168.620316
-143.825592, -168.713181, -143.903931, -169.341980
-144.018417, -169.620407, -145.158600, -170.203903
-142.837936, -176.377411, -143.631729, -177.171188
-143.368866, -179.864166, -143.342056, -181.216721
-143.522430, -184.602478, -142.437943, -184.734436
-142.507980, -184.768509, -142.219345, -185.318954
-142.162628, -185.412872, -142.216232, -188.775803
-143.819366, -189.805862, -143.427673, -190.172836
-143.635864, -177.183746, -143.423508, -179.447556
-148.368057, -150.588486, -146.302322, -150.282684
-188.853180, -250.087158, -189.622742, -239.481277
-19.063261, -135.589615, -7.892771, -134.700882
-149.468475, -145.559555, -146.577957, -146.098694
-149.522629, -145.614700, -149.229462, -147.912903
-143.226822, -184.365402, -143.226822, -183.887344
-142.539108, -182.902481, -142.684708, -183.579285
-116.429794, -125.253059, -117.085846, -127.143562
-118.875999, -125.680092, -119.492249, -127.298843
-121.282242, -153.784622, -122.148651, -145.509949
6.991837, -96.840813, 6.901235, -96.236694
6.893890, -96.169151, 5.611345, -96.291534
-143.275909, -164.184570, -143.197617, -165.093796
-144.086227, -165.944244, -145.115829, -166.062668
-116.448334, -125.324844, -116.084801, -125.324844
66.039383, -125.736908, 67.852562, -125.555298
66.216179, -125.834915, 66.397789, -128.377884
-8.592527, -123.949577, 4.020288, -122.905678
4.983814, -133.869446, 4.636401, -129.180893
-8.511189, -124.043274, -8.163850, -128.819366
-144.918564, -196.694229, -144.329712, -202.700470
-144.887787, -196.683609, -143.235519, -194.555008
-143.619522, -194.184967, -143.181931, -194.156845
-143.210052, -192.975616, -144.378891, -192.919357
-144.385773, -192.885040, -144.468765, -191.800583
-144.438675, -191.760956, -143.487747, -190.252853
-140.799606, -205.016678, -142.294632, -207.053238
-88.761971, -181.821701, -89.467979, -173.755295
-128.613953, -128.868988, -129.962418, -129.679123
-142.298172, -207.063965, -141.882690, -213.155746
-143.236481, -194.546982, -143.621216, -194.188568
-143.175735, -194.150543, -143.203857, -192.981918
-143.179886, -165.178406, -144.004623, -165.295975
-144.058441, -165.302063, -144.128296, -165.840469
-142.570892, -202.911545, -141.886398, -203.671127
-186.351166, -275.480713, -185.022964, -292.829407
-161.637161, -280.608246, -160.604263, -292.667694
-161.743271, -280.064209, -161.743271, -280.450562
-108.560272, -106.777893, -108.913582, -102.007835
-108.541451, -106.983147, -92.414734, -105.765251
-67.442596, -121.247307, -67.753014, -121.823174
-69.242416, -121.959129, -69.954597, -121.291191
-67.759926, -121.827843, -69.234070, -121.961990
-18.963337, -117.569885, -22.637804, -117.806831
-68.196747, -110.321503, -86.724411, -112.103188
-92.748322, -123.650940, -92.717102, -124.014290
-128.720154, -112.763275, -130.586105, -115.900864
-130.591354, -115.991768, -133.857101, -118.197037
-133.949310, -118.285965, -136.406281, -119.387619
-117.349586, -111.686546, -128.671356, -112.526680
-59.667107, -120.216347, -59.277592, -123.752335
-59.272945, -123.786217, -49.909847, -122.945831
-67.472946, -121.082924, -59.761860, -120.212502
-94.939362, -123.716698, -94.872505, -124.253487
-187.524536, -238.414154, -187.917969, -235.560089
-187.923203, -235.556244, -190.775879, -235.556244
-106.397964, -124.575150, -94.973343, -123.685959
-186.941589, -239.550659, -184.413635, -270.416412
-199.341019, -205.571732, -198.838318, -210.490570
-167.044540, -227.979324, -158.927444, -227.215225
-167.064590, -228.016907, -166.349319, -235.108093
-157.390701, -234.995544, -145.474487, -233.787415
-204.564941, -189.913239, -197.676514, -189.052322
-197.673035, -189.047684, -198.706360, -180.607529
-129.803558, -129.537277, -131.231659, -130.405029
-147.782272, -162.883835, -147.629990, -164.665314
-144.869553, -204.011597, -145.369873, -204.694351
-145.374146, -204.745575, -145.690994, -205.198959
-146.338547, -205.569687, -146.790878, -205.751038
-143.356262, -205.341385, -144.314270, -206.116959
-144.319611, -206.121231, -145.002365, -206.713303
-145.054108, -206.808792, -145.781662, -207.172577
-145.788071, -207.175247, -146.378021, -207.402466
-137.885254, -233.144012, -137.694550, -235.150101
-139.224960, -232.853165, -138.512238, -232.947983
-138.123367, -232.999130, -137.935867, -233.233490
-142.025772, -237.608734, -140.567749, -236.967590
-140.619919, -236.964386, -138.751862, -236.147507
-138.628830, -236.026611, -137.696945, -235.386536
-158.164429, -238.428497, -151.467560, -237.897476
-157.905182, -238.398026, -158.421265, -235.449295
-170.923401, -313.794098, -165.312943, -313.169891
-164.542542, -313.169891, -161.706360, -312.823090
-164.880798, -303.722961, -162.738770, -303.633423
-164.436722, -303.905304, -164.347153, -305.869263
-171.614166, -312.015472, -161.295166, -311.259857
-175.140274, -311.952484, -171.684616, -312.204346
-176.338593, -317.687714, -175.445374, -329.364594
-227.357040, -347.370789, -226.762375, -354.116119
-187.243774, -335.356689, -185.656189, -354.513306
-179.499664, -353.129639, -178.705338, -364.839478
-180.889725, -332.973724, -180.691147, -338.924713
-180.690613, -339.328278, -180.493103, -340.711945
-180.490433, -340.718353, -179.998245, -341.406982
-179.992905, -341.610901, -179.304291, -342.003784
-178.304977, -341.907715, -178.112793, -342.004852
-177.811188, -342.704163, -177.712967, -343.293488
-177.710297, -343.697052, -177.317413, -344.187103
-177.112961, -344.388885, -176.226822, -344.289612
-175.623596, -344.289612, -174.538879, -344.190308
-174.134247, -344.289612, -173.645279, -344.289612
-176.249100, -344.288239, -175.652939, -344.288239
-174.438171, -344.288239, -172.634720, -344.087036
-134.632614, -333.694916, -132.311081, -333.522400
-132.132156, -333.869568, -131.533676, -334.296600
-131.441544, -334.386047, -130.930389, -334.556427
-130.750931, -334.643768, -129.637039, -334.557495
-129.457581, -334.470184, -129.205200, -334.386047
-134.549561, -333.784363, -134.378113, -335.503143
-134.292923, -336.372162, -134.375977, -336.538269
-134.467041, -336.628815, -135.064453, -336.799194
-135.157654, -336.800262, -136.702850, -336.972778
-135.279694, -347.388977, -134.034866, -356.913696
-178.510498, -341.807343, -179.644760, -341.807343
-179.652451, -341.807343, -179.893082, -341.807343
-178.108490, -342.009216, -177.912079, -342.499176
-134.377029, -335.509644, -134.291855, -336.193237
-136.706589, -336.976074, -136.706589, -337.573395
-145.576385, -205.033142, -146.332596, -205.566422
-138.505188, -232.949066, -138.129349, -232.995911
-132.305695, -333.525696, -132.136475, -333.864136
-158.307281, -148.378998, -158.013748, -151.199432
-147.485916, -137.357758, -146.967789, -137.772263
-146.684738, -138.230698, -146.513367, -138.503677
-127.704643, -233.157181, -127.586983, -233.627823
-127.385086, -233.950668, -127.072327, -234.184982
-126.430939, -234.346390, -125.563545, -234.464569
-147.532166, -236.243256, -147.403976, -237.441925
-185.035126, -292.897888, -184.789490, -297.488708
-184.514893, -298.199890, -183.220383, -298.085052
-183.216858, -298.082031, -183.255142, -297.399017
-195.587036, -345.381714, -193.298920, -345.260895
-199.996201, -345.683685, -197.647675, -345.502502
-204.344955, -345.985687, -201.815231, -345.804504
-201.747772, -346.529297, -200.667633, -346.408478
-176.359375, -350.281555, -172.130417, -349.935760
-179.828201, -352.006134, -179.900772, -351.300873
-179.678513, -350.854370, -179.339172, -350.490509
-178.843094, -350.316803, -178.359604, -350.267731
-177.887054, -350.367859, -177.598770, -350.535522
-156.281235, -347.820435, -152.466187, -347.220337
-145.715637, -334.209625, -139.511215, -333.470947
-133.377060, -368.466583, -134.018982, -360.114532
-181.041901, -332.776215, -174.329666, -332.131165
-174.219147, -332.181885, -174.486908, -329.392700
-191.246475, -315.395752, -191.669739, -310.310455
-165.767029, -238.920334, -158.220306, -238.454041
-127.694107, -233.147430, -127.762749, -232.689133
-127.693100, -232.079453, -127.647675, -231.830109
-127.584412, -233.633957, -127.389366, -233.945633
-179.334045, -350.487457, -178.849640, -350.317810
-178.352966, -350.268768, -177.917618, -350.340302
-146.963715, -137.777390, -146.687805, -138.224564
-127.066437, -234.188034, -126.437584, -234.344849
-201.811188, -345.807617, -201.751816, -346.526184
-179.899719, -351.294739, -179.682083, -350.859497
-127.762779, -232.682480, -127.694077, -232.086105
-158.388474, -151.950043, -158.326035, -152.513916
-158.323105, -152.519287, -157.947510, -152.769028
-157.944580, -152.774399, -157.882156, -153.338257
-147.385345, -237.463943, -147.313980, -237.636383
-201.998581, -315.633057, -193.398270, -315.095093
-152.874542, -372.357086, -149.835098, -371.911438
-102.677406, -344.078888, -102.102379, -353.281281
-101.756584, -356.394958, -101.066452, -364.101013
-101.523445, -356.392029, -100.724068, -356.276917
-137.074905, -345.414917, -136.550934, -345.414917
-136.102737, -345.593811, -135.753754, -345.855316
-135.663818, -346.214050, -135.838791, -346.827484
-136.633057, -347.626617, -135.311905, -347.449677
-191.575821, -365.329956, -191.370773, -368.604980
-176.563705, -317.104462, -176.501694, -317.854492
-144.799423, -237.756729, -144.490616, -237.570847
-144.422302, -237.504013, -144.175461, -237.257172
-125.513550, -234.467453, -124.294640, -234.560730
-95.650429, -174.533463, -94.857864, -183.250244
-106.762520, -107.287903, -106.656670, -110.563065
-106.231537, -111.733337, -106.023247, -112.045532
-147.309998, -237.641327, -147.151520, -237.771072
-193.394852, -315.092072, -193.394852, -314.380768
-136.544495, -345.415924, -136.108109, -345.590881
-135.750305, -345.860291, -135.663849, -346.208099
-106.655663, -110.569260, -106.234253, -111.727631
-139.130493, -118.644104, -137.117706, -118.015221
-137.112213, -118.013161, -135.730148, -117.447815
-226.746399, -354.893341, -217.459702, -354.141693
-226.749146, -354.190002, -226.681732, -354.867828
-160.468964, -295.584198, -160.346695, -297.698029
71.204025, -39.234360, 71.065437, -36.737453
-10.845175, -61.739532, -10.315370, -70.216843
-3.550020, -63.720798, -3.455312, -65.425102
-70.613686, -121.408112, -69.907433, -121.338615
-69.901283, -121.338142, -67.466400, -121.098877
-59.663860, -120.217804, -56.203163, -119.862106
4.765590, -97.135963, 4.707933, -96.366966
-157.928619, -158.222488, -157.792084, -158.950043
-157.788986, -158.953583, -157.336258, -159.089233
-157.745407, -153.779907, -156.921799, -162.934586
-155.446472, -137.326630, -150.512527, -136.816467
-127.651718, -231.829956, -127.518814, -231.542450
-147.133133, -237.816986, -147.008911, -237.879105
-146.990204, -237.892944, -145.817566, -237.777252
-160.359482, -297.630463, -160.238052, -299.851349
-179.639511, -304.689270, -179.563141, -304.944397
-179.562698, -304.975769, -179.587860, -305.256927
-179.825363, -305.414978, -180.080490, -305.338593
-181.982605, -311.668213, -181.829880, -311.846985
-181.830765, -312.110077, -182.059860, -312.212494
-193.245728, -345.356384, -193.174454, -347.418213
-183.193405, -393.374847, -173.850510, -392.714905
-178.713058, -364.888855, -178.404160, -371.463379
-157.256851, -348.061432, -157.328400, -348.454498
-157.328842, -348.459808, -157.328842, -348.889069
-160.875671, -348.567566, -160.662811, -348.745087
-160.623489, -348.749512, -160.516617, -349.033936
-102.265846, -341.777252, -102.669884, -342.181732
-102.670105, -342.186157, -102.367630, -342.588867
-135.275101, -359.953125, -134.056458, -359.983734
-231.785660, -348.016327, -227.368240, -347.676056
-127.515633, -231.537506, -127.384537, -231.406860
-160.515732, -349.039337, -160.515732, -349.287415
-157.333145, -159.092865, -157.166000, -160.221802
-157.165085, -160.227295, -157.150833, -160.324173
-179.590591, -305.261414, -179.820419, -305.414032
-181.828110, -311.851501, -181.828110, -312.106445
-142.915390, -181.226624, -142.741486, -181.417435
-142.721390, -181.457214, -142.652161, -181.629532
-151.001251, -236.612549, -147.541290, -236.251038
-160.596069, -292.688354, -160.471710, -295.577057
-188.421646, -334.116486, -188.359833, -334.043243
-188.160889, -334.041656, -188.048676, -334.092072
-187.953720, -334.160248, -187.878906, -334.259460
-187.877319, -334.264221, -187.877319, -334.337463
-177.190872, -350.402191, -177.231995, -350.795563
-177.231995, -350.800323, -177.211823, -350.921265
-185.658051, -354.550079, -185.543671, -356.113953
-157.220825, -348.060181, -157.249878, -348.264374
-157.249878, -348.657227, -157.190964, -348.921112
-166.024994, -343.326904, -166.009872, -343.014069
-166.071152, -342.585846, -166.145187, -342.348633
-140.137741, -337.730560, -140.288132, -336.072266
-179.654587, -341.807343, -179.890945, -341.807343
71.244675, -39.341274, 70.700195, -29.090872
71.195473, -28.932655, 70.947647, -22.052662
70.600693, -22.043140, 70.452003, -15.757971
70.441071, -16.145514, 70.285759, -5.024690
76.807808, -4.758182, 80.426933, -4.645955
80.459175, -4.697579, 80.403618, -3.553467
80.410576, -3.604864, 82.845634, -3.492939
70.434380, -4.925302, 72.775238, -4.844570
71.839752, -44.064739, 71.989510, -43.365246
71.993652, -43.358295, 72.593857, -42.808006
14.664015, -12.342765, 16.172541, -12.269533
14.307158, -5.737720, 14.453920, -8.217703
14.296029, -5.630703, 15.230464, -5.586925
13.825003, 1.684848, 14.921356, 1.743346
14.924903, 1.747336, 14.895969, 2.196038
14.899485, 2.200370, 15.098021, 2.228745
14.458042, -8.221400, 15.524851, -8.192181
15.101642, 2.233177, 15.072495, 3.035045
15.070807, 3.121284, 15.060924, 3.909668
15.057182, 3.913368, 14.577178, 3.913368
14.559815, 4.251539, 13.721704, 4.241666
17.195801, 5.786716, 17.565918, 5.789320
17.189930, 5.793176, 17.145737, 7.399094
17.148733, 7.409629, 17.416725, 7.421782
17.335379, 8.961317, 17.079901, 8.961317
17.022247, 10.607838, 17.296246, 10.617974
17.308559, 10.608414, 17.269781, 12.183705
17.080559, 8.965122, 17.018719, 10.603992
14.573363, 3.917168, 14.563631, 4.247776
17.420177, 7.425755, 17.339266, 8.957513
17.573877, 5.787199, 17.689671, 4.134810
17.158768, 3.850807, 17.150595, 4.089979
17.156843, 4.092419, 17.686090, 4.128527
16.771170, 12.177898, 16.771170, 14.021391
16.779280, 14.041110, 17.145790, 14.052959
17.149361, 14.056664, 17.137306, 15.696736
17.266171, 12.182013, 16.774839, 12.174362
17.423586, 15.761125, 27.563869, 16.013584
17.142889, 20.561022, 27.549835, 20.855621
27.556587, 16.005068, 27.588175, 15.207705
28.018419, 15.216621, 28.026249, 14.809516
28.029787, 14.806079, 28.707729, 14.821869
27.545736, 21.634291, 27.545736, 20.866848
27.588921, 21.637962, 27.939386, 21.657417
31.475420, 14.852707, 31.475420, 14.514881
32.044804, 16.135864, 32.052826, 15.437119
34.680893, 21.663263, 36.515789, 21.672956
36.519260, 21.669386, 36.519260, 21.094795
27.591879, 15.204336, 28.014782, 15.219991
32.030857, 16.151375, 42.831120, 16.451370
42.582199, 21.081961, 42.061924, 46.060825
46.493988, 25.499750, 46.531139, 24.384188
46.942150, 13.647960, 46.973495, 12.706623
47.008602, 13.651427, 48.518883, 13.682899
32.406628, 21.050217, 36.515789, 21.109737
36.522732, 21.109871, 42.576378, 21.197571
42.583321, 21.197704, 42.718956, 21.199638
36.599834, 15.638609, 35.009747, 15.611209
36.616997, 16.254782, 36.630508, 15.628210
27.976601, 22.019270, 27.976601, 21.637722
27.979874, 22.084702, 28.765038, 22.100100
32.378372, 21.723835, 32.414436, 21.088778
32.374973, 21.763424, 31.994137, 21.763424
31.975485, 22.211084, 31.279900, 22.163164
46.363461, 28.796019, 47.872627, 28.819576
47.876026, 28.816366, 48.017872, 25.602026
31.990799, 21.766796, 31.978821, 22.208063
48.014626, 25.598558, 46.481876, 25.504210
42.233032, 48.619816, 42.122459, 53.378586
42.062763, 46.503223, 40.907425, 46.466587
42.065937, 46.481731, 42.065937, 45.879578
40.938251, 48.630131, 42.223103, 48.642914
40.922852, 46.470329, 40.941132, 48.620705
46.192577, 44.383873, 50.005825, 47.911339
45.790142, 52.540955, 46.530346, 51.800751
45.790722, 52.560772, 48.920475, 55.767204
42.112133, 54.780540, 43.252674, 54.800533
46.203529, 44.334980, 46.381935, 28.799273
42.125214, 53.255219, 42.125561, 53.186123
42.118198, 54.777721, 42.125214, 53.261169
43.298985, 59.747047, 39.634548, 59.732250
43.266808, 59.724037, 43.277431, 54.779861
46.028461, 60.743725, 46.070950, 58.104465
46.026432, 60.705936, 42.567802, 64.026695
42.570732, 65.332596, 42.585522, 64.036827
42.429291, 70.848648, 43.477566, 70.885406
39.687111, 66.057198, 39.731155, 59.735527
42.597961, 64.075066, 42.574623, 64.999855
42.574402, 65.005608, 42.426624, 70.845772
49.712685, 56.508766, 48.908787, 55.759430
49.730392, 56.508869, 50.451935, 55.896244
50.452141, 55.892536, 49.182518, 54.499893
47.815228, 54.642464, 47.247322, 55.139484
43.492317, 70.843674, 43.623554, 64.763237
43.668869, 64.712296, 47.007359, 61.252129
47.889500, 73.482468, 45.926773, 75.312813
39.519981, 66.502281, 39.699841, 66.492401
39.702415, 66.489517, 39.682045, 66.000961
39.527588, 66.515465, 39.362953, 75.287323
47.009319, 61.247395, 47.212074, 55.190891
49.148224, 54.339127, 52.506104, 51.183559
52.509872, 51.203812, 53.903412, 52.557049
46.579411, 24.316786, 49.535286, 24.498705
-188.355362, -334.040863, -188.179047, -334.027863
-166.010284, -343.009216, -166.069962, -342.590607
14.661169, -12.346807, 14.764570, -15.926938
14.764724, -15.932340, 14.777857, -16.387018
53.896511, 52.546547, 54.693298, 51.689930
-188.044235, -334.094513, -187.957367, -334.156219
-157.250275, -348.269226, -157.250275, -348.652374
83.450249, -4.655075, 138.618546, -1.896655
148.778397, 33.847103, 149.005554, 30.670012
149.007263, 30.668516, 155.932281, 31.122656
136.057343, 46.681740, 136.398087, 38.166348
136.095459, 46.640686, 146.795166, 46.953064
105.546875, 45.545288, 105.546875, 43.360962
127.540459, 37.710503, 135.942047, 38.164700
96.009209, 27.820532, 98.443848, 27.977623
97.660286, 6.121432, 99.072868, 6.199896
131.073914, 7.693871, 132.800781, 7.850876
127.413704, 37.587299, 126.896629, 47.412704
83.250404, 84.515617, 83.504463, 77.403809
83.590042, 77.318230, 87.568481, 77.318230
54.705727, 51.587502, 50.733627, 47.615402
-197.825592, -187.801605, -197.836548, -187.711548
105.606590, 43.528564, 105.547867, 43.524708
105.545883, 43.524555, 96.631699, 42.935902
96.116341, 42.921062, 97.326385, 43.031090
-198.657578, -181.006348, -198.664490, -180.949554
11.506112, 11.338190, 12.429509, 11.392509
12.430912, 12.045349, 12.701509, 12.045349
-198.626343, -181.261597, -198.634323, -181.195923
-197.809296, -187.934708, -197.824768, -187.807724
12.430210, 11.393351, 12.430210, 12.044548
-197.726822, -188.608337, -197.734116, -188.548294
95.886551, 42.855106, 95.477966, 48.439148
83.566170, 57.828465, 89.683701, 58.210793
83.565529, 57.637806, 83.183205, 62.416862
149.807968, 24.357874, 150.315231, 14.150280
112.648911, 6.669762, 115.170189, 6.845664
98.802818, -1.220792, 108.773628, -0.778536
109.309799, 45.976509, 110.577919, 44.542973
112.398453, 44.211983, 114.107712, 45.314735
110.578522, 44.542667, 112.397804, 44.211899
-198.537796, -181.984802, -198.543869, -181.934753
157.779480, 12.262633, 157.920975, 9.185440
149.501816, 7.911552, 149.643311, 4.374489
-198.510300, -182.209366, -198.519257, -182.135803
149.503540, 7.876523, 153.675797, 8.230107
-197.673340, -189.045547, -197.682709, -188.968643
-198.699081, -180.666992, -198.706055, -180.609665
-197.783707, -188.143723, -197.802551, -187.989166
156.609268, 30.963022, 156.768906, 27.929636
3.717568, 0.546701, -2.296145, 0.328021
13.657732, 4.147085, 13.768321, 1.714128
-2.471994, 1.235997, -2.420494, 0.308999
-19.718378, 10.078282, -22.676136, 9.968736
-22.676136, 9.968736, -22.237949, -1.862291
-22.237949, -1.862291, -6.791886, -1.424105
-20.156565, 18.294273, -20.375658, 22.457043
-20.156565, 18.294273, -20.156565, 18.294273
11.173748, 14.021958, 11.392841, 11.283295
-23.448277, 25.344828, -23.620689, 34.137932
-23.620689, 34.137932, 7.758621, 35.517242
11.015049, 23.865940, 11.015049, 21.173372
11.015049, 21.173372, 12.483723, 21.295761
-22.170937, 1.283945, -19.588388, 1.376179
-23.369978, 17.793812, -23.277744, 15.026795
-12.203905, 22.549395, -9.201317, 22.266132
-9.201317, 22.266132, -6.085423, 21.699606
-6.085423, 21.699606, -3.875971, 21.076427
-7.739904, 11.253413, -5.244803, 12.017220
-9.165676, 10.998812, -9.929482, 10.846050
-11.966299, 10.744209, -11.100652, 10.744209
-17.847916, 18.814919, -17.301878, 20.234619
-17.301878, 20.234619, -16.209801, 21.435904
-16.209801, 21.435904, -14.862907, 22.091148
-14.862907, 22.127552, -13.989246, 22.309565
-17.707087, 13.790181, -17.018942, 12.413894
-17.018942, 12.413894, -15.425346, 11.218697
-15.425346, 11.218697, -13.433352, 10.711643
12.394372, 33.083645, 12.321638, 31.119825
12.321638, 31.119825, 12.976245, 31.047091
12.394372, 33.447315, 12.903510, 33.447315
11.085160, 23.773689, 12.103436, 23.700954
-11.054029, 10.771446, -9.989148, 10.847509
-9.127101, 10.999636, -7.783321, 11.227824
16.717781, 21.696234, 16.779243, 20.589911
16.656319, 21.634771, 16.410469, 21.634771
16.410469, 21.634771, 16.164618, 23.540108
16.164618, 23.540108, 16.594856, 23.540108
16.594856, 23.540108, 16.103155, 31.345837
11.149927, 14.033991, 12.668879, 14.033991
12.668879, 14.064990, 12.699878, 12.112052
71.822449, -188.570923, 71.933479, -188.570923
72.100014, -185.573242, 76.485512, -185.073624
76.374489, -185.184601, 78.483971, -211.719635
78.470657, -211.441147, 78.952728, -219.274780
