15.568430, 65.904167, 16.863865, 65.904167
16.864063, 65.904366, 16.864063, 66.335739
18.080406, 65.904167, 25.023760, 65.904167
18.080208, 66.335739, 18.080208, 65.904366
26.223959, 66.335739, 26.223959, 65.904366
27.631771, 67.616341, 27.631771, 69.119591
27.631573, 67.759895, 27.200199, 67.759895
48.095833, 70.736137, 48.095833, 71.168030
50.928123, 69.103966, 50.928123, 67.584053
26.752281, 59.168228, 36.080009, 59.168228
17.104364, 28.207813, 21.168032, 28.207813
19.568031, 28.528126, 17.104364, 28.528126
17.104166, 28.527927, 17.104166, 28.208012
15.935738, 28.528126, 15.760096, 28.528126
15.935938, 28.208012, 15.935938, 28.527927
20.847719, 57.231770, 17.760094, 57.231770
17.760094, 63.647915, 20.847719, 63.647915
20.847918, 63.647717, 20.847918, 59.168427
15.759896, 28.528324, 15.759896, 29.247719
32.224155, 65.904167, 35.807613, 65.904167
25.024157, 65.904167, 31.215948, 65.904167
31.216146, 65.904366, 31.216146, 66.015945
32.224155, 65.904167, 35.807613, 65.904167
32.223957, 66.015945, 32.223957, 65.904366
31.215948, 66.016144, 27.631969, 66.016144
60.943550, 63.807812, 57.504364, 63.807812
57.664261, 63.647915, 60.783657, 63.647915
42.416344, 63.695835, 42.768032, 63.695835
42.768032, 63.695835, 42.416344, 63.695835
45.328125, 63.695637, 45.328125, 59.408012
45.440105, 59.408012, 45.440105, 63.695637
45.440105, 59.408012, 45.440105, 63.695637
42.416145, 62.336136, 42.416145, 63.695637
42.416145, 62.336136, 42.416145, 63.695637
43.168030, 62.335938, 42.416344, 62.335938
42.416344, 62.240105, 43.263863, 62.240105
43.168030, 62.335938, 42.416344, 62.335938
60.943748, 57.072075, 60.943748, 57.327927
60.943550, 57.328125, 60.784054, 57.328125
60.783855, 57.327927, 60.783855, 57.231968
60.784054, 58.480209, 60.943550, 58.480209
60.783657, 57.231770, 57.712177, 57.231770
57.503967, 62.064064, 55.584053, 62.064064
42.416145, 70.831573, 42.416145, 68.192383
36.688023, 67.856445, 36.688023, 68.191986
41.135937, 67.856445, 41.135937, 68.191986
42.415947, 68.192184, 40.256447, 68.192184
41.871876, 68.191986, 41.871876, 67.856445
36.128323, 68.192184, 38.303967, 68.192184
36.239906, 66.335938, 36.128323, 66.335938
36.464062, 59.168427, 36.464062, 61.519592
57.664062, 59.168427, 57.664062, 63.647717
57.504166, 63.695637, 57.504166, 62.048115
57.376240, 52.943748, 57.711781, 52.943748
57.711781, 57.471874, 57.376240, 57.471874
57.711979, 59.168030, 57.711979, 57.231968
57.376041, 31.824156, 57.376041, 58.831573
42.815948, 59.168228, 42.416344, 59.168228
40.176041, 59.168030, 40.176041, 58.831970
38.368031, 59.168228, 36.464260, 59.168228
40.176239, 59.168228, 42.095634, 59.168228
42.176041, 71.168030, 42.176041, 70.831970
42.176239, 70.831772, 42.415947, 70.831772
81.152084, 77.119591, 81.152084, 72.928322
81.152084, 28.528324, 81.152084, 32.687824
81.152084, 33.519989, 81.152084, 37.615948
81.152084, 38.448116, 81.152084, 42.543552
81.152084, 43.376240, 81.152084, 47.487823
81.152084, 48.304363, 81.152084, 52.415947
81.152084, 53.248116, 81.152084, 57.343552
81.152084, 58.176239, 81.152084, 62.223759
81.152084, 63.056450, 81.152084, 67.168030
81.152084, 68.000198, 81.152084, 72.111778
35.808010, 63.695835, 36.080009, 63.695835
36.080009, 63.695835, 35.808010, 63.695835
54.095634, 63.792187, 53.056450, 63.792187
53.056450, 63.695835, 53.887821, 63.695835
52.047916, 63.696033, 52.047916, 63.791988
53.056450, 63.695835, 53.887821, 63.695835
54.095634, 63.792187, 53.056450, 63.792187
53.056252, 63.791988, 53.056252, 63.696033
57.376240, 28.383854, 61.135738, 28.383854
61.135937, 28.384052, 61.135937, 28.735739
57.712177, 28.735937, 61.135738, 28.735937
53.616146, 59.168030, 53.616146, 58.831970
54.096031, 59.168228, 57.503967, 59.168228
58.960094, 65.904167, 60.480011, 65.904167
60.480209, 65.904366, 60.480209, 66.335739
61.680210, 66.335739, 61.680210, 65.904366
42.095833, 61.519592, 42.095833, 59.168427
42.416145, 59.168427, 42.416145, 61.839905
38.303967, 61.840103, 36.080406, 61.840103
37.407814, 61.839905, 37.407814, 61.519989
40.256447, 61.519791, 42.095634, 61.519791
41.135937, 61.519989, 41.135937, 61.839905
38.303967, 61.519791, 36.464260, 61.519791
36.080208, 61.839905, 36.080208, 59.168427
42.416145, 65.904366, 42.416145, 67.535736
42.319988, 65.823959, 42.415947, 65.823959
42.416145, 65.904366, 42.416145, 67.535736
53.280407, 60.383854, 54.095634, 60.383854
53.792187, 61.743553, 53.792187, 61.104366
53.792187, 61.104366, 53.792187, 61.743553
53.392387, 62.383854, 53.983654, 62.383854
53.280407, 62.480209, 54.095634, 62.480209
53.392387, 62.383854, 53.983654, 62.383854
42.416344, 65.823959, 42.735741, 65.823959
42.751884, 63.871876, 42.319988, 63.871876
42.319790, 63.871677, 42.319790, 63.792385
42.319988, 63.792187, 42.751884, 63.792187
36.239906, 63.871876, 35.808010, 63.871876
35.807812, 63.871677, 35.807812, 63.792385
36.240105, 63.792385, 36.240105, 63.871677
35.808010, 65.823959, 36.127926, 65.823959
36.127926, 65.904167, 35.808010, 65.904167
35.807812, 65.903969, 35.807812, 65.824158
15.264063, 72.927925, 15.264063, 72.112175
15.264263, 72.111977, 15.568029, 72.111977
15.568029, 72.928123, 15.264263, 72.928123
15.264063, 63.071678, 15.264063, 62.240303
15.264263, 62.240105, 15.568029, 62.240105
15.568029, 63.071877, 15.264263, 63.071877
15.264063, 58.143551, 15.264063, 57.312176
15.264263, 57.311977, 15.568029, 57.311977
15.568029, 58.143749, 15.264263, 58.143749
15.264063, 53.215946, 15.264063, 52.384052
15.264263, 52.383854, 15.568029, 52.383854
15.568029, 53.216145, 15.264263, 53.216145
15.264063, 48.287823, 15.264063, 47.456448
15.264263, 47.456249, 15.568029, 47.456249
15.568029, 48.288021, 15.264263, 48.288021
15.264063, 43.359699, 15.264063, 42.528324
15.264263, 42.528126, 15.568029, 42.528126
15.568029, 43.359898, 15.264263, 43.359898
0.416346, 72.111977, 0.703967, 72.111977
0.704167, 72.112175, 0.704167, 72.927925
0.703967, 72.928123, 0.416346, 72.928123
0.416346, 67.168228, 0.703967, 67.168228
0.704167, 67.168427, 0.704167, 67.999802
0.416346, 62.240105, 0.703967, 62.240105
0.704167, 62.240303, 0.704167, 63.071678
0.416346, 57.311977, 0.703967, 57.311977
0.704167, 57.312176, 0.704167, 58.143551
0.703967, 58.143749, 0.416346, 58.143749
0.416346, 47.456249, 0.703967, 47.456249
0.704167, 47.456448, 0.704167, 48.287823
0.703967, 48.288021, 0.416346, 48.288021
0.416346, 42.416145, 0.703967, 42.416145
0.704167, 42.416344, 0.704167, 43.471676
0.703967, 43.471874, 0.416346, 43.471874
62.960094, 28.528126, 81.151886, 28.528126
80.864059, 72.927925, 80.864059, 72.112175
80.864258, 72.111977, 81.151886, 72.111977
80.864059, 67.999802, 80.864059, 67.168427
80.864258, 67.168228, 81.151886, 67.168228
80.864059, 63.056053, 80.864059, 62.224155
80.864059, 58.175842, 80.864059, 57.343948
80.864258, 57.343750, 81.151886, 57.343750
81.151886, 58.176041, 80.864258, 58.176041
80.864059, 53.247719, 80.864059, 52.416344
80.864059, 43.375843, 80.864059, 42.543949
80.864059, 38.447720, 80.864059, 37.616344
81.151886, 38.447918, 80.864258, 38.447918
80.864059, 33.519592, 80.864059, 32.688221
80.864258, 32.688023, 81.151886, 32.688023
81.151886, 33.519791, 80.864258, 33.519791
62.992386, 72.111977, 63.199802, 72.111977
63.200001, 72.112175, 63.200001, 72.927925
63.199802, 72.928123, 62.992386, 72.928123
63.200001, 67.168427, 63.200001, 67.999802
63.200001, 62.240303, 63.200001, 63.071678
62.992386, 57.311977, 63.199802, 57.311977
63.200001, 57.312176, 63.200001, 58.143551
63.199802, 58.143749, 62.992386, 58.143749
62.992386, 52.383854, 63.199802, 52.383854
63.200001, 52.384052, 63.200001, 53.215946
63.199802, 53.216145, 62.992386, 53.216145
62.992386, 47.456249, 63.199802, 47.456249
63.200001, 47.456448, 63.200001, 48.287823
63.199802, 48.288021, 62.992386, 48.288021
62.960094, 42.543751, 63.168030, 42.543751
63.168228, 42.543949, 63.168228, 43.375843
63.168030, 43.376041, 62.960094, 43.376041
62.960094, 37.616146, 63.168030, 37.616146
63.168228, 37.616344, 63.168228, 38.447720
63.168030, 38.447918, 62.960094, 38.447918
62.959896, 33.071678, 62.959896, 28.528324
63.168228, 32.688221, 63.168228, 33.519592
63.168030, 33.519791, 62.960094, 33.519791
43.168228, 63.199802, 43.168228, 62.336136
43.280209, 62.224155, 43.280209, 63.231571
43.280209, 63.552280, 43.280209, 63.695637
43.168228, 63.199802, 43.168228, 62.336136
43.264061, 62.240303, 43.264061, 63.231571
15.552083, 48.607613, 15.552083, 48.288219
15.552083, 47.456051, 15.552083, 47.136135
15.759895, 48.480408, 15.759895, 48.607613
15.759695, 48.607811, 15.568430, 48.607811
15.568230, 48.607613, 15.568230, 47.136135
15.568430, 47.135937, 15.759695, 47.135937
15.552083, 53.535740, 15.552083, 53.216343
15.552083, 52.383656, 15.552083, 52.064262
15.759895, 53.408012, 15.759895, 53.535740
15.759695, 53.535938, 15.568430, 53.535938
15.568230, 53.535740, 15.568230, 52.064262
15.568430, 52.064064, 15.759695, 52.064064
15.552083, 63.391991, 15.552083, 63.072075
15.552083, 62.239906, 15.552083, 61.936134
15.759895, 61.936134, 15.759895, 63.391991
15.759695, 63.392189, 15.568430, 63.392189
15.568230, 63.391991, 15.568230, 61.936134
15.568430, 61.935936, 15.759695, 61.935936
15.552083, 58.463863, 15.552083, 58.143948
15.552083, 57.311779, 15.552083, 57.008011
15.759895, 57.008011, 15.759895, 57.311779
15.759695, 58.464062, 15.568430, 58.464062
15.568230, 58.463863, 15.568230, 57.008011
15.568430, 57.007812, 15.759695, 57.007812
34.448116, 62.159897, 36.080009, 62.159897
34.319988, 62.031773, 36.080009, 62.031773
36.080009, 62.159897, 34.448116, 62.159897
34.319988, 62.031773, 36.080009, 62.031773
36.080208, 61.840302, 36.080208, 63.695637
17.568031, 60.111980, 15.760096, 60.111980
15.760096, 59.983852, 17.615948, 59.983852
15.759895, 59.983654, 15.759895, 59.776241
15.631771, 58.607613, 15.631771, 58.464260
15.631771, 60.207615, 15.631771, 59.776241
15.759895, 57.424156, 15.759895, 58.607613
15.759695, 58.607811, 15.648117, 58.607811
15.759895, 59.776241, 15.759895, 59.983654
15.759695, 60.207813, 15.648117, 60.207813
15.647917, 60.207615, 15.647917, 59.776241
34.447918, 63.663864, 34.447918, 62.160095
34.319790, 62.031971, 34.319790, 63.663864
34.447918, 62.160095, 34.447918, 63.663864
34.319790, 63.663864, 34.319790, 62.031971
34.768032, 63.664062, 34.448116, 63.664062
34.448116, 63.664062, 34.768032, 63.664062
34.768230, 63.664261, 34.768230, 63.791988
34.768032, 63.792187, 34.319988, 63.792187
35.776043, 63.791988, 35.776043, 63.664261
12.656250, 57.103970, 12.656250, 56.992386
12.656250, 55.343948, 12.656250, 55.487823
12.528125, 55.216343, 12.528125, 55.487823
12.656250, 56.992386, 12.656250, 57.103970
12.528125, 55.487823, 12.528125, 55.216343
12.656250, 55.343948, 12.656250, 55.487823
12.656050, 55.488022, 12.528325, 55.488022
13.615946, 57.104168, 12.656450, 57.104168
13.487821, 57.231770, 12.528325, 57.231770
12.656450, 57.104168, 13.615946, 57.104168
13.487821, 57.231770, 12.528325, 57.231770
10.256452, 67.183853, 10.943550, 67.183853
12.448117, 67.183853, 13.663861, 67.183853
15.263863, 67.183853, 15.168429, 67.183853
12.448117, 67.056252, 12.751884, 67.056252
13.360096, 67.056252, 13.663861, 67.056252
15.263863, 67.168228, 15.168429, 67.168228
15.168229, 67.168030, 15.168229, 67.056450
13.663861, 67.168228, 12.448117, 67.168228
12.447917, 67.168030, 12.447917, 67.056450
12.448117, 67.056252, 12.751883, 67.056252
13.360096, 67.056252, 13.663861, 67.056252
10.943550, 67.168228, 10.256452, 67.168228
10.256250, 67.168030, 10.256250, 67.056450
10.256452, 67.056252, 10.943550, 67.056252
10.943750, 67.056450, 10.943750, 67.168030
32.687824, 62.159897, 30.928324, 62.159897
30.928324, 62.047916, 32.703968, 62.047916
17.392385, 32.128124, 20.847719, 32.128124
17.392385, 32.000000, 18.368031, 32.000000
19.872074, 32.000000, 20.368031, 32.000000
20.847719, 32.128124, 17.392385, 32.128124
17.392385, 32.000000, 18.368031, 32.000000
19.872074, 32.000000, 20.368031, 32.000000
7.184054, 62.816147, 10.399798, 62.816147
10.223758, 62.992188, 7.343950, 62.992188
18.543751, 66.336136, 18.543751, 69.199799
18.543552, 69.199997, 18.272074, 69.199997
18.543552, 67.456253, 18.304365, 67.456253
16.240105, 66.336136, 16.240105, 69.199799
16.511980, 69.199799, 16.511980, 69.008011
16.511782, 69.199997, 16.240303, 69.199997
14.783854, 29.359697, 14.783854, 28.528324
0.448117, 28.528126, 15.568029, 28.528126
14.911980, 30.512178, 14.911980, 31.007614
14.783854, 31.135738, 14.783854, 30.512178
14.784054, 30.511980, 14.911779, 30.511980
15.647717, 31.135937, 14.784054, 31.135937
21.183855, 58.831573, 21.183855, 31.616344
21.200001, 58.815948, 21.200001, 31.616344
15.984055, 28.207813, 17.039906, 28.207813
21.183657, 28.192188, 17.104364, 28.192188
15.919792, 74.239906, 15.919792, 72.256447
15.919792, 72.111778, 15.919792, 66.368431
62.656250, 72.208008, 62.656250, 72.399803
62.640102, 66.368431, 62.640102, 72.111778
64.143951, 77.583855, 79.999802, 77.583855
81.488022, 52.751884, 81.488022, 38.064262
62.671677, 28.352083, 57.360096, 28.352083
57.376041, 31.824156, 57.376041, 58.831573
57.359898, 31.824156, 57.359898, 58.815948
40.175842, 58.831772, 38.368427, 58.831772
36.687824, 58.831772, 21.168428, 58.831772
57.375843, 58.831772, 41.872074, 58.831772
46.880009, 71.183853, 44.031971, 71.183853
43.983654, 71.183853, 42.176239, 71.183853
51.359898, 66.352280, 51.359898, 67.599800
51.359898, 67.648117, 51.359898, 67.743553
51.376041, 69.136139, 51.376041, 71.183655
62.639904, 66.368233, 62.464260, 66.368233
62.368031, 66.368233, 61.680408, 66.368233
27.183657, 66.368233, 26.352282, 66.368233
26.319593, 66.368233, 24.928324, 66.368233
24.895636, 66.368233, 18.543949, 66.368233
27.183855, 67.647720, 27.183855, 66.368431
15.568029, 28.207813, 0.096033, 28.207813
0.064262, 28.176043, 21.199802, 28.176043
15.983654, 72.111977, 15.904366, 72.111977
15.904367, 72.111977, 15.983654, 72.111977
15.888021, 77.391991, 15.888021, 65.904366
26.752083, 63.663864, 26.752083, 60.336136
27.152082, 63.663864, 27.152082, 59.408012
27.247917, 59.456448, 27.247917, 63.663864
30.752083, 63.663864, 30.752083, 62.400200
30.847719, 61.983852, 30.752281, 61.983852
30.752083, 61.968029, 30.752083, 61.743950
30.752281, 59.183853, 30.927927, 59.183853
30.928125, 59.184052, 30.928125, 61.568031
30.928125, 61.680408, 30.928125, 62.047718
30.928125, 62.160095, 30.928125, 63.663864
23.216146, 63.791988, 23.216146, 62.288219
23.216146, 62.159698, 23.216146, 61.024158
23.216146, 60.207615, 23.216146, 59.984051
23.216345, 59.968227, 23.327927, 59.968227
23.327927, 59.568230, 23.216345, 59.568230
23.216146, 59.551884, 23.216146, 59.168427
23.216345, 59.168228, 23.407614, 59.168228
23.407812, 59.919991, 23.407812, 59.999802
23.407812, 60.112179, 23.407812, 60.207615
23.407812, 61.728325, 23.407812, 61.999802
23.407614, 62.016148, 23.296032, 62.016148
23.407812, 62.431969, 23.407812, 63.663864
23.503969, 63.792187, 23.216345, 63.792187
34.319592, 63.792187, 33.936134, 63.792187
33.936134, 63.664062, 34.319592, 63.664062
34.319592, 63.792187, 33.936134, 63.792187
33.935936, 63.791988, 33.935936, 63.664261
33.936134, 63.664062, 34.319592, 63.664062
32.927925, 63.792187, 32.624157, 63.792187
32.928123, 63.664261, 32.928123, 63.791988
17.343552, 57.295834, 15.760097, 57.295834
7.071875, 62.640301, 7.071875, 66.239906
6.895833, 66.399803, 6.895833, 63.136135
6.895833, 62.959698, 6.895833, 62.528324
7.072075, 66.240105, 10.431570, 66.240105
1.423958, 75.760094, 1.423958, 77.071678
1.423958, 77.071678, 1.423958, 75.760094
0.416346, 75.759895, 1.423758, 75.759895
0.416346, 75.759895, 1.423758, 75.759895
14.559896, 75.760094, 14.559896, 77.071678
14.559896, 77.071678, 14.559896, 75.760094
15.568029, 75.759895, 14.560097, 75.759895
14.560097, 75.759895, 15.568029, 75.759895
17.759895, 59.088219, 17.759895, 63.647717
17.616146, 59.983654, 17.616146, 59.088219
15.888222, 66.335938, 16.863865, 66.335938
16.863865, 66.352081, 16.464260, 66.352081
18.080406, 66.335938, 27.199802, 66.335938
18.480009, 66.352081, 18.080406, 66.352081
51.343948, 66.335938, 60.480011, 66.335938
61.680408, 66.335938, 62.671677, 66.335938
26.752083, 60.256050, 26.752083, 58.831970
23.759895, 59.168030, 23.759895, 58.831970
21.952282, 59.168228, 23.215948, 59.168228
23.408010, 59.168228, 26.751884, 59.168228
36.128323, 70.831772, 36.383656, 70.831772
36.383854, 70.831970, 36.383854, 71.168030
36.128124, 71.168030, 36.128124, 68.192383
21.840105, 59.487823, 21.840105, 59.168427
22.303968, 59.583855, 21.104364, 59.583855
42.752083, 65.824158, 42.752083, 65.903969
42.640102, 67.535736, 42.640102, 65.904366
21.295834, 62.288219, 21.295834, 63.791988
21.104364, 62.159897, 22.159697, 62.159897
22.159895, 62.160095, 22.159895, 62.287823
22.159697, 62.288021, 21.296032, 62.288021
20.992386, 63.680210, 21.199802, 63.680210
38.368031, 58.831772, 37.408012, 58.831772
41.135738, 58.831772, 40.176239, 58.831772
21.200199, 58.816147, 57.359699, 58.816147
15.264063, 33.375843, 15.264063, 32.672073
15.264263, 32.671875, 15.568029, 32.671875
15.552083, 33.807613, 15.552083, 33.504364
15.552083, 32.671677, 15.552083, 32.352283
15.759895, 31.008011, 15.759895, 33.807613
15.759695, 33.807812, 15.568430, 33.807812
15.568230, 33.807613, 15.568230, 32.352283
15.264063, 67.999802, 15.264063, 67.152283
15.568230, 67.600197, 15.568230, 72.511780
15.568029, 68.000000, 15.264263, 68.000000
0.704167, 32.672073, 0.704167, 33.503967
0.703967, 33.504166, 0.416346, 33.504166
15.759695, 32.352085, 15.568430, 32.352085
15.647917, 32.351887, 15.647917, 31.136135
42.176239, 71.168228, 51.359699, 71.168228
27.184053, 71.168228, 36.383656, 71.168228
57.280209, 28.768427, 57.280209, 31.823759
57.280209, 31.823759, 57.280209, 28.768427
81.471878, 46.768032, 81.471878, 28.208012
81.471878, 77.456055, 81.471878, 46.768429
64.176239, 77.552086, 79.968033, 77.552086
62.640102, 77.471680, 62.640102, 72.208008
15.552083, 38.735741, 15.552083, 38.431969
15.552083, 37.599800, 15.552083, 37.280407
15.759895, 37.280407, 15.759895, 37.503967
15.759895, 37.631969, 15.759895, 38.735741
15.759695, 38.735939, 15.568430, 38.735939
15.568230, 38.735741, 15.568230, 37.280407
15.568430, 37.280209, 15.759695, 37.280209
15.264063, 38.431572, 15.264063, 37.600197
15.264263, 37.599998, 15.568029, 37.599998
15.568029, 38.431770, 15.264263, 38.431770
27.183855, 67.680405, 27.183855, 69.056053
10.847917, 62.576241, 10.847917, 63.135738
10.735937, 63.039906, 10.735937, 62.576241
10.736137, 62.576042, 10.847716, 62.576042
35.807812, 70.735741, 35.807812, 67.631966
35.808010, 67.519791, 36.127926, 67.519791
35.808010, 67.519791, 36.127926, 67.519791
0.095833, 77.391991, 0.095833, 53.919991
20.992188, 63.680012, 20.992188, 59.584053
21.104166, 59.584053, 21.104166, 60.559696
0.416346, 37.599998, 0.703967, 37.599998
0.704167, 37.600197, 0.704167, 38.431572
0.703967, 38.431770, 0.416346, 38.431770
21.168032, 32.128124, 20.848116, 32.128124
20.848116, 31.616146, 21.280010, 31.616146
20.847918, 57.471676, 20.847918, 57.231968
20.848116, 58.528126, 21.168032, 58.528126
20.847918, 57.472073, 20.847918, 59.168030
57.711979, 28.736135, 57.711979, 31.823759
6.896033, 62.528126, 10.799800, 62.528126
6.896033, 62.528126, 10.799800, 62.528126
10.543750, 63.680012, 10.543750, 63.136135
10.543750, 63.136135, 10.543750, 63.680012
10.543550, 63.680210, 10.431971, 63.680210
10.431971, 65.088020, 10.543550, 65.088020
15.168429, 67.056252, 15.551883, 67.056252
10.847716, 63.135937, 10.543950, 63.135937
10.847716, 63.135937, 10.543950, 63.135937
15.760096, 37.631771, 16.175844, 37.631771
17.168428, 37.631771, 20.847719, 37.631771
17.168428, 37.504166, 17.263865, 37.504166
17.392385, 37.504166, 20.847719, 37.504166
15.760096, 37.504166, 16.175844, 37.504166
20.847719, 37.631771, 17.168428, 37.631771
17.168230, 37.631573, 17.168230, 37.504364
17.168428, 37.504166, 17.263865, 37.504166
17.392385, 37.504166, 20.847719, 37.504166
16.175844, 37.631771, 15.760096, 37.631771
15.760096, 37.504166, 16.175844, 37.504166
16.176043, 37.504364, 16.176043, 37.631573
17.471874, 56.592384, 17.471874, 57.071678
17.343750, 56.704365, 17.343750, 57.071678
17.359896, 57.311779, 17.359896, 56.704365
17.471874, 56.592384, 17.471874, 57.071678
20.831572, 56.704166, 19.440302, 56.704166
19.328323, 56.592186, 20.831572, 56.592186
19.328125, 56.592384, 19.328125, 57.071678
19.343750, 57.071678, 19.343750, 56.592384
13.616146, 33.504364, 13.616146, 33.807613
13.615946, 33.807812, 13.488221, 33.807812
13.488221, 41.056252, 13.615946, 41.056252
0.416346, 52.383854, 0.703967, 52.383854
0.704167, 52.384052, 0.704167, 53.215946
0.703967, 53.216145, 0.416346, 53.216145
80.864059, 48.303967, 80.864059, 47.488220
81.151886, 48.304165, 80.864258, 48.304165
23.264063, 59.168030, 23.264063, 59.056450
17.392187, 37.503967, 17.392187, 36.143948
17.392187, 31.904366, 17.392187, 31.999802
17.392187, 32.128323, 17.392187, 33.807613
17.392187, 28.543949, 17.392187, 30.383656
17.264063, 28.543949, 17.264063, 30.383656
17.264063, 33.807613, 17.264063, 33.024158
17.264063, 32.687824, 17.264063, 31.904366
17.264063, 37.503967, 17.264063, 36.143948
17.392187, 28.543949, 17.392187, 30.383656
17.391989, 30.383854, 17.264261, 30.383854
17.264063, 30.383656, 17.264063, 28.543949
17.264261, 28.543751, 17.391989, 28.543751
17.392187, 31.904366, 17.392187, 31.999802
17.392187, 32.128323, 17.392187, 33.807613
17.391989, 33.807812, 17.264261, 33.807812
17.264063, 33.807613, 17.264063, 33.024158
17.264063, 32.687824, 17.264063, 31.904366
17.264261, 31.904167, 17.391989, 31.904167
17.392187, 36.143948, 17.392187, 37.503967
17.264063, 37.503967, 17.264063, 36.143948
17.264261, 36.143749, 17.391989, 36.143749
13.119592, 62.528126, 11.296034, 62.528126
11.296034, 62.528126, 13.119592, 62.528126
13.119792, 62.528324, 13.119792, 62.656052
11.295834, 62.656052, 11.295834, 62.528324
27.152281, 59.407814, 27.487822, 59.407814
15.552083, 43.663864, 15.552083, 43.360096
15.552083, 42.527927, 15.552083, 42.208012
15.759895, 42.208012, 15.759895, 42.335739
15.759695, 43.664062, 15.568430, 43.664062
15.568230, 43.663864, 15.568230, 42.208012
15.568430, 42.207813, 15.759695, 42.207813
17.983854, 22.848116, 17.983854, 28.080009
18.431770, 28.080009, 18.431770, 22.848116
18.431572, 28.080208, 17.984053, 28.080208
15.280209, 22.848116, 15.280209, 28.080009
15.728125, 28.080009, 15.728125, 22.848116
15.727923, 22.847918, 15.280409, 22.847918
60.559895, 28.047718, 60.559895, 22.848116
60.943748, 58.480408, 60.943748, 63.807613
60.783855, 63.647717, 60.783855, 58.480408
7.343750, 62.992386, 7.343750, 65.295631
7.343950, 65.295830, 10.223758, 65.295830
10.399798, 65.471878, 7.184054, 65.471878
15.552083, 65.743950, 15.552083, 66.047722
15.759695, 66.064064, 15.568430, 66.064064
15.568230, 67.583656, 15.568230, 65.743950
15.568430, 65.743752, 15.759695, 65.743752
15.759695, 29.247917, 14.912179, 29.247917
15.568028, 33.504166, 14.736137, 33.504166
14.143550, 33.504166, 13.616346, 33.504166
13.488221, 33.376041, 15.263863, 33.376041
13.487821, 55.216145, 12.528325, 55.216145
13.615946, 55.343750, 12.656450, 55.343750
12.528325, 55.216145, 13.487821, 55.216145
13.615946, 55.343750, 12.656450, 55.343750
13.488021, 57.231968, 13.488021, 60.303967
13.616146, 60.303967, 13.616146, 59.856449
13.616146, 59.247719, 13.616146, 57.104366
13.616146, 57.104366, 13.616146, 59.247719
13.616146, 59.856449, 13.616146, 60.303967
13.615946, 60.304165, 13.488221, 60.304165
13.488021, 60.303967, 13.488021, 57.231968
13.615946, 62.656250, 13.488221, 62.656250
13.488221, 62.592186, 13.615946, 62.592186
15.631771, 53.631969, 15.631771, 54.943550
15.631771, 56.991989, 15.631771, 56.448116
15.759896, 56.704365, 15.759896, 56.991989
15.759896, 53.631969, 15.759896, 54.943550
15.647917, 56.991989, 15.647917, 56.448116
15.648117, 56.447918, 15.759695, 56.447918
15.759895, 56.448116, 15.759895, 56.591988
15.759895, 56.704365, 15.759895, 56.991989
15.759695, 56.992188, 15.648117, 56.992188
15.647917, 54.943550, 15.647917, 53.631969
15.759895, 53.631969, 15.759895, 54.943550
15.759695, 54.943748, 15.648117, 54.943748
17.759895, 57.231968, 17.759895, 57.423759
13.488021, 48.607613, 13.488021, 47.792385
13.488021, 55.215946, 13.488021, 52.064262
13.616146, 55.343552, 13.616146, 53.119991
13.616146, 52.527927, 13.616146, 52.064262
13.616146, 48.607613, 13.616146, 47.136135
13.615946, 48.607811, 13.488221, 48.607811
13.488021, 48.607613, 13.488021, 47.792385
13.616146, 52.064262, 13.616146, 52.527927
13.616146, 53.119991, 13.616146, 55.343552
13.488021, 55.215946, 13.488021, 52.064262
13.488221, 52.064064, 13.615946, 52.064064
13.488021, 41.056450, 13.488021, 43.615948
13.616146, 45.183655, 13.616146, 41.056450
37.519989, 67.743752, 38.271675, 67.743752
38.271873, 67.743950, 38.271873, 67.856049
40.288219, 67.743752, 41.039906, 67.743752
37.519989, 61.856251, 38.271675, 61.856251
38.271873, 61.856449, 38.271873, 61.968029
38.271675, 61.968227, 37.519989, 61.968227
37.519791, 61.968029, 37.519791, 61.856449
40.256447, 61.840103, 42.319592, 61.840103
41.039906, 61.952084, 40.288219, 61.952084
40.288021, 61.951885, 40.288021, 61.840302
42.207615, 61.952084, 41.968426, 61.952084
41.968227, 61.951885, 41.968227, 61.856449
42.319790, 61.840302, 42.319790, 63.775845
42.319592, 63.776043, 42.208012, 63.776043
42.207813, 63.775845, 42.207813, 61.952282
41.968426, 67.743752, 42.207615, 67.743752
42.735741, 67.856247, 40.256447, 67.856247
42.207813, 67.743553, 42.207813, 65.936134
42.208012, 65.935936, 42.319592, 65.935936
42.319790, 65.824158, 42.319790, 67.856049
36.591988, 61.952084, 36.336136, 61.952084
36.240303, 61.856251, 36.591988, 61.856251
36.592186, 61.856449, 36.592186, 61.951885
36.335938, 61.952282, 36.335938, 63.775845
36.335739, 63.776043, 36.240303, 63.776043
38.303967, 67.856247, 35.808010, 67.856247
36.336136, 67.743752, 36.591988, 67.743752
36.240303, 65.935936, 36.335739, 65.935936
32.623959, 63.791988, 32.623959, 63.664261
31.615948, 63.792187, 30.640303, 63.792187
30.640104, 63.791988, 30.640104, 63.664261
30.640303, 63.664062, 30.751884, 63.664062
30.928324, 63.664062, 31.615948, 63.664062
31.616146, 63.664261, 31.616146, 63.791988
29.631573, 63.792187, 27.168428, 63.792187
26.831572, 63.792187, 24.512178, 63.792187
24.511980, 63.791988, 24.511980, 63.664261
24.512178, 63.664062, 25.215948, 63.664062
25.231970, 63.664062, 25.711781, 63.664062
25.760094, 63.664062, 26.751884, 63.664062
26.848116, 63.664062, 27.151884, 63.664062
27.248116, 63.664062, 28.223761, 63.664062
28.288219, 63.664062, 28.751884, 63.664062
28.784052, 63.664062, 29.631573, 63.664062
29.631771, 63.664261, 29.631771, 63.791988
23.504168, 63.664261, 23.504168, 63.791988
15.535737, 77.071877, 1.424158, 77.071877
15.535937, 71.407616, 15.535937, 68.704369
15.535937, 68.704369, 15.535937, 71.407616
12.927925, 28.559896, 10.240305, 28.559896
10.240305, 28.559896, 12.927925, 28.559896
9.343550, 28.559896, 6.640304, 28.559896
6.640304, 28.559896, 9.343550, 28.559896
5.743550, 28.559896, 3.056450, 28.559896
3.056450, 28.559896, 5.743550, 28.559896
0.416146, 37.999802, 0.416146, 33.088219
0.447917, 39.136135, 0.447917, 41.823761
0.447917, 41.823761, 0.447917, 39.136135
0.416146, 62.656052, 0.416146, 38.016346
0.416146, 67.583656, 0.416146, 62.672073
0.416146, 72.511780, 0.416146, 67.600197
0.416146, 33.071678, 0.416146, 28.528324
0.416146, 77.071678, 0.416146, 72.528320
15.568230, 72.528320, 15.568230, 77.071678
15.680208, 75.343948, 15.680208, 75.711784
20.816145, 58.527927, 20.816145, 57.472073
20.816343, 57.471874, 21.168032, 57.471874
20.816145, 57.472073, 20.816145, 58.527927
27.264261, 62.143749, 28.751884, 62.143749
28.751884, 62.159897, 27.264261, 62.159897
27.264261, 61.200001, 28.751884, 61.200001
28.751884, 61.231770, 27.264261, 61.231770
27.264261, 60.271873, 28.751884, 60.271873
28.751884, 60.304165, 27.264261, 60.304165
25.248116, 62.143749, 26.735739, 62.143749
26.735739, 62.159897, 25.248116, 62.159897
25.248116, 61.200001, 26.735739, 61.200001
26.735739, 61.231770, 25.248116, 61.231770
32.815948, 61.568230, 30.928324, 61.568230
32.703968, 61.680210, 30.928324, 61.680210
30.928324, 61.568230, 32.815948, 61.568230
32.816147, 61.568428, 32.816147, 63.663864
32.688023, 63.663864, 32.688023, 62.160095
13.392387, 41.247917, 13.487821, 41.247917
11.840304, 41.359898, 12.159696, 41.359898
12.176242, 41.359898, 13.311779, 41.359898
13.328325, 41.359898, 13.391987, 41.359898
13.487821, 41.247917, 13.392387, 41.247917
12.207812, 41.296032, 12.207812, 41.359699
12.287821, 42.464062, 12.176242, 42.464062
12.159696, 42.464062, 11.328325, 42.464062
12.016346, 42.576042, 12.159696, 42.576042
12.095833, 42.575844, 12.095833, 42.464260
12.095833, 45.183655, 12.095833, 42.592384
12.207812, 45.071678, 12.207812, 42.592384
12.095833, 42.592384, 12.095833, 45.183655
13.487821, 45.071877, 12.208013, 45.071877
12.096033, 45.183853, 13.487821, 45.183853
17.472073, 63.792187, 21.295635, 63.792187
17.472073, 63.664062, 17.568031, 63.664062
17.471874, 63.791988, 17.471874, 63.664261
17.472073, 63.664062, 17.568031, 63.664062
17.615948, 57.183853, 17.456448, 57.183853
17.616146, 57.072075, 17.616146, 57.327927
15.760096, 57.423958, 17.759697, 57.423958
17.616146, 57.328323, 17.616146, 57.423759
17.343750, 57.072075, 17.343750, 57.295635
17.456249, 57.184052, 17.456249, 57.327927
20.847918, 28.528324, 20.847918, 30.799801
20.976042, 46.607613, 20.976042, 46.192387
20.976042, 52.528324, 20.976042, 52.895634
20.976042, 52.895634, 20.976042, 52.528324
20.847918, 37.631969, 20.847918, 57.071678
20.847918, 32.016346, 20.847918, 37.503967
44.639904, 59.168228, 42.816345, 59.168228
42.816147, 59.168030, 42.816147, 59.088219
42.816345, 59.088020, 44.639904, 59.088020
13.487821, 43.568230, 12.208013, 43.568230
35.584053, 67.519791, 35.807613, 67.519791
35.584053, 67.519791, 35.807613, 67.519791
10.543750, 65.088219, 10.543750, 66.239906
10.431770, 66.239906, 10.431770, 65.088219
10.480008, 66.400002, 6.896033, 66.400002
10.480208, 66.240303, 10.480208, 66.399803
13.615946, 45.183853, 13.488221, 45.183853
13.488021, 45.183655, 13.488021, 43.616344
13.488021, 47.791988, 13.488021, 47.136135
13.488221, 47.135937, 13.615946, 47.135937
17.568230, 60.112179, 17.568230, 63.663864
17.568230, 63.663864, 17.568230, 60.112179
17.600000, 60.112179, 17.600000, 63.663864
15.856050, 53.504166, 15.760096, 53.504166
15.856050, 53.631771, 15.760096, 53.631771
15.856050, 53.631771, 15.760096, 53.631771
11.296034, 62.656250, 13.119592, 62.656250
13.119592, 62.704166, 12.112179, 62.704166
11.296034, 62.656250, 13.119592, 62.656250
17.471676, 56.592186, 15.760096, 56.592186
17.359697, 56.704166, 15.760096, 56.704166
15.760096, 56.592186, 17.471676, 56.592186
62.959896, 52.800198, 62.959896, 54.495636
62.959896, 52.799801, 62.959896, 47.872074
62.752083, 34.671677, 62.752083, 28.384052
62.959896, 38.016346, 62.959896, 39.135738
62.959698, 39.135937, 62.752281, 39.135937
62.752083, 39.135738, 62.752083, 36.272072
62.959896, 42.943550, 62.959896, 41.856449
62.959698, 41.856251, 62.752281, 41.856251
62.959896, 42.943947, 62.959896, 44.031574
62.959698, 44.031773, 62.752281, 44.031773
62.959896, 47.871677, 62.959896, 46.752281
62.959698, 46.752083, 62.752281, 46.752083
62.752083, 44.031574, 62.752083, 41.856449
62.959896, 57.728325, 62.959896, 62.656052
62.959896, 57.727928, 62.959896, 57.343948
57.280209, 31.823759, 57.280209, 28.768427
65.215950, 66.095833, 63.119991, 66.095833
67.711784, 66.095833, 67.631966, 66.095833
67.839905, 65.904167, 67.631966, 65.904167
65.215950, 65.904167, 64.816345, 65.904167
64.223763, 65.904167, 62.992386, 65.904167
62.992386, 65.904167, 64.223763, 65.904167
64.816345, 65.904167, 65.215950, 65.904167
65.216148, 65.904366, 65.216148, 66.095634
65.215950, 66.095833, 63.119991, 66.095833
67.631966, 65.904167, 67.839905, 65.904167
67.711784, 66.095833, 67.631966, 66.095833
67.631767, 66.095634, 67.631767, 65.904366
65.215950, 65.919792, 62.992386, 65.919792
67.823761, 65.919792, 67.631966, 65.919792
65.215950, 66.080208, 63.104366, 66.080208
62.992386, 63.807812, 65.359695, 63.807812
67.168427, 63.807812, 67.551888, 63.807812
70.272072, 63.807812, 71.295631, 63.807812
67.168427, 63.616146, 67.280006, 63.616146
67.456451, 63.616146, 67.551888, 63.616146
62.992386, 63.616146, 63.071678, 63.616146
63.184052, 63.616146, 65.359695, 63.616146
71.295631, 63.807812, 70.272072, 63.807812
70.271873, 63.807613, 70.271873, 63.616344
67.551888, 63.807812, 67.168427, 63.807812
67.168228, 63.807613, 67.168228, 63.616344
67.168427, 63.616146, 67.280006, 63.616146
67.456451, 63.616146, 67.551888, 63.616146
67.552086, 63.616344, 67.552086, 63.807613
65.359695, 63.807812, 62.992386, 63.807812
62.992188, 63.807613, 62.992188, 63.616344
62.992386, 63.616146, 63.071678, 63.616146
63.184052, 63.616146, 65.359695, 63.616146
65.359894, 63.616344, 65.359894, 63.807613
70.272072, 63.792187, 71.311783, 63.792187
62.992386, 63.792187, 65.359695, 63.792187
63.168427, 63.631771, 65.359695, 63.631771
62.752083, 64.111778, 62.752083, 57.343948
62.752083, 65.903969, 62.752083, 65.728325
62.959896, 62.672073, 62.959896, 64.111778
62.959698, 64.111977, 62.752281, 64.111977
62.959896, 65.728325, 62.959896, 65.903969
62.752083, 65.903969, 62.752083, 65.728325
62.752281, 65.728127, 62.959698, 65.728127
60.783855, 53.584053, 60.783855, 53.680012
60.783855, 56.959698, 60.783855, 55.488220
60.911980, 55.488220, 60.911980, 57.071678
60.799999, 56.975842, 60.799999, 55.488220
60.800198, 55.488022, 60.911781, 55.488022
60.911980, 55.488220, 60.911980, 57.071678
60.800198, 53.680210, 60.911781, 53.680210
60.816147, 55.488220, 60.816147, 56.991989
60.895832, 55.488220, 60.895832, 57.071678
57.712177, 31.983854, 60.783657, 31.983854
57.712177, 31.856251, 60.799801, 31.856251
58.719990, 41.359898, 60.799801, 41.359898
57.712177, 46.895832, 60.783657, 46.895832
60.799801, 46.768230, 57.712177, 46.768230
57.712177, 46.768230, 60.799801, 46.768230
63.935936, 51.823761, 63.935936, 51.600197
63.935936, 48.831970, 63.935936, 49.775845
63.935936, 51.600197, 63.935936, 51.823761
63.935936, 48.831970, 63.935936, 49.775845
63.935738, 49.776043, 63.808010, 49.776043
63.919792, 48.848114, 63.919792, 49.775845
63.935738, 51.823959, 62.960094, 51.823959
62.960094, 51.823959, 63.935738, 51.823959
63.935738, 48.831772, 62.960094, 48.831772
62.960094, 48.831772, 63.935738, 48.831772
63.935936, 36.399803, 63.935936, 36.272072
63.935936, 36.272072, 63.935936, 36.399803
63.935738, 34.543751, 62.960094, 34.543751
63.807613, 34.671875, 62.752281, 34.671875
62.959896, 34.671677, 62.959896, 33.088219
62.960094, 34.543751, 63.935738, 34.543751
63.935738, 36.400002, 62.960094, 36.400002
63.935738, 36.400002, 62.960094, 36.400002
62.959896, 37.999802, 62.959896, 36.272072
62.752281, 36.271873, 63.935738, 36.271873
57.712177, 37.247917, 60.783657, 37.247917
60.799801, 37.376041, 57.712177, 37.376041
65.935936, 75.888222, 65.935936, 77.119591
65.935936, 75.888222, 65.935936, 77.119591
81.151886, 77.119789, 62.992386, 77.119789
65.919792, 75.904366, 65.919792, 77.119591
65.935738, 75.888023, 62.992386, 75.888023
62.992386, 75.888023, 65.935738, 75.888023
71.295830, 63.808010, 71.295830, 63.968029
71.295830, 66.672073, 71.295830, 67.023758
71.295830, 67.631966, 71.295830, 68.063866
71.488022, 66.672073, 71.488022, 67.327927
71.488022, 63.808010, 71.488022, 63.968029
71.295830, 68.063866, 71.295830, 67.631966
71.295830, 67.023758, 71.295830, 66.672073
71.296028, 66.671875, 71.487823, 66.671875
71.488022, 66.672073, 71.488022, 67.327927
71.295830, 63.968029, 71.295830, 63.808010
71.488022, 63.808010, 71.488022, 63.968029
71.487823, 63.968227, 71.296028, 63.968227
71.311981, 66.672073, 71.311981, 68.080009
71.471878, 66.672073, 71.471878, 67.343552
30.880209, 68.240303, 30.880209, 70.623756
30.880209, 66.112175, 30.880209, 67.087822
30.768427, 68.240105, 30.863865, 68.240105
30.864063, 68.240303, 30.864063, 70.623756
30.863865, 67.088020, 30.768427, 67.088020
62.959896, 56.112179, 62.959896, 57.343552
62.752281, 56.111980, 62.959698, 56.111980
69.728127, 68.064262, 69.728127, 68.351883
71.040108, 68.351883, 71.040108, 68.064262
69.007812, 68.352280, 69.007812, 71.231575
68.847916, 71.391991, 68.847916, 68.192383
69.008011, 71.231773, 71.311783, 71.231773
71.311981, 71.231575, 71.311981, 68.352280
71.471878, 71.391991, 71.471878, 68.192383
71.343750, 71.263863, 71.343750, 70.304367
71.343750, 70.239906, 71.343750, 69.343948
71.040306, 68.064064, 71.295631, 68.064064
69.727928, 68.064064, 67.872070, 68.064064
71.040306, 68.064064, 71.295631, 68.064064
67.872070, 68.064064, 69.727928, 68.064064
68.815948, 71.568230, 68.672073, 71.568230
71.583656, 71.568230, 70.080406, 71.568230
71.568031, 71.552086, 68.688217, 71.552086
67.823959, 68.176239, 67.823959, 70.031570
54.191990, 62.064064, 54.096031, 62.064064
55.200199, 62.064064, 55.487823, 62.064064
55.200199, 61.952084, 57.503967, 61.952084
45.695637, 63.695835, 45.584053, 63.695835
45.584053, 63.695835, 45.695637, 63.695835
45.695835, 63.696033, 45.695835, 63.791988
46.704365, 63.695835, 52.047718, 63.695835
52.047718, 63.792187, 46.704365, 63.792187
46.704166, 63.791988, 46.704166, 63.696033
45.583855, 59.408012, 45.583855, 60.543552
45.583855, 62.304363, 45.583855, 63.695637
45.488022, 63.695637, 45.488022, 59.408012
45.583855, 59.408012, 45.583855, 60.543552
45.583855, 62.304363, 45.583855, 63.695637
45.568230, 59.408012, 45.568230, 63.695637
68.671677, 70.143753, 67.712181, 70.143753
68.671677, 70.143753, 67.712181, 70.143753
68.671875, 71.568031, 68.671875, 70.143951
68.815948, 71.568230, 68.672073, 71.568230
68.671875, 71.568031, 68.671875, 70.143951
67.711983, 66.096031, 67.711983, 67.327927
67.711983, 67.327927, 67.711983, 66.096031
67.823959, 65.919991, 67.823959, 68.080009
67.104164, 68.960091, 67.104164, 70.015945
67.104362, 70.016144, 67.711784, 70.016144
67.711784, 67.904167, 67.104362, 67.904167
67.104164, 67.904366, 67.104164, 68.959694
67.711983, 70.143555, 67.711983, 67.856445
56.576241, 61.231770, 57.487823, 61.231770
57.503967, 61.216145, 56.543949, 61.216145
56.543751, 61.839905, 56.543751, 61.216343
57.503967, 61.216145, 56.543949, 61.216145
56.543751, 61.216343, 56.543751, 61.839905
42.736137, 65.904167, 45.680012, 65.904167
53.280209, 62.480011, 53.280209, 60.384052
53.392189, 60.480408, 53.392189, 62.383656
55.488022, 63.791988, 55.488022, 63.072075
55.488022, 62.751884, 55.488022, 62.048115
55.583855, 62.048115, 55.583855, 63.695637
56.303967, 63.792187, 55.488220, 63.792187
56.303967, 63.695835, 55.584053, 63.695835
55.584053, 63.695835, 56.303967, 63.695835
56.304165, 63.696033, 56.304165, 63.791988
56.303967, 63.792187, 55.488220, 63.792187
57.456249, 63.791988, 57.456249, 63.696033
36.128124, 67.519592, 36.128124, 65.904366
60.783657, 53.168228, 57.712177, 53.168228
60.815948, 53.280209, 57.712177, 53.280209
57.712177, 53.200001, 60.815948, 53.200001
60.799801, 53.583855, 57.808010, 53.583855
60.895832, 53.072075, 60.895832, 53.680012
60.783855, 48.960094, 60.783855, 51.263863
60.783855, 53.168030, 60.783855, 53.072075
60.911980, 53.072075, 60.911980, 53.680012
60.800198, 53.071877, 60.911781, 53.071877
60.911781, 51.264061, 60.800198, 51.264061
63.119793, 66.096031, 63.119793, 67.168030
63.119793, 66.096031, 63.119793, 67.168030
63.104168, 66.080406, 63.104168, 67.168030
63.199802, 67.168228, 62.992386, 67.168228
62.592186, 48.287823, 62.592186, 48.176239
62.592186, 47.568031, 62.592186, 47.456448
62.752083, 46.752281, 62.752083, 54.495636
62.607811, 48.176239, 62.607811, 48.271675
62.607811, 47.472073, 62.607811, 47.568031
67.280205, 60.928322, 67.280205, 63.615948
67.456253, 60.816345, 67.456253, 63.615948
67.280205, 63.615948, 67.280205, 60.928322
67.456253, 60.816345, 67.456253, 63.615948
63.184052, 60.943748, 63.311779, 60.943748
67.280006, 60.928123, 63.184052, 60.928123
63.168427, 60.911980, 67.295631, 60.911980
63.183853, 63.072075, 63.183853, 63.615948
63.183853, 63.072075, 63.183853, 63.615948
63.183853, 60.495636, 63.183853, 60.352283
63.183853, 60.352283, 63.183853, 60.495636
63.071877, 62.239906, 63.071877, 58.143948
63.183853, 60.352283, 63.183853, 60.495636
63.183853, 60.928322, 63.183853, 62.239906
63.168228, 58.143948, 63.168228, 60.831573
62.592186, 47.568031, 62.592186, 47.456448
62.608009, 47.471874, 62.751884, 47.471874
62.592186, 48.287823, 62.592186, 48.176239
62.751884, 48.271873, 62.608009, 48.271873
62.592186, 42.671677, 62.592186, 42.543949
62.607811, 43.264259, 62.607811, 43.359699
62.607811, 42.560093, 62.607811, 42.671677
62.592186, 42.671677, 62.592186, 42.543949
62.608009, 42.559895, 62.751884, 42.559895
62.592384, 43.392189, 62.751884, 43.392189
62.592186, 43.391991, 62.592186, 43.264259
62.751884, 43.359898, 62.608009, 43.359898
53.871876, 63.695637, 53.871876, 62.480408
53.871876, 60.383656, 53.871876, 59.168427
44.640301, 59.168228, 53.983654, 59.168228
60.783855, 28.736135, 60.783855, 29.503969
60.783855, 37.152283, 60.783855, 37.247719
60.783855, 37.376240, 60.783855, 37.471676
60.783855, 39.296032, 60.783855, 41.359699
60.783855, 41.488220, 60.783855, 41.583656
60.783855, 43.392387, 60.783855, 46.768032
60.911980, 39.296032, 60.911980, 41.583656
60.911980, 37.152283, 60.911980, 37.471676
60.911980, 28.736135, 60.911980, 29.503969
60.799999, 51.263863, 60.799999, 43.392387
60.800198, 43.392189, 60.911781, 43.392189
60.911980, 39.296032, 60.911980, 41.583656
60.911781, 41.583855, 60.800198, 41.583855
60.911980, 37.152283, 60.911980, 37.471676
60.911781, 37.471874, 60.800198, 37.471874
60.799999, 35.343552, 60.799999, 31.968428
60.799999, 31.856052, 60.799999, 31.312178
60.911980, 31.312178, 60.911980, 32.719593
60.911980, 28.736135, 60.911980, 29.503969
60.911781, 29.504168, 60.800198, 29.504168
60.816147, 31.952282, 60.816147, 35.343552
60.816147, 43.392387, 60.816147, 51.263863
60.816147, 39.296032, 60.816147, 41.375843
60.816147, 31.312178, 60.816147, 31.871677
60.895832, 37.152283, 60.895832, 37.471676
60.895832, 43.392387, 60.895832, 51.263863
60.895832, 39.296032, 60.895832, 41.583656
60.895832, 31.312178, 60.895832, 32.768032
60.895832, 33.008011, 60.895832, 35.343552
60.783855, 34.864262, 60.783855, 35.343552
60.911980, 33.056450, 60.911980, 35.343552
60.911781, 35.343750, 60.800198, 35.343750
60.911980, 51.263863, 60.911980, 43.392387
54.095833, 62.048115, 54.095833, 63.791988
54.095833, 59.168427, 54.095833, 61.951885
71.807816, 72.783653, 71.807816, 72.256447
71.807816, 72.783653, 71.807816, 72.256447
72.335739, 72.783852, 71.808014, 72.783852
72.303970, 72.768227, 71.824158, 72.768227
72.383659, 67.328125, 71.488220, 67.328125
71.488220, 67.328125, 72.383659, 67.328125
72.383659, 67.856247, 71.584053, 67.856247
71.584053, 67.856247, 72.383659, 67.856247
67.840103, 68.063866, 67.840103, 65.904366
67.856247, 66.047722, 67.856247, 65.952278
67.856247, 66.159698, 67.856247, 66.064262
67.856247, 66.399803, 67.856247, 66.192383
67.856247, 66.511780, 67.856247, 66.431969
67.856247, 66.751884, 67.856247, 66.560097
67.856247, 68.080009, 67.856247, 67.040306
67.871872, 68.063866, 67.871872, 65.952278
47.168427, 63.583855, 48.559696, 63.583855
50.192387, 63.583855, 51.583656, 63.583855
47.104168, 63.695637, 47.104168, 63.584053
47.168427, 63.583855, 48.559696, 63.583855
50.192387, 63.583855, 51.583656, 63.583855
51.647915, 63.584053, 51.647915, 63.695637
47.119991, 63.599998, 51.631573, 63.599998
51.631771, 63.600197, 51.631771, 63.695637
47.119793, 63.695637, 47.119793, 63.600197
67.104362, 67.328125, 67.711784, 67.328125
67.711784, 67.440102, 67.216347, 67.440102
67.104362, 67.328125, 67.711784, 67.328125
67.104164, 67.856049, 67.104164, 67.328323
67.216148, 67.440300, 67.216148, 67.743553
67.104164, 67.856049, 67.104164, 67.328323
67.119789, 67.839905, 67.119789, 67.343948
67.104362, 67.856247, 67.711784, 67.856247
67.216347, 67.743752, 67.711784, 67.743752
67.711784, 67.856247, 67.104362, 67.856247
67.727928, 67.840103, 67.119987, 67.840103
67.104362, 72.256248, 67.631569, 72.256248
67.104362, 72.256248, 67.631569, 72.256248
67.104164, 72.783653, 67.104164, 72.256447
67.216148, 72.368431, 67.216148, 72.671677
67.104164, 72.783653, 67.104164, 72.256447
67.119789, 72.768028, 67.119789, 72.272072
67.631569, 72.783852, 67.104362, 72.783852
67.631569, 72.783852, 67.104362, 72.783852
67.615944, 72.768227, 67.119987, 72.768227
67.631767, 72.783653, 67.631767, 72.256447
67.631767, 72.256447, 67.631767, 72.783653
67.616142, 72.768028, 67.616142, 72.272072
50.752083, 70.575844, 50.752083, 69.104362
50.928123, 69.104362, 50.928123, 70.735741
50.752083, 70.575844, 50.752083, 69.104362
50.768230, 70.591988, 50.768230, 69.119987
49.440304, 70.559898, 50.751884, 70.559898
50.927925, 70.735939, 44.319988, 70.735939
49.456448, 70.576042, 50.751884, 70.576042
49.472073, 70.592186, 50.768032, 70.592186
50.752083, 67.599800, 50.752083, 66.176239
50.928123, 66.016342, 50.928123, 67.583656
50.768230, 66.160095, 50.768230, 67.568031
50.751884, 66.176041, 48.080406, 66.176041
48.256447, 66.016144, 50.927925, 66.016144
42.911980, 70.575844, 42.911980, 66.176239
42.911980, 66.176239, 42.911980, 70.575844
42.735939, 70.735741, 42.735939, 65.824158
44.319592, 70.559898, 42.912178, 70.559898
44.319592, 70.735939, 42.736137, 70.735939
44.303967, 70.592186, 42.896030, 70.592186
45.680012, 66.176041, 42.912178, 66.176041
42.736137, 66.016144, 45.503967, 66.016144
45.680012, 66.176041, 42.912178, 66.176041
45.663864, 66.159897, 42.896030, 66.159897
45.824158, 70.559898, 47.935738, 70.559898
45.840302, 70.592186, 47.919594, 70.592186
45.823959, 70.735741, 45.823959, 70.560097
47.935936, 70.735741, 47.935936, 70.560097
50.752281, 67.599998, 50.927925, 67.599998
50.927925, 67.583855, 50.752281, 67.583855
50.927925, 67.568230, 50.768429, 67.568230
50.752281, 69.104164, 50.927925, 69.104164
50.927925, 69.104164, 50.752281, 69.104164
48.080208, 65.904366, 48.080208, 66.175842
48.095833, 66.175842, 48.095833, 65.904366
48.096031, 65.904167, 58.959698, 65.904167
45.680210, 65.904366, 45.680210, 66.175842
45.680210, 65.904366, 45.680210, 66.175842
34.240303, 70.623955, 35.583656, 70.623955
35.583656, 70.735939, 29.104364, 70.735939
34.240303, 70.623955, 35.583656, 70.623955
35.583855, 67.519989, 35.583855, 70.735741
34.256447, 70.640106, 35.583656, 70.640106
30.608011, 70.623955, 30.768030, 70.623955
30.864262, 70.623955, 32.735741, 70.623955
27.743948, 70.623955, 29.103968, 70.623955
29.103968, 70.735939, 27.631969, 70.735939
27.743948, 70.623955, 29.103968, 70.623955
27.728323, 70.640106, 29.087822, 70.640106
27.743750, 69.119987, 27.743750, 70.623756
27.743948, 66.111977, 30.768030, 66.111977
32.224155, 66.111977, 36.127926, 66.111977
36.127926, 66.111977, 32.224155, 66.111977
32.223957, 66.111778, 32.223957, 66.016342
30.768030, 66.111977, 27.743948, 66.111977
31.216146, 66.016342, 31.216146, 66.111778
30.848116, 66.095833, 31.215948, 66.095833
32.224155, 66.095833, 36.127926, 66.095833
27.728323, 66.095833, 30.783655, 66.095833
32.224155, 66.016144, 36.127926, 66.016144
30.608011, 70.623955, 30.768030, 70.623955
27.743750, 69.119987, 27.743750, 70.623756
27.743551, 67.616142, 27.631969, 67.616142
72.319794, 59.439907, 72.319794, 57.392387
72.319794, 57.280010, 72.319794, 55.936134
72.223961, 57.392387, 72.223961, 59.535740
72.223961, 55.872074, 72.223961, 57.280010
73.440102, 56.448116, 73.440102, 59.439907
73.552086, 59.535740, 73.552086, 56.496033
73.583855, 57.392387, 73.583855, 59.568031
73.583656, 59.568230, 72.160095, 59.568230
72.160095, 59.568230, 73.583656, 59.568230
73.583855, 59.568031, 73.583855, 57.392387
43.375843, 63.792187, 43.152283, 63.792187
44.528324, 63.695835, 45.343552, 63.695835
43.264259, 63.695835, 43.375843, 63.695835
43.264259, 63.695835, 43.375843, 63.695835
43.376041, 63.696033, 43.376041, 63.791988
43.375843, 63.792187, 43.152283, 63.792187
44.528324, 63.695835, 45.343552, 63.695835
45.695637, 63.792187, 44.528324, 63.792187
44.528126, 63.791988, 44.528126, 63.696033
45.440304, 63.695835, 45.568031, 63.695835
43.151886, 63.792187, 42.768429, 63.792187
42.768429, 63.680210, 43.151886, 63.680210
43.152084, 63.680408, 43.152084, 63.791988
43.151886, 63.792187, 42.768429, 63.792187
43.151886, 63.776043, 42.768429, 63.776043
72.383858, 67.328323, 72.383858, 67.856049
72.383858, 67.328323, 72.383858, 67.856049
72.368233, 67.343948, 72.368233, 67.839905
71.808014, 72.256248, 72.335739, 72.256248
71.583855, 71.568031, 71.583855, 67.856445
71.583855, 67.856445, 71.583855, 71.568031
71.568230, 67.840302, 71.568230, 71.551888
67.072075, 52.895832, 67.663864, 52.895832
70.384056, 52.895832, 70.880013, 52.895832
64.351883, 52.895832, 63.200199, 52.895832
67.072075, 52.704166, 67.663864, 52.704166
64.351883, 52.704166, 63.200199, 52.704166
71.983658, 52.895832, 71.872070, 52.895832
71.871872, 52.895634, 71.871872, 52.704365
70.880013, 52.895832, 70.384056, 52.895832
70.383858, 52.895634, 70.383858, 52.704365
70.880211, 52.704365, 70.880211, 52.895634
67.663864, 52.895832, 67.072075, 52.895832
67.071877, 52.895634, 67.071877, 52.704365
67.072075, 52.704166, 67.663864, 52.704166
67.664062, 52.704365, 67.664062, 52.895634
64.351883, 52.895832, 63.200199, 52.895832
63.200199, 52.704166, 64.351883, 52.704166
64.352081, 52.704365, 64.352081, 52.895634
71.872070, 52.719791, 72.143555, 52.719791
70.384056, 52.719791, 70.880013, 52.719791
72.159897, 63.807613, 72.159897, 62.464260
71.968231, 59.743553, 71.968231, 52.896030
71.968231, 63.615948, 71.968231, 62.464260
72.159897, 52.704365, 72.159897, 59.743553
72.159698, 59.743752, 71.984055, 59.743752
71.983856, 59.743553, 71.983856, 52.896030
72.159897, 62.464260, 72.159897, 63.807613
71.983856, 63.615948, 71.983856, 62.464260
71.984055, 62.464062, 72.159698, 62.464062
72.143753, 63.791988, 72.143753, 62.464260
72.143753, 59.743553, 72.143753, 52.719990
72.000000, 59.743553, 72.000000, 52.880405
72.000000, 63.631573, 72.000000, 62.464260
71.488220, 63.807812, 72.159698, 63.807812
71.983658, 63.616146, 70.272072, 63.616146
72.159698, 63.807812, 71.488220, 63.807812
62.959896, 54.496033, 62.959896, 56.111782
62.768230, 56.111782, 62.768230, 54.496033
62.959896, 54.496033, 62.959896, 56.111782
62.768230, 56.111782, 62.768230, 54.496033
62.592186, 38.447720, 62.592186, 38.336136
62.607811, 38.336136, 62.607811, 38.431572
62.607811, 37.631969, 62.607811, 37.727928
62.608009, 37.631771, 62.751884, 37.631771
62.592384, 38.447918, 62.751884, 38.447918
62.751884, 38.447918, 62.592384, 38.447918
62.592186, 38.447720, 62.592186, 38.336136
62.751884, 38.431770, 62.608009, 38.431770
63.200199, 60.783855, 63.935738, 60.783855
63.200001, 58.656448, 63.200001, 60.063866
63.200001, 60.640301, 63.200001, 60.783657
63.935936, 58.624157, 63.935936, 59.968029
63.935936, 60.640301, 63.935936, 60.815948
63.935936, 60.815948, 63.935936, 60.640301
63.935936, 59.968029, 63.935936, 58.624157
63.935738, 58.623959, 63.184052, 58.623959
63.183853, 60.352283, 63.183853, 60.495636
63.903969, 60.799999, 63.376240, 60.799999
63.376240, 60.799999, 63.903969, 60.799999
67.456055, 60.816147, 63.184052, 60.816147
63.519791, 60.607613, 63.519791, 60.080406
63.728127, 60.607613, 63.728127, 60.080406
63.711979, 60.607613, 63.711979, 60.080406
63.519791, 60.607613, 63.519791, 60.080406
63.535938, 59.487823, 63.535938, 58.624157
63.935738, 58.623959, 63.184052, 58.623959
63.183853, 58.143948, 63.183853, 60.063866
63.535938, 58.624157, 63.535938, 59.487823
63.328323, 59.519791, 63.871677, 59.519791
63.328125, 58.640301, 63.328125, 59.519592
63.856251, 59.519592, 63.856251, 59.088219
63.856251, 59.088219, 63.856251, 59.519592
63.856251, 59.087822, 63.856251, 58.640301
63.856251, 58.640301, 63.856251, 59.087822
63.871876, 58.640301, 63.871876, 59.519592
62.992188, 65.904366, 62.992188, 67.583656
62.991989, 68.704170, 62.672073, 68.704170
62.671875, 77.119591, 62.671875, 65.904366
61.680408, 65.904167, 62.991989, 65.904167
62.992188, 71.408012, 62.992188, 72.511780
62.992188, 72.528320, 62.992188, 77.119591
62.672073, 71.407814, 62.991989, 71.407814
62.992188, 70.431572, 62.992188, 67.600197
63.328323, 59.519791, 63.871677, 59.519791
63.919594, 59.952084, 63.328323, 59.952084
63.871876, 59.519989, 63.871876, 59.951885
63.183853, 58.143948, 63.183853, 60.063866
73.552086, 59.535740, 73.552086, 56.496033
73.440300, 56.959896, 73.551888, 56.959896
73.535934, 56.960094, 73.535934, 57.391991
73.439903, 57.280209, 72.160095, 57.280209
60.783657, 56.959896, 57.712177, 56.959896
60.943550, 57.071877, 57.712177, 57.071877
57.712177, 56.976040, 60.799801, 56.976040
57.503967, 61.840103, 55.600197, 61.840103
55.600197, 61.840103, 57.503967, 61.840103
57.504166, 59.168427, 57.504166, 61.951885
55.599998, 61.840302, 55.599998, 61.951885
55.599998, 61.951885, 55.599998, 61.840302
58.719791, 41.056450, 58.719791, 41.359699
58.719791, 41.056450, 58.719791, 41.359699
57.808010, 41.056252, 58.719593, 41.056252
57.808010, 41.056252, 58.719593, 41.056252
57.712177, 41.488022, 60.799801, 41.488022
57.711979, 56.975842, 57.711979, 31.824156
57.712177, 41.376041, 58.607613, 41.376041
36.352085, 66.288216, 36.352085, 66.527924
36.352085, 67.136139, 36.352085, 67.391991
36.240105, 67.856049, 36.240105, 65.824158
36.335938, 65.936134, 36.335938, 67.743553
36.319790, 66.288216, 36.319790, 67.391991
2.640000, 62.389801, 2.640000, 42.980198
6.950200, 61.990002, 8.859800, 61.990002
15.647917, 58.607613, 15.647917, 58.464359
15.904167, 72.111679, 15.904167, 66.336136
26.847918, 59.168526, 26.847918, 63.663864
21.839907, 59.168228, 20.992485, 59.168228
27.200001, 66.336136, 27.200001, 71.167931
51.343750, 71.167931, 51.343750, 66.336136
10.735637, 62.640102, 7.072075, 62.640102
36.240105, 63.791988, 36.240105, 61.840401
12.096033, 43.680210, 12.207512, 43.680210
12.208113, 43.680210, 13.487821, 43.680210
15.696033, 53.519791, 15.759595, 53.519791
15.760196, 53.519791, 15.856050, 53.519791
15.695833, 53.631573, 15.695833, 53.536236
63.807613, 48.959896, 62.960194, 48.959896
63.807613, 51.695835, 62.960194, 51.695835
57.456051, 61.471874, 56.592484, 61.471874
56.592484, 61.471874, 57.456051, 61.471874
57.456051, 61.471874, 56.592484, 61.471874
48.111980, 65.904366, 48.111980, 66.015846
48.111980, 66.016441, 48.111980, 66.159698
63.519791, 60.783558, 63.519791, 60.719990
63.919792, 60.783558, 63.919792, 60.640301
63.919792, 60.783558, 63.919792, 60.640301
63.904167, 60.783558, 63.904167, 60.640301
63.904167, 60.783558, 63.904167, 60.640301
63.711979, 60.783558, 63.711979, 60.719990
63.519791, 60.783558, 63.519791, 60.719990
63.376041, 60.783558, 63.376041, 60.719990
63.535938, 59.935738, 63.535938, 59.520088
63.535938, 59.520088, 63.535938, 59.935738
21.168230, 28.559599, 21.168230, 28.208012
21.168230, 59.168030, 21.168230, 31.616444
21.168230, 31.615849, 21.168230, 30.592485
