0.0052,-17.9339,-0.1134,-17.9227
-0.0060,-33.6152,-0.0765,-33.4467
0.0172,38.8294,0.1487,40.4021
-0.0180,-17.0280,-0.0060,-16.8845
-0.0421,32.3750,-0.0662,32.1343
-0.0421,6.6546,0.1006,6.6546
-0.0765,-33.4467,-0.2449,-33.3771
-0.0765,-33.7836,-0.0060,-33.6152
0.1006,-15.5610,-0.6025,-15.4776
0.1006,6.5352,0.1006,6.6546
0.1006,6.5352,-1.8426,6.4991
0.1126,-15.4183,0.1006,-15.5610
0.1126,-15.4183,1.6750,-15.5850
0.1126,-16.8965,0.1006,-17.0401
-0.1134,-17.9227,-0.1014,-17.8153
0.1246,35.4604,-0.1014,32.3750
-0.1255,11.0068,-0.0421,6.6546
-0.1255,11.0068,-0.1255,11.1856
-0.1255,43.7196,-0.2209,44.0719
-0.1255,43.7196,0.2441,43.8141
0.1367,35.6237,0.3515,38.3481
0.1487,-24.4570,0.2183,-24.6254
0.1607,-15.7165,-0.6265,-15.6332
0.1848,40.9866,0.2802,42.1898
-0.1977,-9.7778,-0.5904,-6.7964
0.2183,-24.2885,0.1487,-24.4570
0.2183,-24.6254,0.3867,-24.6959
-0.2209,44.0719,0.8998,44.3813
0.2441,-15.7045,0.2561,-15.5971
0.2441,43.8141,-0.2810,36.8613
-0.2449,11.0068,-0.1736,6.6546
-0.2449,-33.3771,-0.4134,-33.4467
-0.2449,-33.8541,-0.0765,-33.7836
-0.2449,35.9502,-0.3644,34.4978
-0.2449,36.7066,-0.2922,36.0448
-0.2449,36.7066,-2.7493,36.8956
0.2561,-15.5971,1.4963,-15.7165
-0.2810,36.8613,-2.6780,37.0417
0.2913,42.3187,0.3988,43.7883
-0.2922,36.0448,-2.7975,36.2425
-0.3163,-2.3007,-0.2329,-2.8972
-0.3163,-2.3007,2.0687,-1.9913
-0.3403,34.4033,-0.4839,32.5039
-0.3524,25.6387,1.6871,25.4832
0.3635,-9.6944,0.4942,-9.6824
-0.3644,-2.9092,-0.2329,-2.8972
0.3756,38.3481,0.4108,38.7950
0.3756,42.1812,0.3867,42.3101
0.3867,-24.2181,0.2183,-24.2885
0.3867,-24.6959,0.5561,-24.6254
0.3988,43.7883,0.8637,43.9172
-0.3996,-39.3863,1.6510,-40.1022
0.4108,38.7950,0.0172,38.8294
-0.4134,-33.4467,-0.4839,-33.6152
-0.4134,-33.7836,-0.2449,-33.8541
-0.4357,32.3492,-0.7219,32.3750
-0.4718,32.0140,-0.4357,32.3492
-0.4839,32.5039,-0.7099,32.5297
-0.4839,-33.6152,-0.4134,-33.7836
0.4942,-9.6824,0.5664,-10.2789
0.5561,-24.2885,0.3867,-24.2181
0.5561,-24.6254,0.6257,-24.4570
-0.5672,-10.3622,-3.1550,-10.6957
-0.5672,26.0083,-0.5904,25.6619
0.5896,-55.6043,0.6377,-55.4136
-0.5904,25.6619,-0.3524,25.6387
-0.5904,-6.7251,3.4996,-6.1888
-0.6025,-15.4776,-0.6265,-15.6332
0.6257,-24.4570,0.5561,-24.2885
0.6377,-55.4136,-1.5212,-54.9484
0.6377,-55.4136,2.3188,-55.7832
-0.6386,-6.3787,-0.5904,-6.7251
-0.6506,-6.2954,2.5697,-5.8785
-0.6626,32.3664,-0.6506,32.5211
-0.6747,30.0975,-0.9841,26.0444
0.7211,-28.9527,1.2221,-27.5218
-0.7219,32.3750,-0.7099,32.5297
-0.7933,30.1061,-1.1035,26.0556
-0.8173,50.1224,-0.9127,50.4661
0.8998,-29.1435,1.2101,-31.5164
0.8998,44.3813,0.8637,43.9172
-0.9248,50.4661,1.2101,51.0420
-0.9368,30.2436,-0.9488,30.1233
-0.9368,30.2436,2.4030,29.9944
0.9480,-51.2636,-1.2350,-50.7867
-0.9488,30.1233,-0.7933,30.1061
0.9712,-51.1445,0.9480,-51.2636
-0.9729,50.6466,-0.9248,50.4661
-0.9961,43.4789,-1.0915,43.8399
-0.9961,43.4789,-2.2131,43.1437
-10.0477,41.2444,-9.3086,41.4506
10.0589,-47.8295,10.4284,-47.9129
10.0709,25.9481,10.2024,25.9481
10.1070,38.5372,7.6266,38.7348
10.1070,-9.0267,11.5740,-8.8359
10.1190,38.3825,10.1190,38.2535
10.1190,38.3825,8.4852,38.5200
10.1663,37.3511,10.0468,37.3597
10.1663,37.3511,9.9402,34.3947
10.1783,-15.5257,6.0040,-14.0707
10.1783,53.6718,10.2264,53.4828
10.1903,29.4065,10.1783,29.2759
-10.1912,41.3647,-9.9050,41.4506
10.2024,24.4819,-19.1594,26.7122
10.2024,25.9481,10.3571,27.9876
10.2024,-36.1909,12.0270,-36.8105
10.2024,-36.1909,9.6532,-36.0001
-10.2032,26.3899,-9.4280,26.3297
10.2144,-6.5584,9.4865,-6.6538
-10.2153,26.2231,-10.2032,26.3899
10.2264,40.1013,10.1070,38.5372
10.2264,53.4828,11.0369,53.7062
10.2264,53.4828,8.1036,52.9069
10.2376,38.2535,10.1190,38.2535
10.2376,-43.0354,9.2123,-48.0201
10.2376,-6.7131,10.2144,-6.5584
10.2617,-36.0001,10.2024,-36.1909
10.2617,40.2474,7.7212,40.4451
-10.2746,32.7617,-9.9643,32.7360
-10.2986,32.8907,-10.2986,32.7617
-10.3339,-16.6103,-10.3820,-17.0521
10.3571,29.2638,10.1783,29.2759
10.3571,29.2638,10.2617,27.9996
10.3571,-43.0836,10.6433,-43.1790
10.3571,-43.0836,9.3318,-48.0441
10.3571,-48.2588,10.6080,-48.3064
10.3691,-15.5017,10.7868,-14.3208
10.3691,-35.7852,10.3098,-35.9528
10.3691,-35.7852,12.1696,-36.4058
10.3811,-15.4656,5.9327,-13.9160
-10.3820,-17.0521,-10.8831,-17.0040
10.3932,24.6607,-19.1474,26.8909
10.3932,26.4853,10.4765,27.5587
10.4172,42.2499,10.2617,40.2474
10.4172,42.2499,7.8767,42.4562
10.4284,42.3788,7.8888,42.5679
10.4284,-47.9129,10.3571,-48.2588
10.4404,25.3044,10.3932,24.6607
10.4765,-15.9907,10.0589,-16.7298
10.4765,-15.9907,9.4985,-18.8285
10.4765,25.8055,10.5126,26.3185
10.4765,27.5587,10.6080,27.5467
10.4765,46.9854,10.6080,46.5041
10.4765,46.9854,10.9054,47.0886
10.5479,-15.5610,10.9174,-14.4875
10.5479,-48.7357,10.5840,-48.5569
10.5479,-48.7357,13.0402,-49.2484
10.5599,-48.4973,10.6080,-48.3064
10.5599,48.9965,13.5293,49.7958
-10.5608,32.7789,-10.5608,32.8992
-10.5608,32.8992,-10.2986,32.8907
10.5960,1.3485,11.7287,1.4911
10.5960,48.8762,10.5599,48.9965
10.6080,-15.6211,10.3571,-15.5378
10.6080,-15.6211,10.4765,-15.9907
10.6080,46.5041,9.7374,46.2721
10.6080,-48.3064,13.1356,-48.8310
10.6192,1.1929,10.5960,1.3485
10.6192,1.1929,11.7528,1.3356
10.6352,1.0203,10.6092,1.2106
10.6794,-43.0595,10.6433,-43.1790
10.6794,-43.0595,8.3417,-42.2602
-10.6802,32.9508,-10.0477,41.2444
-10.6802,32.9508,-9.9523,32.8907
-10.6923,30.9827,-10.7043,30.8624
-10.6923,30.9827,-7.6988,30.7507
10.7034,46.0314,10.4284,42.3788
10.7507,29.3592,10.1903,29.4065
10.7868,-14.3208,18.3241,-13.3316
-1.0795,-3.0046,-0.6506,-6.2954
-10.8349,-21.2608,-10.3820,-17.0521
-10.8349,-21.2608,-6.9950,-21.6664
-10.8470,-16.5510,-10.3339,-16.6103
-10.8470,32.8047,-10.1912,41.3647
-10.8470,32.8047,-10.5969,32.7789
-10.8590,-16.7659,-10.8831,-17.0040
10.8822,-41.2229,10.9174,-41.1155
10.8822,-41.2229,11.2758,-41.3664
-10.8831,-17.0040,-10.8590,-16.7659
10.8942,54.1187,10.1302,53.7492
10.8942,54.1187,12.6707,54.6000
10.8942,54.1187,7.9842,53.3281
10.9054,47.0886,10.2376,38.2535
1.0906,51.4545,2.2956,51.7811
-1.0915,-2.3248,5.7780,-1.4301
10.9174,-14.4875,18.3473,-13.5103
10.9174,-41.1155,11.0610,-41.1636
-10.9905,-21.2496,-10.5255,-17.0401
-11.0025,-16.6344,-10.8470,-16.6464
-11.0025,-16.6344,-11.0137,-16.7539
-11.0137,-16.7539,-10.8590,-16.7659
1.1027,-31.8619,0.7211,-28.9527
-1.1035,26.0556,-0.5672,26.0083
11.0369,53.7062,11.1323,53.3624
11.0610,-41.1636,12.4919,-36.9781
11.0730,-4.7458,11.0850,-4.8885
11.0850,-4.8885,11.2036,-4.8764
11.1082,-6.4389,11.2878,-6.4148
11.1323,53.3624,11.5018,53.4742
11.1323,-6.5936,11.1082,-6.4389
11.1684,-41.1997,12.6114,-37.0134
-11.1692,10.8280,-9.5707,10.8521
-11.1692,10.9948,-11.1692,10.8280
11.1800,1.0808,10.6352,1.0203
11.1916,-4.7217,13.3264,-4.4476
11.2036,-4.8764,11.1916,-4.7217
11.2036,-5.8072,11.2878,-6.4148
11.2758,-41.3664,11.3111,-41.2470
11.2758,-6.5816,11.1323,-6.5936
-1.1276,-46.3271,-0.3996,-39.3863
-1.1276,-46.3271,-1.2470,-46.3030
-11.3007,6.3444,-11.3007,6.4638
-11.3007,6.4638,-9.6188,6.4879
11.3111,-41.2470,11.1684,-41.1997
11.3231,-5.7952,11.2036,-5.8072
11.3508,-0.4109,9.2924,-0.6704
11.3530,-0.3894,11.1800,1.0808
-1.1396,25.5313,-1.1035,26.0556
-1.1396,50.0364,-0.8173,50.1224
11.4064,53.8008,12.7901,54.1875
11.4786,31.2921,11.5483,31.1202
11.5018,53.4742,11.4064,53.8008
-1.1516,-1.9080,-1.0915,-2.3248
11.5483,31.1202,11.7167,31.0515
11.5483,31.4554,11.4786,31.2921
11.5740,-8.8359,11.2758,-6.5816
-11.5749,47.5698,-11.6583,47.8792
11.5861,32.3062,15.1871,32.0312
11.6213,11.3884,12.1464,11.4004
11.6213,11.3884,12.6114,24.4819
11.6213,-8.0005,11.3231,-5.7952
11.6333,-8.1200,11.7760,-9.1934
11.6574,-0.9531,11.7760,-1.8117
11.6694,33.4235,11.5861,32.3062
11.6694,33.4235,11.7287,34.1798
11.7167,31.0515,11.8852,31.1202
11.7167,31.5327,11.5483,31.4554
11.7167,32.4266,11.8482,34.1626
11.7287,1.4911,11.7528,1.3356
11.7287,34.1798,11.8482,34.1626
11.7408,-0.8465,11.8723,-1.8005
11.7646,1.1360,11.7386,1.3350
11.7760,-43.5726,12.8142,-43.9181
11.8121,11.5672,12.1464,11.5792
11.8121,11.5672,12.7781,24.2911
11.8121,-43.4531,11.7760,-43.5726
11.8241,35.3658,11.9436,35.3572
11.8602,35.7870,11.8241,35.3658
11.8602,35.7870,11.9788,35.7870
11.8723,-1.8005,14.3999,-1.4662
-11.8731,-2.5156,-11.9917,-0.0593
-11.8843,40.9350,-12.1112,38.0301
11.8852,31.1202,11.9556,31.2921
11.8852,31.4554,11.7167,31.5327
-11.8963,-2.5156,-12.0038,-0.0593
-11.8963,31.0772,-11.8963,30.9569
-11.9204,26.5214,-11.9324,26.3538
-11.9204,42.7656,-11.9565,42.8859
-11.9204,42.7656,-8.6889,43.6422
11.9436,36.9902,12.0631,36.9816
11.9556,31.2921,11.8852,31.4554
11.9556,35.5119,11.9436,35.3572
11.9556,35.5119,16.6060,35.1510
-11.9565,42.8859,-11.8130,42.9203
11.9668,35.6323,16.5828,35.2885
11.9788,35.7870,11.9668,35.6323
12.0270,-36.8105,12.1344,-36.5132
-12.0519,30.9655,-12.3853,26.5566
12.0742,-8.0607,11.6333,-8.1200
1.2101,51.0420,1.1267,51.3514
1.2101,51.0420,2.3789,51.3600
-12.1112,38.0301,-12.2306,38.0387
12.1418,-1.4931,11.7699,1.1275
12.1696,-36.4058,12.8735,-36.6438
-12.1705,30.9827,-12.5048,26.5686
12.1937,38.6489,12.0631,36.9816
12.1937,38.6489,16.8089,38.3051
-12.1946,-16.5029,-12.2066,-16.6224
-12.1946,-16.5029,-15.6890,-16.1454
-12.1946,36.8355,-12.2306,36.3628
12.2057,38.7778,16.8209,38.4254
12.2057,40.4623,11.9436,36.9902
12.2057,40.4623,12.3252,40.4451
12.2178,11.6505,12.4799,11.6626
12.2178,38.9239,12.2057,38.7778
12.2178,-9.1341,12.0742,-8.0607
12.2178,-9.1341,12.3493,-9.1221
1.2221,-27.5218,1.3295,-27.5690
12.2298,11.4004,12.2178,11.6505
-1.2230,45.7908,1.7584,46.5987
-12.2306,36.3628,-12.3501,36.3714
-12.2306,38.0387,-12.0158,40.7717
12.3011,41.6569,12.4206,41.6397
-12.3140,36.8441,-12.1946,36.8355
12.3252,40.4451,12.2057,38.7778
-12.3260,35.1682,-12.4455,35.1682
-12.3260,36.6722,-12.3140,36.8441
1.2342,40.9178,0.1848,40.9866
12.3493,42.3187,12.3011,41.6569
12.3493,42.3187,12.4679,42.3101
12.3493,-9.1221,12.2057,-8.0486
-12.3501,36.3714,-12.3381,36.5519
-1.2350,50.3802,-1.1396,50.0364
12.3725,54.0672,13.5293,49.7958
12.4086,-41.7600,13.5533,-42.1416
12.4326,41.7600,12.4206,41.6397
12.4446,43.5133,12.5633,43.5133
12.4558,11.2337,12.2891,11.2217
12.4558,11.2337,14.3878,11.2578
12.4558,11.4245,12.4558,11.2337
12.4558,-41.6406,12.4086,-41.7600
12.4558,-41.6406,13.4700,-41.9861
12.4558,42.1382,12.7308,42.1210
12.4679,42.3101,12.4558,42.1382
-1.2470,-46.3030,-0.5071,-39.2316
12.4799,11.6626,12.4799,11.4838
12.4799,11.6626,14.3878,11.6866
12.4919,44.2524,12.4446,43.5133
12.4919,54.1016,13.6487,49.8302
-12.4928,32.9250,-12.3260,35.1682
-12.5048,6.3203,-12.5048,6.4398
-12.5048,6.3203,-15.7251,6.2730
12.5753,45.2150,12.4919,44.2524
12.5753,45.2150,12.6947,45.2064
-12.6002,33.0539,-12.4455,35.1682
12.6114,24.4819,12.6586,25.0904
12.6114,24.4819,15.8790,24.2430
12.6234,44.2438,12.5633,43.5133
12.6234,44.2438,12.6707,44.9486
-12.6483,6.4398,-12.5048,6.4398
12.6586,25.0904,12.7901,25.0784
12.6586,46.4096,12.7781,46.4096
12.6586,47.5698,12.5993,46.7190
12.6586,47.5698,16.6421,48.6527
12.6707,44.9486,17.3099,44.5876
12.6827,45.0603,17.2979,44.7079
12.6827,46.7190,12.6586,46.4096
12.6947,45.2064,12.6827,45.0603
-1.2702,-28.7258,-2.0223,-30.8847
12.7068,41.7343,12.4326,41.7600
12.7188,41.8890,17.0598,41.5710
12.7308,-37.0615,12.0270,-36.8105
12.7308,-37.0615,12.8374,-36.7512
12.7308,42.1210,12.7188,41.8890
-12.7317,10.7928,-12.6483,6.4398
-12.7317,10.7928,-12.7317,10.9716
12.7540,6.7500,12.1464,11.4004
12.7781,24.2911,16.0457,24.0402
12.7901,25.0784,12.8735,26.1509
12.7901,54.1875,12.7068,54.4969
12.8022,24.9228,12.7661,24.4699
12.8142,-43.9181,12.7661,-44.0496
1.2814,42.1038,1.2814,42.2499
1.2814,42.2499,1.7825,42.2155
12.8374,47.1831,12.7781,46.4096
12.8374,47.1831,13.2792,47.3034
-12.8503,10.7928,-12.7790,6.4398
-12.8503,47.2261,-11.6935,42.9547
-12.8503,47.6730,-11.6815,47.9824
-12.8503,47.6730,-13.6143,47.3034
-12.8503,47.6730,-15.7604,46.8737
12.8615,6.8815,12.2891,11.2217
12.8615,6.8815,13.0050,6.8815
12.9216,-43.9783,12.9689,-43.8468
12.9337,24.9108,12.8022,24.9228
12.9689,-43.8468,11.8121,-43.4531
-12.9698,47.1831,-11.8130,42.9203
13.0050,6.7621,12.7540,6.7500
13.0050,6.7621,13.0050,6.8815
13.0402,-49.2484,14.3165,-49.5109
1.3055,6.5592,1.3055,6.6787
1.3055,6.6787,2.9865,6.7019
13.0643,1.6699,13.0884,1.5152
13.0643,1.6699,13.4107,1.7060
-13.0772,42.4562,-13.1133,42.5679
13.0884,1.5152,13.9951,1.6338
13.1051,1.3609,13.0792,1.5166
-13.1133,42.5679,-16.0826,41.7600
13.1356,3.7566,13.2912,3.7807
13.1356,3.7566,13.4107,1.7060
13.1356,-48.8310,13.0643,-49.1412
13.1356,-48.8310,13.8756,-48.9862
1.3175,-31.5044,1.2101,-31.5164
1.3175,-31.5044,1.3528,-31.8387
13.2199,-13.6650,13.2998,-13.8593
13.2792,47.3034,13.1958,47.5956
13.2912,3.7807,13.5413,1.8847
1.3295,-27.5690,0.9359,-28.7018
1.3295,-56.0098,0.5423,-55.6877
1.3295,-56.0098,-1.6166,-55.3658
1.3295,-56.0098,3.1180,-56.3913
13.2998,-13.4717,13.2199,-13.6650
13.2998,-13.8593,13.4940,-13.9392
13.3264,-4.4476,13.3505,-4.6384
13.3505,-4.6384,13.7201,-4.5903
-13.3634,-0.1186,-13.2207,-2.9333
-13.3754,-0.1186,-13.2439,-2.9453
13.4940,-13.3909,13.2998,-13.4717
13.4940,-13.9392,13.6874,-13.8593
13.5172,-41.8675,13.4700,-41.9861
-13.5181,47.0456,-11.5749,47.5698
-13.5181,47.0456,-15.6409,46.4698
1.3528,-31.8387,1.1027,-31.8619
13.5376,1.3955,13.1051,1.3609
13.5413,1.8847,14.4239,2.0033
13.5515,1.3870,13.9580,-1.3114
13.5533,-42.1416,13.5894,-42.0222
-13.5662,47.2347,-13.5181,47.0456
13.6014,4.8060,13.6014,4.9615
13.6014,4.9615,20.4701,5.0801
13.6487,49.8302,15.2705,50.2771
13.6874,-13.4717,13.4940,-13.3909
13.6874,-13.8593,13.7682,-13.6650
13.6968,-4.3995,14.4953,-4.2920
13.7201,-4.5903,13.6968,-4.3995
13.7682,-13.6650,13.6874,-13.4717
13.8395,-44.2876,12.9216,-43.9783
13.8756,-44.1802,13.8395,-44.2876
13.8756,-48.9862,13.9469,-48.6404
-1.3897,-28.6906,-1.2702,-28.7258
13.9469,-48.6404,14.3285,-48.7119
13.9580,-1.3114,12.1418,-1.4931
-13.9598,26.6761,-11.9204,26.5214
13.9710,-44.1923,14.5786,-44.4071
-14.0432,10.4224,-14.3294,10.4224
-14.0552,10.7799,-12.7317,10.7928
-14.0552,10.7799,-14.0432,10.4224
14.1137,-44.5145,12.7661,-44.0496
14.1137,-44.5145,13.2199,-48.8431
-1.4138,-28.7619,-1.6286,-28.6906
14.2091,6.7741,14.2091,6.8927
14.2091,6.8927,15.6400,6.9288
14.2572,-44.4191,13.3385,-48.8669
14.2572,-44.4191,14.5434,-44.5145
14.2572,-49.0576,14.3999,-49.0934
14.3045,-0.0713,14.1016,1.5152
14.3045,-0.0713,18.8363,0.5251
14.3285,-0.1899,18.7890,0.3945
14.3285,-48.7119,14.2572,-49.0576
-14.3294,10.4224,-14.3294,10.7687
1.4370,11.0429,1.9251,11.0549
1.4370,11.2096,1.4370,11.0429
14.3878,11.2578,14.3878,11.5792
14.3878,11.6866,15.7122,11.7107
14.3999,10.9114,14.3878,11.2578
14.3999,-1.4662,13.9951,1.6338
14.3999,-49.0934,14.3406,-49.4034
14.4239,2.0033,14.4721,1.5625
14.4360,-1.7283,14.7462,-4.1012
14.4600,-1.2634,14.3285,-0.1899
14.4721,1.5625,14.1016,1.5152
14.4721,-42.4399,14.5193,-42.3324
-1.4499,45.6103,-1.4851,45.7220
14.5073,55.0899,12.6707,54.6000
14.5073,55.0899,14.5554,54.9266
14.5073,55.0899,15.8317,55.4509
14.5193,-42.3324,13.5894,-42.0222
14.5193,-4.4949,14.4953,-4.2920
14.5554,-42.4871,15.6882,-42.8807
14.5786,-44.4071,14.5434,-44.5145
14.6027,54.8751,14.6508,54.6860
14.6268,-42.3797,14.6740,-42.2602
14.6268,-42.3797,15.4613,-42.6779
14.6268,54.6774,15.9503,55.0469
14.6508,54.6860,12.7901,54.1875
-14.6637,-20.8680,-10.9905,-21.2496
-14.6637,-20.8680,-14.7711,-20.0687
14.6740,10.9114,14.3999,10.9114
14.6740,11.2689,14.6740,10.9114
14.6740,-42.2602,13.5172,-41.8675
14.7462,-4.1012,8.3658,-4.9366
-14.7471,26.7354,-13.9598,26.6761
-14.7711,26.5686,-14.7471,26.7354
14.8055,-4.4476,14.5193,-4.4949
14.8055,-4.4476,15.1991,-7.5355
14.8176,-37.7766,12.7308,-37.0615
14.8176,-37.7766,17.4053,-38.6592
14.8416,-1.2874,14.4721,-1.3347
14.8416,-1.2874,14.8889,-1.6209
-1.4851,45.7220,-1.3304,45.7650
14.8889,-1.6209,17.9657,-1.2161
14.8889,-37.5858,14.8176,-37.7766
-14.8897,-20.8078,-14.9499,-20.3068
14.9130,-1.2041,14.4600,-1.2634
14.9130,-1.2041,14.9490,-1.5375
14.9490,-1.5375,17.9064,-1.1439
-14.9619,-20.0928,-14.7711,-20.0687
1.4963,-15.7165,1.4842,-15.8592
-1.4971,-15.3942,-2.3677,-15.2988
-15.0453,-21.0468,-6.8635,-21.8933
-15.0805,-20.8319,-14.8897,-20.8078
-15.0805,-20.8319,-15.0453,-21.0468
-1.5092,4.5920,4.2989,4.6865
-15.0926,-19.1027,-14.9619,-20.0928
-15.1407,-20.3308,-14.9499,-20.3068
15.1510,31.6101,16.4513,31.5156
15.1871,32.0312,15.1510,31.6101
15.1991,-7.5355,11.6213,-8.0005
1.5203,-26.6752,1.6157,-26.3770
-1.5212,-15.5378,-1.4971,-15.3942
-1.5212,-15.5378,-2.4150,-15.4544
-1.5212,-50.6079,0.9712,-51.1445
-1.5212,-50.6079,-1.5453,-50.7271
-1.5212,-54.9484,-1.5925,-55.2585
15.2232,-7.6550,12.2057,-8.0486
15.2705,50.2771,15.3066,50.1567
-15.2713,-19.3296,-16.2734,-19.4602
-15.2954,-19.1388,-15.0926,-19.1027
-15.2954,-19.1508,-15.1407,-20.3308
15.3066,50.1567,10.5960,48.8762
-1.5332,-29.1074,-5.8502,-29.6798
15.3538,-8.7284,15.2232,-7.6550
15.3659,-8.2154,14.4721,-1.3347
15.3779,24.5533,15.4475,24.3848
15.4140,54.8922,16.5708,50.6208
-15.4389,10.7567,-14.3294,10.7687
-15.4389,10.9234,-15.4389,10.7567
15.4475,24.3848,15.6168,24.3152
15.4475,24.7217,15.3779,24.5533
-1.5453,-50.7271,-1.3536,-50.7630
15.4613,-42.6779,16.9043,-38.4804
-15.4742,-19.1740,-16.4402,-19.3055
15.5335,54.9266,16.6903,50.6552
15.5687,11.2810,15.6400,6.9288
15.5807,-42.7140,15.7243,-42.7613
-15.5816,-12.5684,-15.6624,-12.3742
15.6168,24.3152,15.7853,24.3848
15.6168,24.7922,15.4475,24.7217
-15.6177,-0.7623,-15.7483,4.4605
-15.6409,46.4698,-15.7251,46.7792
-15.6624,-12.3742,-15.8558,-12.2934
-15.6624,-12.7618,-15.5816,-12.5684
15.6761,-44.9082,15.7122,-44.7887
-15.6770,-16.2648,-12.2066,-16.6224
15.6882,11.2810,14.6740,11.2689
15.6882,11.2810,15.7715,6.9288
15.6882,11.2810,17.6202,11.3171
15.6882,11.4718,15.6882,11.2810
15.6882,-42.8807,15.7243,-42.7613
-15.6890,-16.1454,-15.6770,-16.2648
-15.6890,-16.1815,-15.2713,-19.3296
15.7122,11.7107,15.7122,11.5440
15.7122,11.7107,17.6202,11.7468
15.7122,-44.7887,19.0872,-45.9455
15.7243,-37.6219,12.8735,-36.6438
15.7243,-37.6219,14.8889,-37.5024
15.7243,-37.6219,18.0018,-38.4091
-15.7251,6.2730,-15.7251,6.3925
-15.7251,6.3925,-12.7790,6.4398
-15.7483,-0.6437,-18.8853,-0.6910
-15.7483,4.4605,-18.4796,4.4244
15.7715,6.9288,15.9151,6.9288
15.7853,24.3848,15.8549,24.5533
15.7853,24.7217,15.6168,24.7922
-1.5805,-1.9673,-1.1516,-1.9080
-1.5805,-1.9673,-1.8908,0.3584
-15.8205,39.7318,-12.0158,40.7717
15.8549,24.5533,15.7853,24.7217
-15.8558,-12.2934,-16.0500,-12.3742
-15.8558,-12.8426,-15.6624,-12.7618
-15.8678,-16.2055,-15.4742,-19.1740
-15.8678,4.3410,-15.7483,-0.6437
-15.8678,4.3410,-18.4796,4.2929
15.8790,24.2430,16.2124,28.6081
15.9151,6.8093,14.2091,6.7741
15.9151,6.8093,15.9151,6.9288
-15.9391,38.1332,-15.8205,39.7318
15.9503,55.0469,15.8669,55.3563
16.0337,-8.6330,15.3538,-8.7284
16.0337,-8.6330,18.5381,-0.8938
16.0457,24.0402,16.3800,28.4173
-16.0500,-12.3742,-16.1299,-12.5684
-16.0500,-12.7618,-15.8558,-12.8426
-16.0947,36.9558,-12.3260,36.6722
-16.0947,36.9558,-16.1067,36.8355
-16.1067,36.8355,-12.3381,36.5519
-16.1187,-12.8898,-16.2494,-11.8645
16.1291,-8.1079,15.3659,-8.2154
-16.1299,-12.5684,-16.0500,-12.7618
-16.1299,35.6409,-16.3095,33.3462
1.6157,-26.3770,1.7352,-26.4131
-1.6166,-2.3488,-0.5672,-10.3622
-1.6166,-2.3488,-2.2964,-2.4442
16.2124,28.6081,22.9031,28.1070
1.6278,-26.7104,1.5203,-26.6752
-1.6286,-2.2534,-2.2603,-2.3368
-1.6286,-28.6906,-6.2438,-29.2862
-1.6286,4.5791,-1.8194,2.7193
-16.2975,-12.9139,-16.4281,-11.8766
-16.3095,33.3462,-12.6002,33.0539
-16.3095,41.5710,-13.0772,42.4562
-16.3095,41.5710,-16.3448,41.6913
16.3319,32.0656,11.7167,32.4266
16.3319,32.0656,16.4634,33.7587
-16.3448,41.6913,-16.2021,41.7257
16.3800,28.4173,16.5588,28.4053
-16.4049,39.7060,-11.8843,40.9350
16.4273,50.5865,16.5708,50.6208
-16.4402,-10.3743,-16.4049,-10.6957
-16.4402,39.3622,-20.0893,38.3739
16.4513,31.5156,16.6181,33.7501
-16.4522,39.1388,-19.9707,38.1848
16.4634,33.7587,16.6181,33.7501
16.4634,50.4661,16.4273,50.5865
16.4634,50.4661,18.2166,50.9388
-16.4642,26.8669,-16.4763,26.6881
1.6510,-15.7165,1.6750,-15.5850
1.6510,-40.1022,1.6871,-39.9827
16.5106,39.2419,16.5347,39.5685
-16.5115,-10.1001,-16.4402,-10.3743
16.5227,-49.7256,16.5588,-49.5347
-16.5235,38.1848,-15.9391,38.1332
-16.5235,38.1848,-16.4049,39.7060
16.5347,39.5685,16.9043,39.5427
-16.5356,44.3727,-16.7745,44.3126
16.5588,28.4053,19.0872,28.2145
16.5588,-49.5347,14.3999,-49.0934
16.5588,-49.5347,17.5841,-49.7493
16.5828,35.2885,16.5949,35.4862
-16.5837,31.3179,-16.8940,27.2485
16.5949,35.4862,16.7496,35.4776
-16.6189,-10.4095,-16.5837,-10.7198
1.6630,-26.6150,1.6278,-26.7104
1.6630,-26.6150,4.8954,-27.7246
-1.6639,10.9827,-0.1255,11.0068
-16.6671,44.8368,-16.5356,44.3727
16.6782,34.9361,16.6060,35.1510
16.6782,48.5324,13.1958,47.5956
16.6782,48.5324,16.7496,48.2488
-16.6911,-10.1353,-16.6189,-10.4095
16.7014,34.9361,16.7496,35.4776
16.7135,36.9816,16.8089,38.3051
-16.7143,31.3179,-17.0126,27.2605
-16.7143,35.6924,-16.1299,35.6409
-16.7143,35.6924,-16.8940,33.2602
-16.7745,44.3126,-16.0826,41.7600
16.8089,36.6808,16.7135,36.9816
16.8209,38.4254,16.8811,39.2075
16.8209,-43.2623,16.8570,-43.1549
16.8450,36.6722,17.0951,40.0154
16.8570,-43.1549,18.4195,-43.6800
1.6871,25.4832,1.6750,25.3164
1.6871,-39.9827,-0.5071,-39.2316
16.8811,39.2075,16.5106,39.2419
-16.8940,27.2485,-16.9292,26.9021
-16.8940,33.2602,-12.4928,32.9250
-16.8940,44.7681,-16.6671,44.8368
16.9043,39.5427,16.9404,40.0326
16.9043,48.7215,16.6421,48.6527
16.9043,48.7215,16.9283,48.6098
16.9283,48.6098,17.1905,48.6785
-16.9292,26.9021,-16.4642,26.8669
-16.9292,6.2490,-16.9292,6.3684
-16.9292,6.2490,-18.9566,6.2137
16.9404,40.0326,17.0951,40.0154
17.0117,-38.5286,15.5807,-42.7140
17.0598,41.5710,17.1793,43.1695
17.0719,41.4421,12.7068,41.7686
-17.0847,6.3684,-16.9292,6.3684
17.1191,6.8214,17.1191,6.9528
17.1191,6.9528,18.8010,6.9761
-1.7120,11.1624,-1.7120,10.9827
17.1552,41.2100,17.0719,41.4421
-17.1561,10.7206,-17.0847,6.3684
-17.1561,10.7206,-17.1561,10.8994
17.1793,41.2100,17.3340,43.1523
17.1905,48.6785,17.1552,48.7816
17.2145,43.1695,17.3340,43.1523
-17.2274,27.2725,-16.8940,27.2485
-17.2394,46.0314,-16.8940,44.7681
-17.2515,26.9262,-17.2274,27.2725
17.2627,-50.1190,14.3165,-49.5109
17.2627,-50.1190,16.4754,-49.8089
17.2627,-50.1190,18.5501,-50.3812
-17.2635,-28.0228,-16.2734,-19.4602
-17.2755,10.7206,-17.2034,6.3684
17.2859,-38.9935,17.6563,-39.1130
17.2979,44.7079,17.3460,45.4470
17.3460,45.4470,17.5007,45.4298
-17.3589,45.9971,-16.2021,41.7257
17.3813,48.8590,17.1552,48.7816
17.3933,44.3641,17.3099,44.5876
17.4053,-38.6592,17.2859,-38.9935
17.4174,44.3641,17.5007,45.4298
17.4655,46.9339,17.5841,48.4722
-17.4663,-28.2016,-16.4402,-19.3055
-1.7472,32.5984,-1.7593,32.4437
-1.7472,32.5984,-2.9994,32.7016
-17.4775,41.2616,-17.5016,41.3819
-17.5016,41.3819,-20.4709,40.5654
17.5609,46.6416,17.4655,46.9339
17.5841,48.4722,16.7496,48.2488
17.5961,11.3171,19.4688,11.3523
17.5961,46.6245,17.7749,48.9965
17.6202,11.3171,17.6202,11.6394
17.6202,11.7468,19.4568,11.7820
17.6563,-39.1130,17.7628,-38.7787
17.6563,-49.4034,17.5841,-49.7493
17.6683,55.9493,15.8317,55.4509
17.6683,55.9493,17.7156,55.7861
17.6683,55.9493,18.6335,56.2158
17.7628,-38.7787,17.8703,-38.8139
17.7628,48.8160,18.7649,49.0910
17.7628,55.7345,17.8110,55.5454
17.7749,48.9965,17.3813,48.8934
17.7749,48.9965,18.7409,49.2629
17.7869,-9.5630,17.8471,-9.3842
17.8110,55.5454,15.9503,55.0469
17.8110,55.5454,17.9897,55.5970
1.7825,46.4869,-1.4499,45.6103
1.7825,46.4869,1.7584,46.5987
17.8471,-9.3842,17.9657,-9.4323
17.8703,-38.8139,17.9657,-38.5165
17.9064,-1.1439,18.0379,-0.7744
17.9184,-9.5750,17.9657,-9.4323
17.9657,-1.2161,18.0851,-0.8818
17.9657,-49.8209,18.0379,-49.4750
17.9657,-49.8209,18.6102,-49.9521
17.9777,-49.4750,18.6335,-46.3030
17.9897,55.5970,18.0731,55.2790
18.0379,-0.7744,18.3954,-0.8938
-18.0387,46.2549,-15.7604,46.8737
-18.0387,46.2549,-18.8019,45.9025
-18.0387,46.2549,-20.9479,45.4728
1.8065,40.8662,1.6750,40.8748
1.8065,40.8662,1.7704,40.4107
18.0731,55.2790,18.4074,55.3821
-1.8074,50.6724,-0.9729,50.7412
-1.8074,50.6724,1.0906,51.4545
18.0851,-0.8818,18.4195,-0.9892
18.1805,51.0592,16.6903,50.6552
-1.8194,1.6226,-1.5092,4.5920
-1.8194,1.6226,-1.9621,1.6338
-1.8194,2.7193,-8.1277,3.4111
18.2166,50.9388,18.1805,51.0592
18.2166,-8.2515,19.3373,-4.7810
-18.2295,-3.3028,-18.1101,-3.7678
18.2880,-13.3668,17.7869,-9.5630
18.3352,-8.2876,18.2166,-8.2515
18.3593,-46.2437,17.7035,-49.4153
18.3713,-13.3316,18.3954,-13.5817
18.3834,-13.1520,17.9184,-9.5750
18.3954,-13.5817,18.5149,-13.5697
18.3954,-45.8381,15.6761,-44.9082
18.3954,-45.8381,18.3120,-46.2317
-18.3962,27.0095,-17.2515,26.9262
18.4074,55.3821,19.4809,51.4201
-18.4083,-3.3381,-18.2888,-3.8159
18.4195,-0.9892,16.1291,-8.1079
-1.8426,32.1258,-1.8074,32.6156
-1.8426,6.4991,-1.8426,6.6306
-1.8426,6.6306,-0.1736,6.6546
18.4315,-13.1520,20.3394,-12.9019
18.4547,-13.3436,18.4315,-13.1520
-18.4796,4.4244,-18.4796,4.2929
18.5149,-13.5697,18.4908,-13.4029
18.5149,-13.5697,20.3987,-13.3316
18.5381,-0.8938,18.4074,-0.8465
18.5381,-43.7273,18.6816,-43.7754
1.8538,43.2039,1.9733,44.6735
18.5501,-50.3812,18.5862,-50.2143
18.5501,-50.3812,20.7924,-50.8464
18.5742,-50.1427,18.6102,-49.9521
18.5742,-7.5476,18.3352,-8.2876
18.6102,-49.9521,20.8757,-50.4290
18.6102,-7.4290,23.1773,-8.9072
18.6335,-43.8940,16.8209,-43.2623
18.6335,-43.8940,18.6816,-43.7754
18.6335,56.2158,19.8977,51.5147
18.6695,0.0120,18.7890,0.3945
18.6936,-46.3151,18.7649,-45.9696
-18.7065,45.6361,-15.6409,46.4698
-18.7065,45.6361,-20.8293,45.0517
18.7177,11.3291,18.8010,6.9761
-18.7538,-1.2041,-21.7953,10.8160
-18.7538,45.8252,-18.7065,45.6361
18.7649,-45.9696,19.0391,-46.0650
18.7649,49.0910,18.7409,49.2457
-18.7778,1.1336,-18.8543,1.3192
18.8131,-0.0352,18.6695,0.0120
18.8363,0.5251,18.8724,0.6325
18.8483,11.3411,18.9196,6.9761
-18.8543,0.9480,-18.7778,1.1336
-18.8543,1.3192,-19.0400,1.3957
-18.8612,-0.8104,-15.6177,-0.7623
18.8724,49.1168,18.7649,49.0910
-18.8853,-0.6910,-18.8612,-0.8104
-1.8908,0.3584,6.6486,1.1336
18.9196,6.9761,19.0632,6.9761
-18.9325,-1.2402,-22.0214,10.9948
-18.9566,6.2137,-18.9566,6.3323
-18.9566,6.3323,-17.2034,6.3684
19.0159,0.5844,18.8131,-0.0352
19.0159,0.5844,18.8724,0.6325
1.9019,51.2310,3.0587,46.9596
19.0391,4.9014,13.6014,4.8060
-19.0400,0.8706,-18.8543,0.9480
-19.0400,1.3957,-19.2256,1.3192
19.0511,4.4003,19.0391,4.9014
19.0752,6.8574,17.1191,6.8214
19.0752,6.8574,19.0632,6.9761
19.0872,28.2145,20.4228,28.1070
19.0872,-45.9455,19.0391,-46.0650
-19.1354,27.0697,-18.3962,27.0095
1.9140,42.1984,1.9140,42.3015
1.9140,42.1984,3.1662,42.1038
1.9140,42.3015,1.7945,42.3101
-1.9148,0.7279,-2.0575,0.7400
-19.1594,26.9021,-19.1835,26.6400
-19.2256,0.9480,-19.0400,0.8706
-19.2256,1.3192,-19.3030,1.1336
1.9251,11.0549,1.9372,10.6966
19.2901,1.4430,19.1465,1.4911
-19.3030,1.1336,-19.2256,0.9480
19.3373,-4.7810,19.4448,-4.8171
19.3373,51.3685,19.4809,51.4201
1.9372,10.6966,2.3188,10.7086
19.3734,51.2568,19.3373,51.3685
19.3734,51.2568,20.0051,51.4287
-1.9380,0.4297,-1.9148,0.7279
-1.9380,0.4297,5.4076,1.0975
19.4448,-4.8171,18.6102,-7.4290
19.4688,11.3523,19.4568,11.6746
-19.5058,10.6854,-17.1561,10.7206
19.5161,4.9134,19.5281,4.4123
19.5161,4.9134,20.2561,4.9254
-19.5170,10.8521,-19.5170,10.6854
19.5281,4.4123,19.0511,4.4003
-1.9621,0.3584,-1.6286,-2.2534
-1.9621,1.6338,-1.8667,2.5646
-1.9621,4.5791,-1.6286,4.5791
-1.9621,4.5791,-1.9621,4.6985
-1.9621,4.6985,4.2989,4.8060
-19.6725,4.2817,-20.1375,4.2697
-19.6725,4.4003,-19.6725,4.2817
-19.6725,4.4003,-20.1736,4.3891
19.6949,-39.4464,17.8703,-38.8139
19.6949,-39.4464,20.2561,-39.6372
19.7069,-3.6363,19.8143,-3.6844
19.7069,-3.6363,20.6256,-0.7744
1.9733,44.6735,6.9700,46.0314
19.7550,-39.2556,19.6949,-39.4464
19.7791,-44.2756,22.9392,-45.3611
19.8023,-39.0288,18.0018,-38.4091
19.8023,-39.0288,19.7430,-39.1963
19.8023,-39.0288,20.3987,-39.2316
19.8143,-3.6844,19.8624,-3.5409
19.8143,-44.1682,19.7791,-44.2756
19.8504,-39.4937,18.4195,-43.6800
19.8504,51.6951,21.2934,52.0905
1.9853,43.1953,1.8538,43.2039
19.8624,-3.5409,24.4295,-5.0079
19.8977,-3.4223,24.4656,-4.8885
19.8977,51.5147,21.3407,51.9100
19.9097,49.5723,20.3635,49.7012
19.9217,49.5637,19.7911,49.5208
-19.9226,26.6881,-19.1835,26.6400
-19.9226,26.6881,-22.9642,26.9262
19.9338,49.4004,19.9217,49.5637
19.9338,49.4004,20.2079,49.4864
19.9699,-39.5418,18.5381,-43.7273
19.9699,51.5404,20.0051,51.4287
-19.9707,38.1848,-21.6638,36.4745
-20.0893,38.3739,-21.7713,36.6722
2.0094,-25.2322,2.1280,-25.2795
2.0094,-42.1769,2.1048,-46.9949
20.1246,4.4244,20.2079,4.6753
-20.1375,4.2697,-20.1736,4.3891
-20.1615,6.1897,-20.1615,6.3083
-20.1615,6.1897,-20.6265,6.1897
20.1839,-46.4466,22.2715,-47.1736
20.2079,4.6753,20.3274,4.6392
20.2079,49.4864,22.2113,31.6359
2.0214,51.2568,3.1782,46.9854
20.2200,-46.3391,20.1839,-46.4466
20.2200,-46.3391,22.4743,-47.1023
-2.0223,-30.8847,-2.1409,-30.8486
20.2440,4.3891,19.2901,1.4430
20.2440,4.3891,20.1246,4.4244
20.2561,-39.6372,20.3635,-39.3270
20.2561,4.9254,19.1465,1.4911
20.2681,6.8815,20.2681,7.0001
20.2681,7.0001,21.1980,7.0121
2.0326,43.7969,1.9853,43.1953
2.0326,43.7969,2.3308,43.7797
20.3394,-12.9019,20.3867,-13.2242
20.3635,49.7012,22.4021,31.4468
20.3987,-13.3316,22.2715,-13.0806
20.4701,28.1070,20.8757,28.0709
20.4701,5.0801,20.3274,4.6392
-2.0575,-36.7160,-2.1890,-37.9441
20.6256,-0.7744,20.7451,-0.8104
-20.6265,6.1897,-20.6506,6.3083
-20.6506,6.3083,-20.1615,6.3083
-20.6858,27.1891,-19.1354,27.0697
-20.6858,27.1891,-22.3196,27.3078
2.0687,-1.9913,2.1400,-2.5869
-20.6978,26.9863,-20.6858,27.1891
-20.7099,40.3764,-17.4775,41.2616
-20.7099,40.3764,-20.7339,40.4967
-20.7339,26.9021,-19.9226,26.6881
-20.7339,40.4967,-20.5904,40.5310
20.7451,-0.8104,19.8977,-3.4223
20.7924,-50.8464,21.6870,-51.0371
-20.8293,45.0517,-20.9127,45.3697
20.8757,-50.4290,20.8164,-50.7390
20.8757,-50.4290,21.0545,-50.4649
20.9239,28.0709,22.7364,27.9403
20.9952,0.3704,21.1146,0.3223
20.9952,0.3704,21.9251,3.2323
21.0545,-50.4649,21.1499,-50.1071
-2.1056,-54.8174,-1.2350,-50.7867
21.1146,0.3223,21.1619,0.4658
21.1146,53.7492,21.2934,52.0905
21.1499,-50.1071,21.4601,-50.1905
21.1619,0.4658,25.7178,-1.0012
-21.1628,10.5178,-21.2333,10.6862
2.1168,-51.5141,2.5697,-51.6095
21.1980,0.5844,25.7539,-0.8818
21.1980,7.0121,22.6169,11.4004
-21.2333,10.3493,-21.1628,10.5178
-21.2333,10.6862,-21.4017,10.7567
21.2693,51.8842,21.3054,51.7811
21.2814,6.8927,20.2681,6.8815
21.2814,6.8927,22.7957,11.5792
-2.1288,30.3381,-2.1409,30.2178
21.2934,52.0905,21.3407,51.9100
21.3054,51.7811,21.6870,51.8842
21.3527,11.8061,19.4568,11.7820
21.3527,11.8061,21.3647,11.6394
21.3647,-12.4128,21.4129,-12.7592
21.3888,11.3764,19.4688,11.3523
21.3888,11.5792,21.3888,11.3764
2.1400,-2.5869,2.2595,-2.5637
2.1400,-51.3948,2.1168,-51.5141
2.1400,-51.3948,2.5697,-51.4902
-21.4017,10.2797,-21.2333,10.3493
-21.4017,10.7567,-21.5701,10.6862
-2.1409,-30.8486,-1.5332,-29.1074
21.4129,-12.7592,20.3394,-12.9019
21.4249,11.0309,21.4249,11.3764
21.4601,-50.1905,21.9612,-48.3304
-21.5701,10.3493,-21.4017,10.2797
-21.5701,10.6862,-21.6398,10.5178
-21.6286,44.8368,-20.4709,40.5654
21.6389,-12.3776,21.3647,-12.4128
-21.6398,10.5178,-21.5701,10.3493
21.6509,-50.2502,21.4601,-50.1905
-21.6638,36.4745,-25.0390,35.5635
21.6870,-12.7231,21.6389,-12.3776
21.6870,51.8842,21.7584,51.1795
21.6991,11.3884,21.7111,11.0309
21.6991,11.3884,22.6169,11.4004
21.7111,11.0309,21.4249,11.0309
-21.7472,44.8110,-20.5904,40.5310
21.7584,51.1795,21.8778,51.1967
-21.7713,36.6722,-25.0987,35.7612
-21.7953,10.8160,9.3790,11.3523
21.8065,51.9186,21.6630,53.1218
-21.8667,40.0670,-21.8907,40.1873
21.8778,51.1967,21.8065,51.9186
21.8899,49.9849,22.0205,50.0020
21.8899,49.9849,22.1159,48.0425
21.8899,-50.2740,21.6870,-51.0371
21.8899,-50.2740,21.7111,-50.2383
21.8899,-50.2740,22.3789,-48.4375
-2.1890,-36.7994,-2.3084,-37.9321
-2.1890,-37.9441,-2.3084,-37.9321
-21.8907,40.1873,-25.8261,39.1130
21.9251,3.2323,22.0325,3.1962
21.9251,53.5171,21.9612,53.1648
21.9251,53.5171,22.8198,53.7578
21.9492,-12.6870,21.6870,-12.7231
21.9612,-48.3304,22.2715,-47.1736
21.9612,-48.3304,22.2715,-48.4138
21.9612,53.1648,21.6630,53.1218
-22.0093,31.8421,-16.4281,31.4210
-22.0093,31.8421,-22.0214,31.7218
-22.0214,10.9948,9.2123,11.5319
-22.0214,31.7218,-16.4402,31.3007
22.0325,3.1962,21.1980,0.5844
22.0325,49.8473,22.0205,50.0020
22.0325,49.8473,26.4337,50.3458
22.0446,49.7270,26.4457,50.2169
22.1159,48.0425,22.2354,48.0597
2.2122,-50.5005,2.2002,-49.9878
22.2113,31.6359,16.4874,32.0656
22.2354,48.0597,22.0446,49.7270
-2.2242,-54.7934,-1.3536,-50.7630
22.2474,46.8565,22.3668,46.8651
22.2474,46.8565,22.4622,44.9056
22.2715,-13.0806,22.6049,-12.0794
22.2835,4.3771,22.4021,4.3410
22.2835,4.3771,23.2134,7.2390
-22.2843,27.4513,-22.3540,27.6197
22.3428,-40.3523,20.2561,-39.6372
22.3428,-40.3523,23.6663,-40.8061
-22.3540,27.2828,-22.2843,27.4513
-22.3540,27.6197,-22.5224,27.6893
2.2354,-31.3849,2.2715,-31.7192
22.3789,46.7190,22.3668,46.8651
22.3789,46.7190,26.7792,47.2089
22.3909,46.5987,26.7912,47.0886
22.4021,31.4468,16.4754,31.9023
22.4021,-40.1735,22.3428,-40.3523
22.4021,4.3410,22.4502,4.4845
22.4382,-11.1727,21.9492,-12.6870
22.4382,-11.1727,23.1180,-9.0739
22.4382,46.2549,22.3909,46.5987
22.4502,4.4845,27.0181,3.0055
22.4502,-47.1857,22.7003,-47.2570
22.4622,44.9056,22.5817,44.9314
22.4743,-47.1023,22.9392,-45.3611
22.4863,45.8166,22.7484,45.8510
22.4863,4.5920,27.0534,3.1249
-22.5224,27.2124,-22.3540,27.2828
-22.5224,27.6893,-22.6909,27.6197
22.5817,44.9314,22.4863,45.8166
22.5929,43.7196,22.7123,43.7367
22.5929,43.7196,22.8077,41.7858
-2.2603,-2.3368,-1.9741,0.3584
22.6049,-12.0794,22.7123,-11.2328
22.6049,-12.0794,23.5237,-9.2054
22.6169,-11.2328,22.4382,-11.1727
22.6410,-47.1616,23.1180,-45.4084
-22.6909,27.2828,-22.5224,27.2124
-22.6909,27.6197,-22.7613,27.4513
22.7003,46.2893,22.4382,46.2549
22.7003,-47.2570,22.3789,-48.4375
-22.7012,27.6300,-23.0475,28.8943
22.7123,11.5792,22.7123,11.8302
22.7123,11.8302,21.3527,11.8061
22.7123,54.1703,21.1146,53.7492
22.7364,27.9403,23.4403,21.6561
22.7364,43.5821,22.7123,43.7282
22.7364,43.5821,27.1247,44.0719
22.7484,43.4617,27.1488,43.9516
22.7484,45.8510,22.7003,46.2893
-22.7613,27.4513,-22.6909,27.2828
22.7957,11.5792,24.6805,11.6033
22.7957,11.7580,24.6805,11.7941
22.8077,41.7858,22.9392,41.7944
22.8077,-45.1944,19.8143,-44.1682
22.8077,-45.1944,23.1541,-43.9422
22.8198,53.7578,22.7364,54.0672
22.9031,28.1070,23.6190,21.6793
22.9392,41.7944,22.7484,43.4617
22.9513,40.5912,23.0699,40.5998
22.9513,40.5912,23.1661,38.6575
2.2956,-42.1416,2.0094,-42.1769
2.2956,-42.1416,2.6410,-40.4357
2.2956,51.7811,2.3428,51.6092
2.2956,51.7811,4.1322,52.2796
22.9633,-45.2898,23.2134,-45.3491
-22.9642,26.9262,-23.4652,28.7868
-23.0475,28.8943,-23.3578,28.8109
-23.0475,28.8943,-23.8582,31.8593
23.0699,40.5998,23.0819,40.4451
2.3076,11.0549,3.0347,11.0661
2.3076,-55.5089,2.6651,-55.4970
23.0819,40.4451,27.4831,40.9522
-2.3084,-39.1362,-2.4271,-39.1242
-2.3084,-39.1362,-2.5113,-41.0682
23.0939,40.3334,27.4951,40.8319
23.1180,-9.0739,23.4162,-9.1814
23.1180,-9.0739,23.5709,-7.6550
23.1300,-9.0146,18.5742,-7.5476
23.1541,-43.9422,23.7265,-41.8073
23.1661,38.6575,23.2727,38.6747
2.3188,10.7086,2.3076,11.0549
2.3188,-55.7832,2.3076,-55.5089
-23.2022,31.9367,-23.2143,31.8164
-23.2022,31.9367,-24.0729,31.9968
-2.3205,-31.7433,-3.7635,-35.9167
23.2134,-45.3491,23.3561,-44.8248
23.2134,7.2390,23.3329,7.2029
-23.2143,31.8164,-23.8582,31.8593
23.2375,39.0442,23.0939,40.3334
23.2375,-40.2096,20.3987,-39.2316
23.2375,-40.2096,22.4021,-40.0781
23.2375,-40.2096,24.4897,-40.6273
23.2375,-7.5476,23.5709,-7.6550
23.2615,38.7176,23.5830,38.7520
23.2968,37.4715,23.4162,37.4800
2.3308,43.7797,2.3428,43.9086
2.3308,51.5490,2.3789,51.3600
23.3329,28.0237,23.3088,28.1543
23.3329,-43.9894,23.1541,-43.9422
23.3329,7.2029,22.4863,4.5920
23.3561,21.6320,23.4042,21.2857
23.3561,-44.8248,23.4283,-43.9894
23.3561,-44.8248,24.1433,-41.9268
23.3561,-7.1900,23.2375,-7.5476
23.3681,28.1543,23.3801,28.0357
23.4162,37.4800,23.4403,37.3253
23.4403,37.3253,27.8286,37.8152
23.4523,37.2050,23.6311,35.5377
23.4523,37.2050,27.8406,37.6949
23.5116,35.5205,23.2968,37.4715
23.5116,35.5205,23.6311,35.5377
23.5237,-9.2054,23.8691,-8.1440
23.5357,39.0786,23.2375,39.0442
23.5709,-41.1636,23.6663,-40.8061
23.5830,38.7520,23.5357,39.0786
23.5830,8.3838,23.7024,8.3477
23.5830,8.3838,24.1674,10.1843
23.6070,21.7395,25.0380,21.8942
23.6190,21.6561,23.3561,21.6320
23.6431,34.3173,23.7737,34.3431
-2.3677,-15.2988,-2.3798,-15.4544
-2.3677,43.1180,-2.9281,35.7526
23.6904,33.9048,23.6431,34.3173
23.6904,33.9048,23.8219,33.9134
23.6904,-7.2975,23.3561,-7.1900
23.7024,-7.2494,24.3822,-5.1515
23.7024,8.3477,23.5830,8.3838
23.7024,8.3477,23.7505,8.4904
23.7265,-41.8073,23.8812,-41.2470
23.7265,-41.8073,24.0367,-41.8907
23.7505,8.4904,28.3056,7.0121
23.7858,34.1884,23.7737,34.3431
23.7858,34.1884,28.1861,34.6783
23.7858,8.5978,28.3417,7.1316
2.3789,51.3600,4.2508,51.8584
23.7978,34.0681,23.8219,33.9134
23.7978,34.0681,28.1981,34.5580
-2.3798,50.0708,-1.2230,45.7908
23.8339,32.7102,23.9525,32.7188
23.8339,32.7102,24.0247,30.9225
23.8691,-8.1440,23.9766,-7.3095
23.8691,-8.1440,24.7879,-5.2821
23.8812,-41.2470,23.5709,-41.1636
23.8932,-7.3095,23.7024,-7.2494
2.3910,29.8740,-0.6747,30.0975
23.9525,32.7188,24.1081,31.3007
-24.0013,33.7673,-24.1444,34.2743
24.0247,30.9225,25.3723,31.0772
2.4030,29.9944,2.3910,29.8740
2.4030,44.6563,5.2769,45.4298
-24.0610,31.9711,-25.4921,37.2308
-24.0969,34.1025,-16.8819,33.5524
24.1433,-41.9268,24.4897,-40.6273
-24.1444,34.2743,-16.8699,33.7243
24.1674,10.1843,24.2868,10.1482
24.2275,29.1805,24.3229,28.2617
-24.2400,31.9195,-25.6592,37.1535
-2.4271,-31.6952,-2.3205,-31.7433
-2.4271,-31.6952,-2.4752,-31.8387
-2.4271,-39.1242,-2.4631,-39.4344
24.2748,28.1311,24.2628,28.2617
24.2868,10.1482,23.7858,8.5978
-24.2996,31.8765,-23.4652,28.7868
-24.2996,31.8765,-24.0491,31.9367
24.3461,28.1431,24.4536,27.1049
24.3582,29.0730,24.5490,27.3318
24.3822,-5.1515,24.6925,-5.2460
24.3822,-5.1515,24.9787,-3.2908
24.4063,31.3351,24.1081,31.3007
24.4175,29.2037,24.2275,29.1805
24.4175,29.2037,24.4415,29.0730
24.4295,31.0858,24.4063,31.3351
24.4536,27.1049,31.0609,27.8449
2.4503,-28.0460,2.5096,-28.4998
24.5369,11.3291,24.6203,11.6033
24.5369,11.3291,24.6444,11.2930
24.5490,27.3318,25.7771,27.4633
-24.5619,33.8103,-24.0013,33.7673
2.4623,-47.0662,2.1048,-46.9949
24.6444,11.2930,24.6925,11.4365
-24.6931,34.2829,-24.5619,33.8103
24.7045,11.6033,24.7045,11.8654
24.7045,11.8654,25.5029,11.8774
-24.7050,34.3173,-24.1444,34.2743
-24.7409,44.4415,-20.9479,45.4728
-24.7409,44.4415,-25.5041,44.0891
-24.7409,44.4415,-27.5077,43.6938
-2.4752,-31.9221,-3.8589,-35.9167
-2.4752,-31.9221,-5.9576,-30.7292
24.7879,-5.2821,25.1454,-4.1966
-24.8602,36.9300,-24.9912,37.4199
2.4864,-48.2944,2.4623,-47.0662
24.8953,54.5227,24.9546,54.3250
24.9185,54.3250,25.6344,54.5227
24.9546,54.3250,22.8198,53.7578
24.9787,-3.2908,25.6585,-1.1920
-24.9912,37.4199,-25.5041,37.2738
-2.4992,50.0364,-1.3304,45.7650
25.0019,22.2164,25.0380,21.8942
2.5096,-28.4998,0.9359,-28.7018
2.5096,-40.3884,2.5457,-40.2689
-25.0987,35.7612,-25.0627,35.6666
-2.5113,-41.0682,-2.6299,-41.0562
25.1454,-4.1966,25.2528,-3.3501
25.1454,-4.1966,26.0633,-1.3347
25.1695,-3.3501,24.9787,-3.2908
2.5216,-4.4837,2.7004,-5.8184
2.5216,-46.6373,2.4382,-42.2130
2.5216,-46.6373,3.4403,-46.8273
25.3362,29.1805,25.3242,29.2991
-25.3371,37.3253,-25.7545,37.2050
-25.3371,37.3253,-26.5297,41.7171
25.3723,31.0772,25.3843,30.9655
-25.3730,36.7839,-24.8602,36.9300
25.3843,30.9655,25.5029,30.9913
25.3955,22.2637,25.0019,22.2164
-25.3967,43.8141,-20.8293,45.0517
-25.3967,43.8141,-26.9830,43.3844
25.4316,21.9423,25.3955,22.2637
25.4316,21.9423,25.6817,21.9655
-25.4564,44.0032,-25.3967,43.8141
2.5457,-28.1302,2.6058,-28.5350
2.5457,-40.2689,2.7957,-40.3523
2.5457,-50.4887,2.2122,-50.5005
25.5029,11.8774,26.3383,11.7468
25.5029,11.8774,28.5084,11.9367
-25.5041,37.2738,-25.3730,36.7839
25.5150,29.7795,25.6344,29.7967
25.5631,29.3231,25.3242,29.2991
25.5631,29.3231,25.5150,29.7795
25.5751,29.2037,25.3362,29.1805
25.6104,-0.2140,25.9447,-0.3214
25.6104,54.9610,22.7123,54.1703
25.6104,54.9610,24.8472,54.6000
25.6104,54.9610,26.3263,55.1501
25.6344,54.5227,25.6705,54.1961
25.6585,-1.1920,25.9447,-0.3214
25.6585,-1.1920,25.9679,-1.2995
25.6705,54.1961,25.9920,54.2305
25.6817,21.9655,25.7178,21.6561
2.5697,-5.8785,2.3789,-4.3642
25.7298,0.1556,25.6104,-0.2140
25.7298,21.5366,23.4042,21.2857
25.7771,27.4633,25.5751,29.2037
-25.7904,39.0098,-21.8667,40.0670
25.8966,27.4753,25.6344,29.7967
2.5938,-52.6828,2.5457,-50.4887
2.5938,-52.6828,2.9152,-52.6709
26.0633,0.0481,25.7298,0.1556
26.0633,0.0481,26.2541,0.6566
26.0633,-1.3347,26.4217,-0.2381
-2.6067,45.2923,-2.6419,45.4127
26.1114,53.1648,25.9920,54.2305
26.1114,53.1648,26.4337,53.1992
-26.1839,41.7944,-26.2912,42.1812
26.2541,0.6566,26.9348,2.7554
-26.2912,42.1812,-26.6250,42.0866
-2.6299,-41.0562,-2.4752,-39.5539
-2.6299,-42.2723,-2.7493,-42.2602
-2.6299,-42.2723,-2.8327,-44.2043
26.3142,11.4597,24.6925,11.4365
26.3142,11.4597,28.5204,11.4958
26.3142,11.6626,26.3142,11.4597
26.3263,51.2396,26.1114,53.1648
26.3263,51.2740,26.5523,49.2114
2.6410,-40.4357,2.5096,-40.3884
2.6410,-54.6146,2.5938,-52.6828
-2.6419,45.4127,-4.2637,44.9657
26.4217,-0.2381,26.5291,0.5964
26.4217,-0.2381,27.3396,2.6239
26.4457,0.5964,26.2541,0.6566
26.4810,46.6846,26.5291,46.3065
26.5171,51.2654,26.3263,51.2396
26.5291,46.3065,26.9700,46.3494
-26.5297,41.7171,-26.1839,41.7944
26.5403,53.2077,26.3263,55.1501
26.5523,49.2114,26.8746,49.2457
-26.6490,42.1640,-26.9590,42.0866
2.6651,-48.2110,2.9152,-48.2110
2.6651,-48.2944,2.4864,-48.2944
2.6651,-55.4970,2.6410,-54.6146
26.7551,51.3256,26.5403,53.2077
26.7551,51.3256,26.5764,51.2998
26.7672,47.2948,26.5523,49.2114
-2.6780,37.0417,-2.2131,43.1437
26.7912,47.0886,26.7672,47.2948
26.7912,47.0886,26.8385,46.7190
26.8746,46.3408,27.0534,44.7939
-2.6900,-50.3456,-2.7132,-50.4649
26.9348,2.7554,27.2442,2.6600
26.9348,2.7554,27.5071,4.5077
26.9348,46.7362,26.4810,46.6846
26.9348,46.7362,26.9700,46.3494
26.9580,47.3206,26.7672,47.2948
26.9820,47.1143,26.7912,47.0886
26.9820,49.2629,26.7551,51.3256
-26.9830,43.3844,-26.6490,42.1640
2.7004,-49.9758,2.2002,-49.9878
2.7004,-49.9758,2.6651,-48.2944
2.7004,-5.8184,4.6925,-5.5563
27.0534,44.7939,27.3756,44.8282
-27.0664,42.0608,-25.7545,37.2050
2.7124,-2.5156,2.7605,-2.8731
27.1969,43.5047,27.0534,44.7939
27.1969,43.5047,27.4470,41.2014
27.1969,47.3808,26.9820,49.2629
27.1969,47.3808,27.0181,47.3550
27.2209,47.1057,27.0534,47.0886
27.2209,47.1057,27.1969,47.3808
27.2209,47.1057,27.4831,44.8368
27.2923,39.5169,27.3275,39.1474
27.3275,39.1474,27.7693,39.1989
27.3396,2.6239,27.9240,4.4003
-2.7373,36.1307,-0.2449,35.9502
27.3756,5.2598,27.7933,5.1283
27.3877,43.5133,27.1969,43.5047
27.4470,41.2014,27.5303,40.5053
27.4470,41.2014,27.7693,41.2358
2.7485,-1.8959,2.8800,-2.8490
2.7485,-1.8959,5.7780,-1.5023
2.7485,-40.4717,2.9986,-40.5551
-2.7493,36.8956,-2.7975,36.2425
-2.7493,-42.2602,-2.7854,-42.5585
-2.7493,-5.8425,-2.0575,0.7400
-2.7493,-5.8425,-8.9983,-5.1867
27.4951,5.6293,27.3756,5.2598
27.5071,4.5077,27.7332,5.2237
-27.5077,43.6938,-27.0664,42.0608
27.5303,40.5053,27.8526,40.5482
27.6017,22.1804,25.6817,21.9655
2.7605,-2.8731,2.8800,-2.8490
-2.7614,-5.9980,-9.1659,-5.3302
27.6257,21.7506,25.7298,21.5366
27.6257,21.7506,27.6017,21.9303
27.6257,21.7506,28.4371,21.8469
27.6257,21.9896,27.6017,22.1804
27.6257,43.5133,27.4470,43.5047
27.6257,43.5133,27.4831,44.8368
27.6257,43.5133,27.8767,41.2444
27.6378,39.5685,27.5303,40.5053
27.6859,4.4484,27.5071,4.5077
27.7332,39.5771,27.2923,39.5169
27.7332,39.5771,27.7693,39.1989
-2.7734,35.7354,-2.7373,36.1307
-2.7734,35.7354,-2.9281,35.7526
27.7813,38.2278,27.9601,36.7066
27.7933,38.2106,27.6739,39.1817
27.8286,5.5219,28.2935,6.9761
2.7846,-40.5199,2.4382,-42.2130
27.9119,5.4858,27.4951,5.6293
27.9119,5.4858,27.7933,5.1283
27.9240,4.4003,27.7572,4.4605
27.9240,4.4003,28.7112,6.8334
2.7957,-40.3643,2.7485,-40.4717
27.9601,36.7066,28.2824,36.7409
27.9601,40.5568,27.8767,41.2444
27.9841,38.2278,27.7933,38.2106
28.1509,31.7820,28.1861,31.5070
28.1749,34.7814,27.9601,36.7066
28.1861,31.5070,24.4295,31.0858
28.2102,38.2879,27.9601,40.5568
28.2102,38.2879,28.0434,38.2707
28.2342,34.2400,28.1749,34.7814
28.2342,34.2400,28.5565,34.2743
28.2935,6.9761,28.6038,6.8686
28.2935,6.9761,28.8427,8.6700
2.8318,-54.6027,2.6410,-54.6146
-2.8327,-44.2043,-2.9522,-44.1802
-2.8327,49.9419,-0.9248,50.4661
-2.8327,49.9419,-2.9161,50.2513
28.3657,34.8072,28.1749,34.7814
28.3889,36.7495,28.2102,38.2879
28.4371,21.8469,28.4010,22.0970
-2.8447,25.8295,-5.6714,26.0444
-2.8447,34.8416,-2.9883,34.8416
28.4491,32.3148,28.2342,34.2400
28.4491,32.3148,28.5084,31.8164
28.4731,22.2878,27.6017,22.1804
28.4843,22.1090,28.4731,22.2878
28.5084,11.9367,30.3570,11.9608
28.5084,31.8164,28.1509,31.7820
28.5204,11.4958,28.5084,11.8181
-2.8568,25.6619,-2.8447,25.8295
-2.8568,34.5923,-0.3403,34.4033
-2.8568,34.6869,-0.3644,34.4978
-2.8568,34.6869,-2.8447,34.8416
28.5918,34.8588,28.3889,36.7495
28.5918,34.8588,28.4250,34.8416
28.6038,31.7648,28.6399,31.4382
28.6399,31.4382,25.4909,31.0858
28.6399,32.3406,28.4491,32.3148
28.6639,34.2829,28.5918,34.8588
-2.8688,4.5679,-2.8688,4.6865
28.7112,6.8334,29.0094,7.7633
2.8800,-49.9758,2.8439,-48.2944
2.8800,-9.3722,2.9633,-9.9686
2.8800,-9.3722,2.9986,-9.3601
28.8427,8.6700,29.5225,10.7687
28.8779,32.3922,28.6639,34.2829
28.8779,32.3922,28.6992,32.3750
28.8779,32.3922,28.8900,32.2289
28.8900,32.2289,30.9775,32.4695
2.8920,-47.1496,3.3802,-47.2570
29.0094,7.7633,29.1169,8.6098
29.0094,7.7633,29.9273,10.6252
29.0215,8.6098,28.8427,8.6700
2.9032,11.0661,2.9865,6.7019
2.9152,-48.2110,2.8920,-47.1496
29.1762,22.5147,29.2458,22.3454
29.2458,22.3454,29.4151,22.2757
29.2458,22.6831,29.1762,22.5147
-2.9290,35.7550,-2.9900,34.8420
29.3790,11.2217,29.6411,11.1383
2.9393,46.8049,2.9152,46.9081
2.9393,46.8049,4.8232,47.3034
29.4151,22.2757,29.5835,22.3454
29.4151,22.7527,29.2458,22.6831
29.4744,11.5199,28.5204,11.4958
29.4744,11.5199,29.3790,11.2217
-2.9522,-44.1802,-2.7975,-42.6779
-2.9522,-45.3972,-3.0235,-46.0168
-2.9522,-45.3972,-3.0837,-45.3851
-2.9522,50.3544,-1.8074,50.6724
29.5225,10.7687,29.6411,11.1383
29.5225,10.7687,29.8207,10.6613
29.5835,22.3454,29.6532,22.5147
29.5835,22.6831,29.4151,22.7527
2.9633,-50.0593,2.7004,-50.0593
2.9633,-50.0593,3.0226,-52.6709
2.9633,-9.9686,0.5664,-10.2789
29.6532,22.5147,29.5835,22.6831
2.9754,3.3630,3.0106,2.9101
-2.9883,34.8416,-3.1670,32.5813
29.9273,10.6252,30.3570,11.9608
2.9986,-22.3703,2.0094,-25.2322
2.9986,-22.3703,2.1280,-24.8979
2.9986,-22.3703,3.1180,-22.4064
2.9986,-40.5551,3.0347,-40.4477
-2.9994,32.7016,-2.8568,34.5923
3.0106,2.9101,3.2968,2.9341
-3.0235,-46.0168,-3.1430,-46.0048
3.0347,11.0661,3.0226,11.2457
3.0347,11.0661,3.1060,6.7139
3.0347,-22.6685,2.1280,-25.2795
3.0347,-40.4477,3.2848,-40.5319
-3.0476,6.4879,-3.0476,6.6065
-3.0476,6.4879,-4.9916,6.4518
3.0587,-15.8592,1.6510,-15.7165
3.0587,-40.6153,2.7846,-40.5199
3.0587,46.9596,2.9152,46.9081
30.5960,31.9968,28.6038,31.7648
30.5960,31.9968,30.6914,31.2062
30.6914,31.2062,30.9054,29.2991
3.0708,-22.5490,3.1180,-22.4064
3.0708,-54.5668,2.8920,-54.5787
3.0708,-54.5668,3.0226,-52.6709
-3.0716,-8.9785,-2.7614,-5.9980
-3.0716,-8.9785,-7.5433,-8.5136
-3.0837,-45.3851,-3.1069,-45.6834
-3.0837,-9.0980,-7.6868,-8.6210
30.8821,31.2319,30.6914,31.2062
30.9054,29.2991,31.2156,29.3352
31.0368,28.0589,25.8966,27.4753
3.1060,6.7139,3.2495,6.7139
31.1202,31.2319,30.9415,31.2062
31.1202,31.2319,30.9775,32.4695
31.1202,31.2319,31.3230,29.3472
3.1180,-56.3913,3.0708,-54.5668
-3.1189,-45.8020,-3.1430,-46.0048
31.3712,25.1377,30.9054,29.2991
-3.1430,-11.1374,5.0621,-10.0640
-3.1430,-47.2089,-3.2624,-47.1977
31.5259,25.2210,31.8361,22.4906
31.5259,25.2331,31.7880,25.2692
31.5379,25.1617,31.3712,25.1377
-3.1550,-10.6957,-2.2964,-2.4442
3.1662,-16.0259,1.4842,-15.8592
3.1662,42.1038,3.2616,43.2727
-3.1670,32.5813,-7.1385,32.8735
31.7046,25.2451,32.0390,22.3239
31.7880,25.2692,31.3230,29.3472
31.8361,22.4906,28.4250,22.1090
3.1894,-31.4451,3.4876,-31.4090
-3.2023,6.6065,-3.0476,6.6065
32.0390,22.3239,28.4491,21.9303
3.2134,-31.5877,2.2715,-31.7192
3.2134,-31.5877,3.1894,-31.4451
3.2495,3.3870,2.9754,3.3630
3.2495,-40.6385,3.0587,-40.5792
-3.2504,-10.6957,-3.0837,-9.0980
3.2616,43.2727,3.3922,43.2641
3.2616,6.5945,1.3055,6.5592
3.2616,6.5945,3.2495,6.7139
-3.2624,-47.1977,-3.5727,-50.1547
-3.2745,10.9595,-3.2023,6.6065
-3.2745,10.9595,-3.2745,11.1383
3.2848,-40.5319,3.2495,-40.6385
3.2848,41.9491,1.2814,42.1038
3.2848,41.9491,3.3329,42.5593
3.2968,2.9341,3.2495,3.3870
-3.2977,-11.1727,-3.4652,-11.1606
3.3449,42.6882,3.3922,43.2641
3.3802,-47.2570,3.4163,-47.0782
3.3802,-47.2570,5.5150,-47.6979
3.3922,-21.2375,3.5117,-21.2728
3.3922,-21.2375,4.4897,-18.0774
3.3922,25.1497,3.4042,25.3525
-3.3931,10.9595,-3.3217,6.5945
-3.3931,-12.0794,-3.2977,-11.1727
-3.3931,-12.0794,-7.8656,-11.6144
3.4042,25.3525,4.5610,25.2692
3.4042,-47.0189,3.4403,-46.8273
-3.4051,-10.6725,-3.2504,-10.6957
-3.4051,-12.2100,-8.0091,-11.7330
3.4403,-46.8273,5.5984,-47.2690
3.4524,-5.8425,-0.6386,-6.3787
3.4524,-9.3008,3.5710,-9.2768
-3.4532,-50.1787,-2.6900,-50.3456
-3.4532,-50.1787,-3.1430,-47.2089
-3.4652,-11.1606,-3.4051,-10.6725
3.4876,-31.4090,3.4996,-31.5525
3.4996,-6.1888,3.4524,-5.8425
3.5117,-21.2728,4.5138,-18.3636
3.5117,-6.2601,-0.5904,-6.7964
3.5117,-6.2601,3.5830,-6.8566
-3.5606,-15.2034,-3.1430,-11.1374
-3.5606,-15.2034,-3.5727,-15.3229
3.5710,-9.2768,3.6311,-9.7658
-3.5727,-15.3229,-8.3305,-14.8339
3.5830,-6.8566,3.8932,-6.8205
3.5950,29.7795,3.7386,29.7623
3.6071,29.8998,3.5950,29.7795
3.6071,29.8998,5.5511,29.7537
3.6311,-9.7658,5.1695,-9.5750
-3.7153,-15.1914,-3.4051,-12.2100
3.7386,29.7623,3.4042,25.3525
-3.7635,-35.9167,-2.0575,-36.7160
-3.7867,30.3381,-4.1210,25.9249
3.8572,29.7623,3.5237,25.3525
3.8572,29.7623,5.5391,29.6334
-3.8589,-35.9167,-6.3744,-34.7127
3.8932,-5.7832,4.6925,-5.6757
3.8932,-6.8205,4.0479,-8.0134
-3.9061,30.3467,-4.2405,25.9369
3.9414,31.6874,-0.4718,32.0140
3.9414,31.6874,3.9534,31.8421
3.9534,31.8421,-0.0662,32.1343
3.9886,41.2959,4.0840,42.4992
4.0479,-8.0134,4.1794,-7.9893
4.0840,42.4992,3.3329,42.5593
4.0961,42.6281,3.3449,42.6882
4.0961,42.6281,4.2035,44.0633
4.1322,41.2874,3.9886,41.2959
4.1322,52.2796,5.2890,52.5890
4.1794,-7.9893,3.8932,-5.7832
4.2035,35.1510,0.1246,35.4604
4.2155,35.3057,0.1367,35.6237
4.2155,35.3057,4.2035,35.1510
4.2396,42.7054,4.1322,41.2874
4.2396,42.7828,6.5884,42.6109
4.2508,51.8584,4.1674,52.1678
4.2508,51.8584,4.3702,51.8928
-4.2516,10.9475,-3.2745,10.9595
-4.2516,11.1142,-4.2516,10.9475
4.2628,43.1351,4.2396,42.7828
4.2748,43.2039,4.3350,44.0461
4.2989,4.8060,4.2989,4.6865
4.3350,44.0461,4.2035,44.0633
4.3702,51.8928,4.4536,51.5490
4.3823,-41.0321,6.7552,-41.8434
4.4184,-40.9135,4.3823,-41.0321
4.4184,-40.9135,7.2090,-41.8675
4.4304,-36.5011,3.7858,-31.5164
4.4424,-36.4891,3.7979,-31.5164
4.4536,51.5490,4.8232,51.6608
4.4536,6.6065,4.4536,6.7380
4.4536,6.7380,6.1355,6.7621
-4.4545,-54.7577,-1.6166,-55.3658
-4.4545,-54.7577,-5.2417,-54.4237
-4.4545,-54.7577,-7.4006,-54.1137
4.4656,-2.9092,4.5851,-2.8972
4.4897,-18.0774,4.6092,-18.1135
-4.4906,44.7767,-2.6067,45.2923
-4.4906,44.7767,-4.5267,44.8970
-4.5267,44.8970,-4.3711,44.9486
4.5610,-18.2562,4.6092,-18.1135
4.5851,11.2689,4.5971,11.0902
4.5851,25.6147,4.5610,25.2692
4.5971,11.0902,6.1828,11.1263
4.6212,-4.0780,2.3789,-4.3642
4.6212,-4.0780,4.4656,-2.9092
-4.6693,2.4210,-4.7501,2.6153
4.6925,-5.5563,5.6938,-5.6878
4.6925,-5.6757,5.6826,-5.8072
-4.7054,49.4434,-2.8327,49.9419
4.7398,-4.0540,4.5851,-2.8972
4.7398,51.9959,5.3723,52.1678
-4.7501,2.2268,-4.6693,2.4210
-4.7501,2.6153,-4.9435,2.6952
-4.7527,49.6153,-4.7054,49.4434
-4.7888,49.8559,-2.9522,50.3544
-4.7888,49.8559,-4.7407,49.6926
4.8000,47.4237,3.1782,46.9854
4.8232,47.3034,4.8000,47.4237
4.8232,51.6608,4.7398,51.9959
4.8352,31.6101,9.2716,31.2749
4.8472,31.7648,4.8352,31.6101
4.8833,-16.9326,5.0028,-16.9799
4.8954,-27.7246,2.4503,-28.0460
4.9426,52.0561,6.0994,47.7847
-4.9435,2.1469,-4.7501,2.2268
-4.9435,2.6952,-5.1377,2.6153
-4.9916,6.4518,-5.0036,6.5713
5.0028,-16.9799,6.0040,-14.0707
-5.0036,-21.0940,-5.0157,-21.2135
-5.0036,6.5713,-3.3217,6.5945
5.0148,25.5906,4.5851,25.6147
5.0148,25.5906,4.9787,25.0663
-5.0157,-21.2135,-5.5760,-21.1542
5.0260,31.7562,4.8472,31.7648
5.0380,31.9711,5.0260,31.7562
5.0621,-10.0640,3.0587,-15.8592
5.0621,52.0905,6.2189,47.8191
5.0861,-27.7959,2.5457,-28.1302
5.0861,-27.7959,5.1334,-28.2016
-5.0990,-54.1733,-1.5212,-54.9484
5.1094,35.2369,5.0982,35.0822
5.1094,35.2369,5.9207,35.1768
5.1334,-28.2016,2.6058,-28.5350
-5.1377,2.2268,-4.9435,2.1469
-5.1377,2.6153,-5.2185,2.4210
5.1454,-39.2556,6.6718,-34.7960
5.1575,-14.8579,5.5511,-15.0006
-5.1583,-54.1615,-7.3052,-53.6962
5.1695,-27.6885,1.7111,-26.4964
5.1695,-27.6885,5.2288,-28.2256
5.1695,-9.5750,5.5391,-6.8085
-5.1944,-54.3522,-5.1583,-54.1615
5.2056,4.6985,5.3483,4.6985
5.2056,4.8180,5.2056,4.6985
5.2056,4.8180,5.6224,4.8300
-5.2185,2.4210,-5.1377,2.2268
5.2288,-10.0520,3.1662,-16.0259
5.2288,-28.2256,7.0061,-27.9987
5.2769,45.4298,6.7913,45.3267
5.2890,52.5890,5.3362,52.4257
5.2890,52.5890,7.1256,53.0874
5.3010,-39.1843,6.7440,-34.9507
5.3010,-39.1843,6.8274,-39.7086
5.3122,-14.4042,5.1575,-14.8579
5.3242,52.3655,5.3723,52.1678
5.3723,52.1678,7.2322,52.6749
5.4076,1.0975,5.3483,4.6985
5.4076,31.7218,5.6585,31.7046
5.4196,31.9453,5.0380,31.9711
5.4196,31.9453,5.4076,31.7218
-5.4205,49.2371,-4.2637,44.9657
-5.4686,-25.2442,-5.5451,-25.0586
5.4798,4.7106,5.6224,4.7106
5.4918,37.9957,5.8846,37.9699
5.5150,38.3739,5.4918,37.9957
5.5150,-47.6979,6.9700,-47.9964
5.5391,1.1095,5.4798,4.7106
5.5391,1.1095,6.6125,1.2170
5.5391,-6.8085,5.6706,-6.8205
-5.5399,49.2114,-4.3711,44.9486
-5.5399,49.2114,-4.7054,49.4434
-5.5399,49.2114,-7.4006,48.7043
-5.5451,-25.0586,-5.7307,-24.9821
-5.5451,-25.4299,-5.4686,-25.2442
5.5511,-15.0006,4.8833,-16.9326
5.5511,29.7537,5.5391,29.6334
-5.5640,-21.0347,-5.0036,-21.0940
-5.5760,-21.1542,-5.5640,-21.0347
-5.5881,49.3918,-5.5399,49.2114
5.5984,-47.2690,5.5391,-47.5913
5.6224,4.7106,5.6224,4.8300
-5.6474,44.4673,-5.6835,44.5876
5.6585,31.7046,5.9086,35.0221
5.6585,-5.9138,5.6826,-5.8072
5.6585,-5.9138,5.7900,-5.9258
5.6706,-6.8205,5.2288,-10.0520
-5.6714,26.0444,-5.6835,25.8768
-5.6714,49.6153,-4.7888,49.8559
-5.6714,49.6153,-5.6233,49.4520
-5.6714,49.6153,-7.5080,49.1168
-5.6835,44.5876,-7.3052,44.1493
5.7058,-5.5924,5.8253,-5.6044
5.7178,-14.5357,5.3122,-14.4042
5.7299,31.6273,6.2550,38.5801
5.7299,31.6273,7.8767,31.4554
-5.7307,-24.9821,-5.9164,-25.0586
-5.7307,-25.5064,-5.5451,-25.4299
5.7780,-1.4301,6.3023,-1.5023
5.7780,-1.5023,6.2430,-1.5736
5.7900,-5.9258,5.8253,-5.6044
-5.8021,10.5659,-5.8141,11.0902
5.8253,-4.6977,5.9086,-4.0419
5.8253,-4.6977,5.9447,-4.7097
-5.8502,-29.6798,-6.2558,-33.5438
5.8846,37.9699,5.9086,38.3481
5.9086,35.0221,5.0982,35.0822
5.9086,38.3481,5.5150,38.3739
5.9086,-4.0419,2.5216,-4.4837
-5.9164,-25.0586,-5.9937,-25.2442
-5.9164,-25.4299,-5.7307,-25.5064
5.9207,35.1768,6.2069,38.9841
5.9207,-36.9902,4.4424,-36.4891
5.9207,-37.0022,4.4304,-36.5011
-5.9215,-33.5318,-5.9215,-33.9254
-5.9215,-33.9254,-6.2911,-33.9254
5.9327,-13.9160,5.7178,-14.5357
5.9327,-3.8993,4.7398,-4.0540
5.9447,-3.8030,6.0642,-3.8159
5.9447,-4.7097,6.0642,-3.8159
5.9568,47.7503,6.0994,47.7847
-5.9576,-30.6458,-2.4752,-31.8387
5.9808,47.6300,5.9568,47.7503
5.9808,47.6300,7.8647,48.1371
-5.9937,-25.2442,-5.9164,-25.4299
6.0642,11.1142,6.1355,6.7621
6.0642,-2.9092,6.1828,-2.9333
6.0642,-2.9092,6.2430,-1.5736
6.1828,11.1263,6.1828,11.2930
6.1828,11.1263,6.2550,6.7621
6.1828,-2.9333,6.5291,-0.3214
-6.1957,6.4277,-6.1957,6.5472
6.2069,38.9841,6.4337,38.9669
-6.2197,10.5539,-5.8021,10.5659
-6.2197,10.5539,-6.2318,10.9114
-6.2438,-29.2862,-6.9950,-36.5372
6.2550,6.7621,6.4097,6.7621
-6.2558,-33.5438,-5.9215,-33.5318
6.2782,39.9380,0.1487,40.4021
6.2902,-0.3696,6.3504,0.0722
-6.2911,-33.9254,-6.5661,-36.5725
6.3023,-1.5023,6.4458,-0.3928
6.3504,0.0722,6.5051,0.0481
-6.3512,6.5472,-6.1957,6.5472
6.3856,-0.3094,6.4217,-0.0232
-6.3865,-34.7960,-2.1890,-36.7994
6.3976,-23.7059,3.0708,-22.5490
6.3976,40.0584,1.7704,40.4107
6.4097,38.6403,6.4337,38.9669
6.4097,6.6426,4.4536,6.6065
6.4097,6.6426,6.4097,6.7621
-6.4105,-17.5763,-6.3633,-17.1114
-6.4105,-17.5763,-6.5420,-17.5643
6.4217,-0.0232,6.5764,-0.0352
-6.4226,10.9114,-6.3512,6.5472
-6.4226,4.3651,-6.4226,4.5077
-6.4226,4.5077,-2.8688,4.5679
6.4458,-0.3928,6.2902,-0.3696
-6.4466,-17.8385,-6.7569,-20.9153
-6.4466,42.0265,-2.3677,43.1180
-6.4587,-20.9393,-6.4707,-21.0588
-6.4707,-21.0588,-6.7681,-21.0347
-6.4707,6.6787,-6.5420,10.8994
6.5051,0.0481,6.6486,1.1336
6.5051,-23.3604,6.3976,-23.7059
6.5051,-23.3604,6.8867,-23.4910
6.5051,39.8607,6.2782,39.8779
6.5051,39.8607,6.9700,46.0314
-6.5059,30.6733,-2.1288,30.3381
-6.5059,30.6733,-6.5180,30.5530
6.5171,4.8421,7.2210,4.8541
-6.5180,30.5530,-2.1409,30.2178
6.5291,-0.3214,6.3856,-0.3094
6.5291,4.7226,6.5171,4.8421
6.5291,4.7226,7.0895,4.7346
-6.5300,-17.2188,-6.6847,-17.1948
6.5412,24.9469,6.5532,25.1136
-6.5420,-17.5643,-6.5661,-17.8273
6.5532,25.1136,8.1389,24.9941
-6.5541,4.4845,-6.5541,4.6272
-6.5541,4.6272,-2.8688,4.6865
-6.5661,-17.8273,-6.4466,-17.8385
-6.5661,-36.5725,-6.8875,-36.5484
6.5764,-0.0352,7.2210,4.8541
6.5764,42.5335,4.2396,42.7054
6.5764,42.5335,6.3976,40.0584
-6.5773,6.4277,-6.1957,6.4277
6.5884,42.6109,6.6125,42.9547
-6.5893,6.5592,-6.5773,6.4277
6.6125,1.2170,7.0895,4.7346
6.6125,42.9547,4.2628,43.1351
6.6125,43.0234,4.2748,43.2039
6.6718,-34.7960,8.4732,-35.4157
-6.6727,-17.0753,-6.3633,-17.1114
-6.6727,-17.0753,-6.6847,-17.1948
6.7320,29.5380,6.8867,29.5260
6.7440,29.6592,6.7320,29.5380
6.7440,29.6592,8.9854,29.4899
6.7440,-34.9507,8.0675,-35.4036
6.7552,-41.8434,5.6345,-47.2811
-6.7569,-20.9153,-6.4587,-20.9393
6.7672,-23.8365,7.2562,-24.0041
-6.7681,-21.0347,-6.8635,-21.8933
-6.7681,-38.4925,-2.4631,-39.4344
-6.7681,-38.4925,-6.5661,-36.5725
-6.7681,-38.4925,-6.8403,-39.2195
-6.7801,-38.6240,-2.4752,-39.5539
6.7913,-39.8280,5.1454,-39.2556
6.7913,45.3267,6.6125,43.0234
-6.8042,-42.2602,-6.8403,-42.6418
-6.8162,41.8804,-6.4346,41.9835
-6.8162,41.8804,-6.8755,42.1038
6.8274,-25.2081,6.8867,-25.6138
6.8274,-25.2081,7.6026,-22.9899
6.8274,-39.7086,6.7913,-39.8280
-6.8403,-39.2195,-7.1617,-39.1963
-6.8403,-42.6418,-7.1978,-42.6066
6.8746,-41.8907,5.7539,-47.3051
6.8746,-41.8907,7.1608,-41.9861
-6.8755,42.1038,-8.4380,41.6913
6.8867,-23.4910,6.7672,-23.8365
6.8867,-25.6138,7.1969,-25.5657
6.8867,29.5260,6.5532,25.1136
-6.9589,-38.4804,-6.7681,-38.4925
6.9821,-27.8200,7.0061,-27.9987
-6.9950,-21.6664,-6.5300,-17.2188
7.0061,29.5260,6.6718,25.1136
7.0061,29.5260,8.9854,29.3713
7.0182,-28.3442,0.8998,-29.1435
-7.0431,-41.1395,-6.8403,-39.2195
7.0534,-47.5673,5.5984,-47.2690
7.0534,-47.5673,6.9941,-47.8891
-7.0904,-41.6165,-2.7854,-42.5585
-7.1024,-41.7480,-2.7975,-42.6779
7.1136,-29.2750,7.2683,-30.5031
7.1256,-29.2750,7.2803,-30.5031
7.1256,53.0874,7.9842,53.3281
7.1376,-29.2269,7.0182,-28.3442
-7.1497,-42.2250,-6.8042,-42.2602
-7.1497,-42.2250,-7.0431,-41.1395
7.1729,-27.7959,6.8867,-25.6138
7.1729,-27.7959,6.9821,-27.8200
-7.1978,-38.4211,-6.9950,-36.5372
-7.1978,-38.4211,-7.0190,-38.4443
-7.1978,-38.4211,-7.2691,-39.1843
7.2090,-24.1115,3.0347,-22.6685
7.2090,-41.8675,7.1608,-41.9861
-7.2218,-42.8326,-7.1978,-42.6066
-7.2218,-42.8326,-7.5321,-42.7974
7.2322,52.6749,7.1488,52.9843
7.2322,52.6749,8.1036,52.9069
-7.2339,-41.1275,-7.0431,-41.1395
7.2683,-25.2563,8.0074,-23.1335
7.2800,4.8400,9.4400,4.8400
7.3044,-30.5504,7.3284,-30.7292
-7.3052,-53.6962,-7.3765,-54.0065
7.3164,-25.5545,7.2683,-25.2563
7.3284,-30.7292,2.2835,-31.3849
7.3284,-9.7778,11.7760,-9.1934
7.3637,-27.7718,7.1729,-27.7959
-7.3765,26.1750,-7.4006,26.0083
-7.4006,48.7043,-7.4840,49.0137
-7.4006,-7.0594,-7.5201,-7.0465
-7.4126,-44.7526,-3.1069,-45.6834
-7.4126,-44.7526,-7.2218,-42.8326
-7.4358,-44.8721,-3.1189,-45.8020
7.4470,-31.0394,3.4996,-31.5525
7.4591,38.5629,6.4097,38.6403
7.4591,38.5629,7.4831,38.8637
-7.4719,-41.0682,-7.2691,-39.1843
-7.4719,-41.0682,-7.2932,-41.0923
-7.4719,-41.0682,-7.6507,-42.7854
7.4831,38.8637,7.6378,38.8551
7.5072,-29.0962,7.7693,-29.0601
-7.5080,-45.6834,-7.4126,-44.7526
-7.5080,-49.0338,-7.5433,-49.4273
7.5192,-29.1796,7.1376,-29.2269
7.5192,-29.1796,7.6859,-30.4309
7.5192,-9.3008,7.8166,-9.2527
-7.5201,4.4725,-6.5541,4.4845
-7.5201,4.5920,-7.5201,4.4725
-7.5201,-7.1067,-7.4006,-7.1187
-7.5321,43.9516,-5.6474,44.4673
-7.5321,43.9516,-7.5673,44.0719
-7.5321,-49.2962,-3.5727,-50.1547
-7.5321,-8.3108,-7.5433,-8.5136
-7.5433,-49.4273,-2.7132,-50.4649
7.5545,39.7576,7.6146,40.5998
-7.5553,6.4277,-7.5553,6.5352
-7.5553,6.5352,-6.5893,6.5592
-7.5673,-16.9919,-7.5794,-17.1114
-7.5673,44.0719,-7.4126,44.1063
-7.5914,32.9508,-7.1385,32.9164
7.6026,-22.9899,7.9008,-23.0974
7.6026,6.6667,7.6026,6.7853
7.6026,6.7853,9.3318,6.8214
-7.6034,32.7102,-7.5914,32.9508
-7.6034,32.7102,-9.0585,32.8133
-7.6034,-44.7294,-7.4126,-44.7526
7.6266,38.7348,7.6378,38.8551
-7.6387,4.3530,-6.4226,4.3651
-7.6387,4.4845,-7.6387,4.3530
-7.6387,6.4037,-8.1518,6.3925
-7.6507,-8.2987,-7.5321,-8.3108
-7.6748,6.5231,-7.6748,6.6667
-7.6748,6.6667,-6.4707,6.6787
7.6859,-30.4309,7.7212,-30.6819
7.6859,41.5022,7.7813,42.7226
-7.6868,26.5446,-7.7109,26.1991
-7.6868,-8.6210,-7.6507,-8.2987
7.6980,-28.5350,7.3164,-25.5545
7.6980,-28.5350,7.4470,-27.7366
7.6980,-29.1074,7.8767,-30.4791
7.6980,-30.5031,7.3044,-30.5504
-7.6988,30.7507,-7.7109,30.6389
7.7100,39.7490,7.5545,39.7576
7.7100,39.7490,7.7452,40.2904
7.7100,-6.8918,7.3284,-9.7778
-7.7109,26.1991,-7.3765,26.1750
-7.7109,30.6389,-10.7043,30.8624
7.7212,40.4451,7.7332,40.5912
-7.7220,-10.1594,-7.8415,-10.1474
7.7332,40.5912,7.6146,40.5998
-7.7341,46.8307,-7.8295,47.1659
-7.7341,46.8307,-8.0091,46.7534
7.7452,11.1503,9.3911,11.1735
7.7452,11.3171,7.7452,11.1503
7.7452,40.2904,10.2264,40.1013
7.7693,-29.0601,7.6980,-28.5350
7.7693,-31.0635,7.4591,-31.0987
-7.7822,-48.2467,-7.5080,-45.6834
-7.7822,-48.2467,-7.8535,-48.9981
7.8054,41.4850,7.6859,41.5022
7.8054,41.4850,7.8767,42.4562
7.8166,-6.9993,7.5192,-9.3008
7.8286,-9.3361,9.9514,-9.0619
-7.8295,-45.6473,-7.5080,-45.6834
7.8406,43.6250,8.0555,46.3151
7.8406,48.2574,6.2189,47.8191
-7.8415,-10.2067,-7.7220,-10.2187
-7.8415,-44.6692,-7.6507,-42.7854
-7.8415,-44.6692,-7.6627,-44.6933
-7.8415,-44.6692,-7.9369,-45.6352
7.8527,-5.8072,8.0194,-4.5550
-7.8535,-11.4116,-7.8656,-11.6144
-7.8535,-48.9981,-7.5080,-49.0338
7.8647,48.1371,7.8406,48.2574
-7.8656,30.6475,-8.1638,26.5927
7.8767,-30.4791,9.3438,-30.2883
7.8888,42.5679,7.9008,42.7140
-7.8896,-49.3438,-7.5433,-49.4273
7.9008,42.7140,7.7813,42.7226
7.9240,-40.2096,7.9601,-40.1022
7.9240,-40.2096,9.7374,-40.8413
7.9360,-35.7852,8.2944,-35.9047
-7.9369,-53.2075,-8.2953,-53.1716
7.9601,31.4898,8.1870,34.5236
7.9601,31.4898,9.2716,31.3952
7.9601,-40.1022,8.1036,-40.1503
7.9721,43.6250,7.8406,43.6250
7.9721,43.6250,8.1629,46.2205
-7.9730,-11.3996,-7.8535,-11.4116
-7.9730,-48.2229,-7.7822,-48.2467
-7.9730,-53.5532,-7.3052,-53.6962
-7.9730,-53.5532,-7.9369,-53.2075
7.9842,52.8726,9.1410,48.6098
-7.9850,30.6561,-8.3185,26.2463
-8.0091,10.8762,-6.2318,10.9114
-8.0091,-11.7330,-7.9730,-11.3996
-8.0091,46.7534,-7.3052,44.1493
-8.0203,11.0549,-8.0091,10.8762
-8.0203,26.5807,-7.6868,26.5446
-8.0203,4.4725,-7.6387,4.4845
-8.0443,-13.2714,-8.1638,-13.2594
-8.0443,26.2231,-8.0203,26.5807
8.0555,46.3151,9.6059,46.7448
8.0675,-35.4036,7.9360,-35.7852
-8.0925,-51.2518,-7.8896,-49.3438
-8.0925,-51.2518,-8.4139,-51.2161
8.1036,-40.1503,9.5939,-35.7973
8.1036,52.9069,8.0194,53.2163
8.1036,52.9069,9.2604,48.6441
-8.1045,47.0886,-7.8295,47.1659
-8.1165,3.2555,-1.8667,2.5646
8.1268,-4.9246,8.1750,-4.5782
8.1268,-4.9246,8.3658,-4.9005
-8.1277,3.4111,-8.0203,4.4725
-8.1277,4.5920,-7.6034,4.6031
8.1389,24.9941,8.1268,24.8274
8.1509,-3.6363,8.2944,-3.6603
-8.1518,3.2203,-8.1758,2.9573
-8.1518,6.3925,-8.1518,6.5231
-8.1518,6.5231,-7.6748,6.5231
8.1629,46.2205,10.7034,46.0314
-8.1638,26.5927,-8.0203,26.5807
8.1750,-4.5782,8.0194,-4.5550
-8.1758,-13.3196,-8.0443,-13.3316
-8.1758,-14.5236,-8.1999,-14.7265
-8.1758,2.9573,-8.2953,2.9702
8.1870,34.5236,9.9402,34.3947
8.1990,34.6439,9.8328,34.5236
-8.1999,-14.7265,-3.7153,-15.1914
-8.2111,-48.1753,-7.9369,-45.6352
-8.2111,-48.1753,-8.0323,-48.1991
-8.2111,-48.1753,-8.5213,-51.2041
8.2222,-40.1856,9.6532,-36.0001
-8.2712,3.2323,-8.1277,4.5920
-8.2712,3.2323,-8.1518,3.2203
8.2944,-3.6603,8.4371,-2.5869
8.2944,-42.3797,10.2376,-43.0354
-8.2953,-14.5116,-8.1758,-14.5236
-8.2953,-53.1716,-8.0925,-51.2518
8.3176,-20.9153,7.6026,-22.9899
8.3176,-20.9153,9.0808,-18.6979
-8.3305,-14.8339,-8.2953,-14.5116
8.3417,-42.2602,8.2944,-42.3797
8.3658,-2.0506,8.1509,-3.6363
8.4010,38.4082,6.2550,38.5801
8.4010,38.4082,7.8767,31.4554
8.4251,-5.0793,11.0730,-4.7458
8.4251,-5.0793,8.5084,-5.7230
8.4371,-2.5869,8.7826,-2.5396
-8.4380,41.6913,-8.4740,41.8288
8.4491,-35.4036,9.5939,-35.7973
8.4612,-1.3115,8.7826,1.1095
-8.4620,48.4121,-8.1045,47.0886
8.4732,-35.4157,8.2944,-35.9047
-8.4740,41.8288,-1.0915,43.8399
8.4852,38.5200,8.1990,34.6439
-8.4861,-53.1478,-8.2953,-53.1716
8.4964,-20.9746,8.3176,-20.9153
8.5084,-5.7230,7.8527,-5.8072
8.5205,-40.2930,8.2222,-40.1856
-8.5815,48.3777,-7.4126,44.1063
8.5918,-6.7724,7.7100,-6.8918
8.5918,-6.7724,8.6159,-6.8918
8.6159,-6.8918,7.8166,-6.9993
8.6279,-35.2730,9.6532,-35.6305
8.6399,-39.9355,8.5205,-40.2930
-8.6408,-1.7644,-8.1165,3.2555
-8.6408,-1.7644,-8.7834,-1.7524
-8.6889,43.6422,-8.7241,43.7625
8.6992,-19.8186,4.5138,-18.3636
-8.7121,-53.1001,-8.5213,-51.2041
-8.7121,-53.1001,-8.5454,-53.1122
-8.7121,-53.1001,-8.7955,-53.8156
8.7233,-2.0979,8.8187,-1.3588
-8.7241,43.7625,-11.6935,42.9547
8.7353,-19.6992,4.5610,-18.2562
-8.7602,-2.9565,-8.9149,-2.9453
8.7714,-2.4683,14.4360,-1.7283
8.7826,1.1095,9.5578,1.2049
-8.7834,-1.7524,-8.2953,2.9702
-8.7834,48.7730,-11.6815,47.9824
-8.7834,48.7730,-7.5080,49.1168
-8.7834,48.7730,-9.5475,48.4121
-8.7955,-53.8156,-7.4006,-54.1137
-8.8195,-3.5529,-8.7602,-2.9565
-8.8195,-3.5529,-8.9751,-3.5409
8.8548,0.9660,8.5686,-1.2273
8.8548,0.9660,9.5819,1.0623
8.9141,3.6973,8.9837,3.5288
-8.9149,-4.4476,-9.0705,-4.4356
-8.9751,-3.5409,-8.9149,-2.9453
8.9837,3.5288,9.1530,3.4584
8.9837,3.8657,8.9141,3.6973
8.9854,-20.2956,8.0074,-23.1335
8.9854,-20.2956,8.5806,-21.0227
8.9854,29.4899,8.9854,29.3713
8.9854,-40.4477,9.1049,-40.0902
-8.9983,-5.1867,-8.9149,-4.4476
9.0215,48.4465,8.9974,48.5668
9.0215,48.4465,9.4392,48.5582
9.0456,-1.1920,11.7408,-0.8465
9.0525,0.8533,9.2764,-0.6525
9.0576,-1.2874,8.5686,-1.2273
-9.0585,32.8133,-9.0705,32.6586
9.0688,-1.3949,8.4612,-1.3115
-9.0705,32.6586,-1.8426,32.1258
9.0808,-18.6979,9.3911,-18.7924
9.0808,-30.8246,7.7573,-31.0033
9.1049,-40.0902,8.6399,-39.9355
9.1289,-30.5031,7.7212,-30.6819
9.1289,-30.5031,8.4251,-35.4036
9.1410,48.6098,8.9974,48.5668
9.1530,-1.2754,11.6574,-0.9531
9.1530,3.4584,9.3215,3.5288
9.1530,3.9354,8.9837,3.8657
-9.1659,-5.3302,-9.0705,-4.4356
9.1762,-2.1580,8.3537,-2.0506
9.1762,-2.1580,9.0688,-1.3949
9.1762,-48.2110,9.2123,-48.0201
9.2123,11.5319,10.2024,24.4819
9.2123,-48.0201,7.0534,-47.5673
9.2604,-2.1340,11.7760,-1.8117
9.2604,-2.1340,9.1530,-1.2754
9.2716,31.3952,9.2716,31.2749
-9.2845,-28.0701,-17.4663,-28.2016
-9.3086,41.4506,-9.3447,41.5968
9.3215,3.5288,9.3911,3.6973
9.3215,3.8657,9.1530,3.9354
9.3318,6.8214,9.2604,11.1735
9.3438,-30.2883,8.6279,-35.2730
-9.3447,6.3805,-11.3007,6.3444
-9.3447,6.3805,-9.3567,6.4991
9.3911,11.1735,9.3790,11.3523
9.3911,11.1735,9.4624,6.6899
9.3911,11.5079,10.3932,24.6607
9.3911,11.5079,9.3790,11.3523
9.3911,3.6973,9.3215,3.8657
9.4031,48.6785,9.2604,48.6441
-9.4280,26.3297,-8.0443,26.2231
9.4392,48.5582,9.4031,48.6785
-9.4401,-16.7900,-7.5673,-16.9919
-9.4401,-16.7900,-9.4521,-16.9086
-9.4401,48.1543,-11.5749,47.5698
-9.4401,48.1543,-7.4006,48.7043
-9.4521,-16.9086,-7.5794,-17.1114
9.4624,6.6899,7.6026,6.6667
9.4744,11.0549,9.5449,10.8856
9.4865,-6.6538,9.5105,-6.7724
-9.4873,-27.8913,-17.2635,-28.0228
9.4985,-18.8285,8.9854,-20.2956
-9.4994,48.3347,-9.4401,48.1543
-9.4994,6.4991,-9.3567,6.4991
9.5105,-6.7724,9.6532,-6.7612
-9.5234,-26.2335,-5.2898,-25.6731
-9.5234,-26.2335,-9.2845,-28.0701
9.5449,10.8856,9.7134,10.8160
9.5449,11.2234,9.4744,11.0549
9.5698,1.0772,9.6007,0.9073
-9.5707,10.8521,-9.4994,6.4991
-9.5707,10.8521,-9.5827,11.0309
9.5819,1.0623,9.5578,1.2049
9.6007,0.9073,9.0525,0.8533
-9.6188,41.3991,-9.6429,41.5194
-9.6429,41.5194,-9.3447,41.5968
9.6532,-6.7612,9.9514,-9.0619
9.6773,24.6727,9.6893,24.8755
9.6893,24.8755,9.9875,24.8515
-9.7022,10.8521,-9.6188,6.4879
9.7134,10.8160,9.8818,10.8856
9.7134,11.2930,9.5449,11.2234
-9.7262,-26.0667,-5.4566,-25.5184
-9.7262,-26.0667,-9.4873,-27.8913
9.7374,-40.8413,9.7847,-40.7218
9.7374,46.2721,9.6059,46.7448
9.7606,-35.5824,10.3691,-35.7852
9.7606,-35.5824,9.6773,-35.8213
9.7847,-40.7218,8.9854,-40.4477
9.8088,-16.6103,10.1783,-15.5257
9.8088,-16.6103,9.0808,-18.6979
9.8088,-6.7724,10.1070,-9.0267
9.8088,-6.7724,10.2376,-6.7131
9.8328,34.5236,10.0468,37.3597
-9.8689,41.3303,-9.6188,41.3991
9.8818,10.8856,9.9514,11.0549
9.8818,11.2234,9.7134,11.2930
-9.9050,41.4506,-9.8689,41.3303
9.9162,-48.6044,10.5479,-48.7357
9.9162,-48.6044,6.9700,-47.9964
9.9162,-48.6044,9.1289,-48.2826
9.9514,11.0549,9.8818,11.2234
-9.9643,32.7360,-9.9523,32.8907
9.9875,-16.6705,9.8088,-16.6103
9.9875,24.8515,10.0709,25.9481
9.9875,-48.1753,10.0589,-47.8295
9.9875,-48.1753,9.2123,-48.0201
-16.4250,31.4193,-13.6632,31.2083
-16.4434,31.3000,-13.6908,31.1028
-13.6624,31.2078,-13.6704,31.1018
-11.8985,31.0762,-12.3174,31.1104
-12.3174,31.1104,-12.3259,30.9950
-12.3259,30.9950,-11.8985,30.9566
10.7579,29.3604,10.6165,27.5498
10.4808,25.8113,10.4315,25.2557
12.8441,26.2961,13.0437,26.2790
12.7909,26.3002,12.7790,26.1592
13.0467,26.2763,12.9391,24.9066
9.0776,32.1759,9.0307,31.5256
8.9273,32.3138,9.1028,34.4457
9.5311,11.5160,10.5471,24.4438
11.4360,11.4144,12.4012,24.2914
9.5357,11.4994,9.4024,11.5097
11.4334,11.4173,11.6181,11.4071
10.5447,24.4457,10.3836,24.4586
12.3937,24.3104,12.5935,24.2975
