0.0046,-14.4544,-0.4997,-13.7447
0.0046,-33.5616,-0.0888,-33.5056
0.0046,-33.9725,0.0793,-33.8791
0.0232,-28.9669,0.5275,-28.8922
0.0419,-10.8683,-0.0888,-10.8870
0.0419,-10.8683,-1.1348,-1.9031
0.0606,-33.9351,0.3408,-33.9165
0.0793,-10.8870,-0.2569,-10.9431
0.0793,-29.3965,0.0232,-28.9669
0.0793,-29.3965,-0.4811,-29.4712
0.0793,-29.3965,0.5836,-29.3405
0.0793,-33.6550,0.0046,-33.5616
0.0793,-33.8791,0.0979,-33.7670
-0.0888,-10.8870,-0.2009,-10.8870
-0.0888,-33.5056,-0.2196,-33.4869
-0.0888,-34.0285,0.0046,-33.9725
0.0979,-15.4817,0.1166,-15.5938
0.0979,-33.7670,0.0793,-33.6550
0.1166,-10.9244,-0.2569,-10.9804
0.1166,-15.3696,0.0979,-15.4817
0.1166,-15.5938,0.1913,-15.6872
-0.1262,-24.8018,-0.2569,-24.6524
-0.1262,-24.8018,0.3034,-25.3621
0.1353,-0.0914,0.3594,-1.7163
0.1353,-0.0914,-10.7164,-1.0813
0.1353,-0.1101,0.3408,-1.7163
0.1353,-0.1101,-10.7164,-1.1000
0.1727,-1.4362,1.3867,-10.7563
-0.1822,-14.5105,-0.6678,-13.8381
0.1913,-15.2762,0.1166,-15.3696
0.1913,-15.6872,0.2847,-15.7619
-0.2009,-10.8870,-0.3130,-10.9057
-0.2196,-33.4869,-0.3316,-33.5242
-0.2196,-34.0472,-0.0888,-34.0285
0.2474,-15.2202,-0.1822,-14.5105
0.2474,2.8036,-0.3503,2.7476
0.2474,2.9344,-0.3690,2.8784
-0.2569,-10.9431,-0.4437,-10.9617
-0.2569,-10.9804,-0.4624,-10.9991
-0.2569,-24.8952,0.1353,-25.3808
0.2847,-15.2015,0.1913,-15.2762
0.2847,-15.7619,0.3968,-15.7805
0.3034,-1.7163,5.3463,-1.0626
-0.3130,-10.9057,-0.4437,-10.9244
-0.3130,-34.0099,-0.2196,-34.0472
-0.3316,-33.5242,-0.4063,-33.5989
0.3408,-33.9165,0.4902,-33.9165
-0.3503,2.7476,-0.9480,2.6916
-0.3690,2.8784,-0.9667,2.8223
0.3781,-30.6852,0.4528,-31.2643
0.3968,-15.1829,0.2847,-15.2015
0.3968,-15.7805,0.5089,-15.7619
-0.4063,-33.5989,-0.4624,-33.7110
-0.4063,-33.9351,-0.3130,-34.0099
-0.4437,-10.9244,-2.3675,-9.5422
-0.4437,-10.9617,-2.7224,-9.3368
0.4528,-15.2015,0.0046,-14.4544
0.4528,-31.2643,0.6022,-31.2456
0.4528,-33.3001,0.3594,-33.8978
-0.4624,-10.9991,-2.7410,-9.3741
-0.4624,-33.7110,-0.4624,-33.8231
-0.4624,-33.8231,-0.4063,-33.9351
-0.4811,-29.4712,-0.5371,-29.0416
0.4902,-2.2019,0.9945,-6.1616
0.4902,-2.2019,2.3206,-1.9778
0.4902,-31.5444,0.5649,-32.1421
0.4902,-34.2340,0.7517,-34.2153
0.4902,-34.2527,0.7703,-34.2527
-0.4997,-13.7447,-1.0414,-13.0723
0.5089,-15.2015,0.3968,-15.1829
0.5089,-15.7619,0.6022,-15.6872
-0.5371,-29.0416,0.0232,-28.9669
-0.5558,-25.1007,-0.1262,-24.8018
0.5649,-32.1421,0.9571,-32.2168
0.5649,-32.7024,0.4528,-33.3001
-0.5931,-33.8044,-0.5931,-33.9351
-0.5931,-33.8044,-0.8920,-33.8044
-0.5931,-33.9351,-0.4250,-33.9351
-0.5931,-33.9351,-0.8920,-33.9351
0.6022,-15.2762,0.5089,-15.2015
0.6022,-15.6872,0.6770,-15.5938
0.6022,-31.2456,0.6396,-31.5257
0.6022,-33.3188,0.4902,-33.9165
0.6396,-31.5257,0.4902,-31.5444
0.6396,-31.6938,0.8824,-31.6752
0.6583,-23.8679,0.7517,-23.7559
0.6583,-23.8679,0.7517,-23.9240
0.6583,-32.1608,0.5649,-32.7024
-0.6678,-13.8381,-1.2095,-13.2030
0.6770,-15.3696,0.6022,-15.2762
0.6770,-15.5938,0.6956,-15.4817
0.6770,-31.9927,0.6396,-31.6938
0.6956,-15.4817,0.6770,-15.3696
0.6956,-32.7398,0.6022,-33.3188
-0.7052,-24.9512,-0.2569,-24.6337
0.7143,-30.3304,0.7517,-30.6292
0.7330,-29.4152,0.5836,-29.4338
-0.7425,-34.2527,0.4155,-34.2340
-0.7425,-34.2713,0.4155,-34.2527
0.7517,-23.7372,0.8451,-23.8119
0.7517,-23.9240,0.8451,-23.8119
0.7517,-30.6292,0.3781,-30.6852
0.7517,3.3266,-1.4149,3.1212
0.7517,3.3453,-1.4149,3.1585
0.8077,-32.1795,0.6956,-32.7398
0.8451,2.8410,0.2474,2.8036
0.8451,2.9904,0.2474,2.9344
0.8637,-16.4903,0.5275,-15.7432
0.8637,-30.3117,0.7143,-30.3304
0.8637,-30.3117,1.0318,-31.7125
0.8824,-31.6752,0.9198,-31.9740
-0.8920,-33.8044,-1.4896,-33.8231
-0.8920,-33.9351,-1.4896,-33.9538
0.9198,-31.9740,0.6770,-31.9927
-0.9480,2.6916,-1.5457,2.6355
-0.9667,2.8223,-1.5644,2.7663
-0.9667,-29.5459,-0.4811,-29.4712
-0.9667,-29.5459,-1.0227,-29.0977
0.9758,-32.1981,0.6209,-34.0846
0.9945,-6.1616,3.3665,-5.8627
-10.0260,-21.0137,-11.1890,-20.9962
-10.0348,-14.7351,-9.5713,-14.6389
-10.0627,-9.4488,-10.8658,-9.5796
-10.1000,-20.4126,-10.2121,-20.4313
-10.1000,-21.0103,-9.9879,-20.9916
1.0132,-16.3409,0.6583,-15.5751
1.0132,-32.1421,1.0318,-31.9740
1.0132,-32.7211,0.7517,-34.2153
1.0132,-6.2363,1.0505,-6.5912
1.0132,-6.2363,3.3665,-5.9375
-10.2121,-20.4313,-10.3055,-20.5060
-10.2121,-20.9916,-10.1000,-21.0103
10.2212,-3.5467,10.2212,-3.6588
10.2212,-3.5467,9.0445,-3.6962
10.2212,-3.6588,9.0632,-3.8082
-1.0227,-25.3621,-0.5558,-25.1007
-1.0227,-29.0977,-0.5371,-29.0416
-10.2494,1.8324,-10.8471,1.7951
-10.2681,-10.0278,-10.9592,-10.1586
-10.2681,1.9818,-10.8658,1.9258
-10.2681,-33.9538,-10.6603,-33.9538
-10.2681,-34.0846,-10.6603,-34.1032
-10.2868,-16.9199,-10.3055,-16.8078
-10.3055,-16.8078,-10.3802,-16.7144
-10.3055,-17.0319,-10.2868,-16.9199
-10.3055,-20.5060,-10.3802,-20.5994
-10.3055,-20.9169,-10.2121,-20.9916
10.3146,24.6751,9.9597,24.7124
1.0318,-31.9740,1.4241,-31.9180
-10.3802,-10.3454,-11.0526,-10.4948
-10.3802,-16.7144,-10.4736,-16.6397
-10.3802,-17.1253,-10.3055,-17.0319
-10.3802,-20.5994,-10.3988,-20.7114
-10.3802,-20.8235,-10.3055,-20.9169
-10.3988,-20.7114,-10.3802,-20.8235
-1.0414,-13.0723,-1.6577,-12.4559
-10.4549,-34.4021,-9.4836,-34.3834
-10.4549,-34.4208,-9.4836,-34.4208
-10.4736,-16.6397,-10.5856,-16.6210
-10.4736,-17.2000,-10.3802,-17.1253
1.0505,-32.7211,0.7703,-34.2527
1.0505,-32.7211,0.7890,-34.2713
-10.5332,-14.8663,-10.0348,-14.7351
10.5387,19.6882,8.8951,19.8002
10.5387,-30.2183,9.9410,-30.2930
10.5574,-30.3677,9.9597,-30.4424
10.5761,24.9552,15.3949,24.5817
-10.5856,-16.6210,-10.6977,-16.6397
-10.5856,-17.2187,-10.4736,-17.2000
10.5947,25.2541,10.5761,24.9552
-1.0601,-1.8097,0.1166,-10.9244
-1.0601,-1.8097,-1.6204,-1.8844
-1.0601,-24.8205,-1.0787,-24.7084
-10.6603,-34.2713,-10.6603,-33.9538
10.6881,1.2908,11.8275,1.4402
10.6881,3.4200,15.2455,3.8309
10.6881,3.5694,10.6881,3.4200
1.0692,-6.6659,1.5361,-10.2520
-10.6977,-16.6397,-10.7911,-16.7144
-10.6977,-17.2000,-10.5856,-17.2187
10.7068,1.1413,10.6881,1.2908
10.7068,1.1413,11.8461,1.2908
10.7075,1.1355,10.7464,0.8435
10.7464,0.8435,11.2039,0.9019
-1.0787,-24.7084,-1.1534,-24.6150
-1.0787,-24.9326,-1.0601,-24.8205
-10.7911,-16.7144,-10.8658,-16.8078
-10.7911,-17.1253,-10.6977,-17.2000
-10.8471,1.7951,-11.4448,1.7390
-10.8658,-16.8078,-10.8845,-16.9199
-10.8658,-17.0319,-10.7911,-17.1253
-10.8658,1.9258,-11.4635,1.8698
-10.8658,2.2620,-12.0051,2.1686
-10.8658,2.2994,-12.0238,2.1873
-10.8658,-9.5796,-11.6689,-9.7664
-10.8845,-16.9199,-10.8658,-17.0319
-10.8845,-34.4021,-10.5109,-34.4021
-10.8845,-34.4394,-10.5109,-34.4208
10.9123,24.4696,10.5387,19.6882
-10.9218,-12.0637,-10.9405,-11.9516
-10.9405,-11.9516,-11.0152,-11.8583
-10.9405,-12.1758,-10.9218,-12.0637
-10.9592,-10.1586,-11.6316,-10.3454
-10.9592,-34.2713,0.6209,-34.0846
-10.9592,-34.4581,0.7890,-34.2713
-1.0974,-1.8657,0.0793,-10.8870
-1.0974,-1.8657,-1.5644,-1.9218
-11.0152,-11.8583,-11.1086,-11.7835
-11.0152,-12.2692,-10.9405,-12.1758
-11.0404,-14.9887,-10.5594,-14.8750
-11.0526,-10.4948,-11.7250,-10.7002
1.1065,-32.2355,1.0132,-32.7211
-11.1086,-11.7835,-11.2207,-11.7649
-11.1086,-12.3439,-11.0152,-12.2692
11.1177,-19.0118,11.1364,-19.1612
11.1177,-19.0118,14.0127,-18.6382
11.1364,-19.1612,14.0314,-18.7876
11.1364,-30.1436,10.5387,-30.2183
11.1364,-4.8168,8.5029,-5.1530
11.1551,-30.2743,10.5574,-30.3677
-11.1890,-20.9962,-11.4689,-21.0137
-11.2207,-11.7649,-11.3327,-11.7835
-11.2207,-12.3625,-11.1086,-12.3439
1.1252,-32.2355,1.0505,-32.7211
11.2858,-4.7981,14.8906,-4.3125
-11.3327,-11.7835,-11.4261,-11.8583
-11.3327,-12.3439,-11.2207,-12.3625
-1.1348,-1.9031,-1.6017,-1.9591
11.3489,-0.4820,11.1877,0.8975
-11.4261,-11.8583,-11.5008,-11.9516
-11.4261,-12.2692,-11.3327,-12.3439
11.4352,-7.1702,11.1364,-4.8168
-11.4448,1.7390,-12.0425,1.6830
-11.4635,1.8698,-12.0612,1.8137
-11.4776,-21.0137,-11.6175,-21.0486
-11.5008,-11.9516,-11.5195,-12.0637
-11.5008,-12.1758,-11.4261,-12.2692
-11.5195,-12.0637,-11.5008,-12.1758
11.5286,-30.5358,11.9022,-30.4985
11.5286,-30.5732,11.9022,-30.5171
-1.1534,-24.6150,-1.2468,-24.5403
-1.1534,-25.0259,-1.0787,-24.9326
-11.6000,-22.2029,-11.6525,-22.2991
11.6033,-7.1702,11.2858,-4.7981
-11.6175,-21.0486,-11.7137,-21.1448
1.1626,-17.2561,0.8637,-16.4903
1.1626,-32.1608,1.0132,-32.1421
1.1626,-32.1608,1.0505,-32.7211
-11.6316,-10.3454,-12.2853,-10.5882
-11.6350,-22.0543,-11.6000,-22.2029
-11.6525,-15.1548,-11.0404,-14.9887
-11.6525,-22.2991,-11.7399,-22.3866
-11.6689,-9.7664,-12.4534,-10.0092
-11.6875,-21.6957,-11.6350,-22.0543
-11.6922,1.2941,-11.6748,1.4214
-11.7137,-21.1448,-11.7574,-21.2760
-1.1721,-34.2527,-0.7986,-34.2527
-1.1721,-34.2713,-0.7986,-34.2713
11.7341,-30.0689,11.1364,-30.1436
-11.7399,-22.3866,-11.9323,-22.4390
11.7528,-1.0066,11.8648,-1.8657
11.7528,-30.1996,11.1551,-30.2743
-11.7574,-21.2760,-11.6875,-21.6957
1.1812,3.3826,0.8077,3.3453
11.8275,1.4402,11.8461,1.2908
11.8326,0.9871,12.1909,-1.6465
11.8461,-0.8945,11.9582,-1.8471
11.8462,0.9701,11.7878,1.2620
-11.8557,-10.4014,-11.7436,-10.6816
-11.8557,-5.1343,-11.8744,-5.0223
-11.8744,-5.0223,-11.9491,-4.9289
-11.8744,-5.2464,-11.8557,-5.1343
-11.9042,1.2440,-11.7577,1.2286
-1.1908,-25.2127,-0.7052,-24.9512
-11.9117,-34.2900,-11.9304,-33.9725
-11.9304,-33.9725,-12.0612,-33.9912
-11.9304,-34.1219,-12.0612,-34.1219
-11.9323,-22.4390,-12.0897,-22.4390
-11.9491,-4.9289,-12.0612,-4.8728
-11.9491,-5.3398,-11.8744,-5.2464
11.9582,-1.8471,14.4984,-1.5296
11.9582,-30.4798,12.9668,-30.3491
11.9582,-30.5171,12.9668,-30.3864
1.1999,3.3640,0.8264,3.3266
-12.0425,1.6830,-12.6588,1.6270
-12.0612,1.8137,-12.6588,1.7577
-12.0612,-33.9912,-12.6775,-33.9912
-12.0612,-34.1219,-12.6588,-34.1406
-12.0612,-4.8728,-12.1732,-4.8728
-12.0612,-5.3958,-11.9491,-5.3398
12.0703,3.7002,10.6881,3.5694
-12.0798,2.1499,-12.4534,2.1313
-12.0798,2.1873,-12.4534,2.1499
-1.2095,-13.2030,-1.7885,-12.6054
-12.1160,-15.2948,-11.6525,-15.1548
-12.1247,-22.4390,-12.3346,-22.3778
-12.1732,-4.8728,-12.2853,-4.9289
-12.1732,-5.3958,-12.0612,-5.3958
12.1909,-1.6465,13.9645,-1.3598
12.2197,3.6815,12.4438,6.7446
12.2197,3.6815,15.2455,3.9617
-12.2853,-34.4394,-11.9117,-34.4208
-12.2853,-34.4581,-11.9117,-34.4581
-12.2853,-4.9289,-12.3600,-5.0223
-12.2853,-5.3398,-12.1732,-5.3958
12.2944,6.7633,12.0703,3.7002
12.2944,6.7633,9.5301,6.9687
12.3318,-29.9942,11.7341,-30.0689
-12.3346,-22.3778,-12.7805,-22.2117
12.3504,-30.1249,11.7528,-30.1996
-12.3600,-5.0223,-12.3787,-5.1343
-12.3600,-5.2464,-12.2853,-5.3398
-12.3787,-5.1343,-12.3600,-5.2464
12.4438,6.7446,17.7483,6.3524
-1.2468,-24.5403,-1.3589,-24.5216
-1.2468,-25.1007,-1.1534,-25.0259
-1.2468,-4.7608,-0.8920,-8.6270
-12.4721,-10.0092,-12.3040,-10.5695
-12.5007,-18.7226,-12.8068,-18.7576
-12.5007,-18.7401,-12.8155,-18.7576
-12.5094,2.1126,-14.5453,1.9258
-12.5094,2.1499,-14.5453,1.9632
-12.5532,-15.3647,-12.1160,-15.2948
-12.6231,-20.4628,-12.6231,-20.1217
-12.6231,-21.0312,-12.6231,-20.4977
-12.6588,-34.1406,-12.6775,-33.9912
-12.6588,-34.1406,-12.8083,-34.1406
-12.6775,1.9258,-12.6588,1.6270
-12.7335,1.6270,-12.7522,1.7390
1.2746,-22.6726,1.4614,-22.1496
-12.7522,1.5149,-12.7335,1.6270
-12.7522,1.7390,-12.8269,1.8324
-12.7543,-21.4421,-12.6144,-21.0661
12.7800,-9.1687,7.7184,-9.8224
-12.7805,-22.2029,-12.8767,-22.0105
-12.7896,-34.0099,-12.8083,-33.8978
-12.8083,-33.8978,-12.8830,-33.8044
-12.8083,-34.1219,-12.7896,-34.0099
-12.8155,-18.7576,-12.8592,-17.9706
-12.8269,1.4215,-12.7522,1.5149
-12.8269,1.8324,-12.9390,1.8884
12.8361,-29.9195,12.3318,-29.9942
12.8547,-30.0502,12.3504,-30.1249
-12.8592,-17.9706,-12.9292,-17.1311
12.8734,-30.2183,12.8361,-29.9195
-12.8767,-22.0105,-12.7543,-21.4421
-12.8830,-33.8044,-12.9764,-33.7484
-12.8830,-34.2153,-12.8083,-34.1219
-12.9292,-17.1311,-13.0691,-16.4753
-12.9390,1.3655,-12.8269,1.4215
-12.9390,1.8884,-13.0511,1.8884
-12.9764,-33.7484,-13.1071,-33.7297
-12.9764,-34.2713,-12.8830,-34.2153
-12.9817,-15.2598,-12.5532,-15.3647
-13.0511,1.3655,-12.9390,1.3655
-13.0511,1.8884,-13.1631,1.8324
-13.0691,-16.4753,-13.2353,-15.9593
13.0975,-9.1313,14.4797,-8.9445
-13.1071,-33.7297,-13.2192,-33.7670
-13.1071,-34.2900,-12.9764,-34.2713
1.3120,-17.1440,1.0132,-16.3409
-13.1631,1.4215,-13.0511,1.3655
-13.1631,1.8324,-13.2378,1.7390
13.1723,1.6083,13.1909,1.4589
13.1909,1.4589,14.1061,1.5896
13.1991,1.4275,13.2283,1.2523
-13.2005,-34.2527,-13.1071,-34.2900
-13.2192,-33.7670,-13.2939,-33.8418
13.2283,1.2523,13.5592,1.2815
-13.2353,-15.9593,-13.3314,-15.6970
-13.2378,1.5149,-13.1631,1.4215
-13.2378,1.7390,-13.2565,1.6270
-13.2565,1.6270,-13.2378,1.5149
13.2843,-11.9516,16.7957,-11.5034
-13.2939,-33.8418,-13.3499,-33.9538
-13.2939,-34.1780,-13.2005,-34.2527
-13.3125,-34.1406,-13.5927,-34.1406
-13.3314,-15.6970,-12.9817,-15.2598
-13.3499,1.5522,-13.9476,1.5149
-13.3499,-33.9538,-13.3499,-34.0659
-13.3499,-34.0659,-13.2939,-34.1780
-13.3686,1.7017,-13.9663,1.6456
-13.3686,1.8698,-13.3499,1.5522
13.4337,-11.5781,13.0975,-9.1313
13.4337,-11.5781,16.7397,-11.1485
-13.4806,-33.9912,-13.4620,-34.1406
13.4898,-3.0051,9.9410,-3.4533
-13.4993,-34.4581,-12.3600,-34.4394
-13.4993,-34.4768,-12.3600,-34.4581
13.5084,-13.5392,13.2843,-11.9516
13.5084,-2.9490,9.9224,-3.4160
13.5084,-3.1358,13.4898,-3.0051
13.5271,-2.9677,13.5458,-3.1358
13.5271,-3.2666,13.5084,-3.1358
13.5458,-3.1358,13.5645,-3.2852
-13.5554,-33.3935,-13.4806,-33.9912
13.5645,-13.9875,13.8446,-13.9501
-1.3589,-24.5216,-1.4710,-24.5403
-1.3589,-25.1193,-1.2468,-25.1007
-13.6114,-34.0099,-13.5927,-34.1406
-13.6301,-32.7958,-13.5554,-33.3935
-13.6861,-33.4122,-13.6114,-34.0099
-13.7048,-32.1981,-13.6301,-32.7958
-13.7608,-32.8145,-13.6861,-33.4122
-13.7608,-34.3087,-11.8931,-34.2900
-13.7795,-31.6004,-13.7048,-32.1981
13.7886,-13.5206,13.5084,-13.5392
13.8446,-13.9501,13.7886,-13.5206
-13.8542,-32.2168,-13.7608,-32.8145
1.3867,-18.0405,1.1626,-17.2561
-13.8729,10.6295,-13.8916,10.7416
-13.8729,-31.0028,-13.7795,-31.6004
13.8820,-7.0021,15.2268,-6.8340
13.8820,-7.0021,8.4281,-7.7305
-13.8916,10.5175,-13.8729,10.6295
-13.8916,10.7416,-13.9663,10.8350
-13.8916,-34.4581,-13.5740,-34.4581
-13.9102,-34.4768,-13.5740,-34.4768
-13.9289,-24.8392,-13.9476,-24.7084
-13.9289,-31.6191,-13.8542,-32.2168
-13.9289,-34.4955,-11.8931,-34.4581
-13.9476,1.5149,-14.5453,1.4589
-13.9476,-24.7084,-14.0223,-24.5964
-13.9476,-24.9699,-13.9289,-24.8392
-13.9476,-30.4051,-13.8729,-31.0028
13.9645,-1.3598,13.5525,1.2916
-13.9663,10.4241,-13.8916,10.5175
-13.9663,10.8350,-14.0597,10.9097
-13.9663,1.6456,-14.5639,1.5896
-14.0036,-31.0214,-13.9289,-31.6191
14.0127,-18.6382,12.7800,-9.1687
-14.0223,-24.5964,-14.1344,-24.5216
-14.0223,-25.0820,-13.9476,-24.9699
-14.0223,-29.8074,-13.9476,-30.4051
14.0501,-18.8997,14.0314,-18.7876
1.4054,-10.7563,4.3004,-10.3827
-14.0597,10.3494,-13.9663,10.4241
-14.0597,10.9097,-14.1717,10.9284
-14.0783,-30.4238,-14.0036,-31.0214
14.0875,-8.6084,8.2040,-9.3741
-14.0970,-29.2097,-14.0223,-29.8074
-14.1344,-24.5216,-14.2651,-24.5030
-14.1344,-25.1567,-14.0223,-25.0820
-14.1344,-32.5904,-13.8916,-34.4581
14.1435,1.9071,14.5170,1.9445
-14.1530,-29.8261,-14.0783,-30.4238
-14.1530,-32.6090,-13.9102,-34.4768
14.1622,1.7390,13.1723,1.6083
14.1622,1.7390,14.1435,1.9071
14.1622,-19.7962,14.2929,-20.8795
14.1622,-21.1970,5.0475,-22.3924
-14.1717,10.3307,-14.0597,10.3494
-14.1717,10.9284,-14.2838,10.9097
-14.1717,-28.6120,-14.0970,-29.2097
14.1995,-18.8810,13.5645,-13.9875
14.1995,-18.8810,14.0501,-18.8997
-14.2278,-29.2284,-14.1530,-29.8261
1.4241,-10.7189,0.2100,-1.4175
1.4241,-10.7189,4.2817,-10.3454
1.4241,-11.8209,4.4498,-11.4287
1.4241,-31.9180,1.4614,-32.1234
-14.2464,-28.0144,-14.1717,-28.6120
-14.2651,-24.5030,-14.3958,-24.5216
-14.2651,-25.1754,-14.1344,-25.1567
-14.2838,10.3494,-14.1717,10.3307
-14.2838,10.9097,-14.3772,10.8350
14.2929,-20.8795,7.8118,-21.7200
14.3116,-19.7589,14.1622,-19.7962
-14.3211,-28.6307,-14.2278,-29.2284
-14.3398,-27.4167,-14.2464,-28.0144
-14.3772,10.4241,-14.2838,10.3494
-14.3772,10.8350,-14.4519,10.7416
-14.3958,-24.5216,-14.5079,-24.5964
-14.3958,-25.1567,-14.2651,-25.1754
-14.3958,-28.0330,-14.3211,-28.6307
14.4050,-23.1395,14.1622,-21.1970
14.4050,-23.1395,14.7412,-23.1022
-14.4145,-26.8190,-14.3398,-27.4167
-14.4145,-30.4611,-14.1344,-32.5343
1.4427,2.8970,0.8451,2.8410
1.4427,3.0465,0.8451,2.9904
1.4427,-31.6565,1.0318,-31.7125
-14.4332,-30.4611,-14.1717,-32.5343
14.4423,10.8724,14.8346,10.8724
14.4423,11.3580,14.4423,10.8724
14.4423,-8.5710,14.0875,-8.6084
14.4423,-8.5710,14.4797,-8.9445
-14.4519,10.5175,-14.3772,10.4241
-14.4519,10.7416,-14.4706,10.6295
-14.4706,10.6295,-14.4519,10.5175
-14.4706,-27.4353,-14.3958,-28.0330
-14.4706,-28.8362,-13.7608,-34.3087
-14.4706,-30.0129,-14.4145,-30.3864
14.4797,-49.5496,9.8476,-48.5784
-14.4892,-26.2213,-14.4145,-26.8190
-14.4892,-30.0129,-14.4519,-30.4051
14.4984,-1.5296,14.1061,1.5896
-14.5079,-24.5964,-14.5826,-24.7084
-14.5079,-25.0820,-14.3958,-25.1567
14.5170,1.9445,14.5544,1.6643
-1.4523,-12.5120,-2.1060,-11.9330
14.5357,-1.7910,14.8532,-4.1818
-14.5453,1.4589,-15.1430,1.4028
-14.5453,-26.8377,-14.4706,-27.4353
-14.5639,1.5896,-15.1616,1.5336
-14.5639,-25.6236,-14.4892,-26.2213
14.5731,-1.3801,14.1995,1.4589
14.5731,1.4962,14.1995,1.4589
-14.5826,-24.7084,-14.6013,-24.8392
-14.5826,-24.9699,-14.5079,-25.0820
-14.6013,-24.8392,-14.5826,-24.9699
1.4614,-10.6816,0.3034,-1.7163
1.4614,-10.6816,5.3090,-10.1773
1.4614,-22.1496,1.6108,-21.5893
1.4614,-22.7473,1.2746,-22.6726
1.4614,-22.7473,1.6669,-22.2056
1.4614,-22.7473,2.9930,-23.4197
1.4614,-32.1234,1.1626,-32.1608
-14.6200,1.9258,-15.5725,1.8324
-14.6200,1.9445,-15.5725,1.8698
-14.6200,-26.2400,-14.5453,-26.8377
-14.6200,-28.8922,-14.4706,-29.9381
14.6291,-48.8025,14.4797,-49.5496
-14.6387,-25.0259,-14.5639,-25.6236
-14.6387,-28.8922,-14.5079,-29.9381
-14.6573,-28.8735,-13.9289,-34.4955
14.6665,1.6643,14.5544,1.6643
14.6665,1.6643,14.6851,1.5149
14.6665,-22.5231,14.3116,-19.7589
14.6851,1.5149,14.5731,1.4962
-14.6947,-25.6423,-14.6200,-26.2400
-1.4710,-24.5403,-1.5644,-24.6150
-1.4710,-25.1007,-1.3589,-25.1193
-1.4710,3.1212,-2.6290,3.0091
-1.4710,3.1398,-2.6290,3.0465
-14.7134,-24.4283,-14.6387,-25.0259
14.7225,-22.9341,15.0027,-22.8967
14.7412,-23.1022,14.7225,-22.9341
14.7412,-30.1623,15.3202,-30.0876
-14.7881,-25.0446,-14.6947,-25.6423
-14.8068,-23.8306,-14.7134,-24.4283
14.8159,-29.9755,15.3015,-29.9008
14.8346,10.8724,14.8346,11.3580
14.8346,11.3580,14.4423,11.3580
14.8532,-23.9987,14.5357,-24.0360
-14.8628,-24.4469,-14.7881,-25.0446
-14.8815,-17.5176,-14.9001,-17.3868
-14.8815,-23.2329,-14.8068,-23.8306
14.8906,-30.1062,15.2641,-30.0502
14.8906,-30.1249,15.2641,-30.0876
14.8906,-4.3125,14.9279,-4.5553
-1.4896,-33.8231,-2.0873,-33.8231
-1.4896,-33.9538,-2.0873,-33.9538
-14.9001,-17.3868,-14.9749,-17.2747
-14.9001,-17.6483,-14.8815,-17.5176
-14.9375,-23.8493,-14.8628,-24.4469
14.9466,-22.4858,14.6665,-22.5231
-14.9562,-22.6352,-14.8815,-23.2329
-14.9749,-17.2747,-15.0869,-17.2000
-14.9749,-17.7604,-14.9001,-17.6483
15.0027,-22.8967,14.9466,-22.4858
-15.0122,-23.2516,-14.9375,-23.8493
15.0213,-1.3241,14.5731,-1.3801
-15.0309,-22.0375,-14.9562,-22.6352
15.0587,-5.5079,15.5069,-5.4518
-1.5083,-12.5120,-2.1434,-11.9330
-1.5083,-25.5863,-1.0227,-25.3621
-1.5083,-25.5863,1.9097,-25.1380
-15.0869,-17.2000,-15.2177,-17.1814
-15.0869,-17.8351,-14.9749,-17.7604
-15.0869,-22.6539,-15.0122,-23.2516
15.0960,-1.7910,15.0213,-1.3241
-15.1056,-21.4398,-15.0309,-22.0375
-15.1056,-24.0734,-14.9001,-25.6236
-15.1056,-25.1940,-15.0496,-25.5676
-15.1243,-25.1940,-15.0682,-25.5676
-15.1430,1.4028,-15.7406,1.3468
-15.1616,1.5336,-15.7593,1.4775
-15.1616,-22.0562,-15.0869,-22.6539
1.5174,-22.5979,3.0490,-23.2702
1.5174,-32.1234,1.4427,-31.6565
-15.1803,-20.8422,-15.1056,-21.4398
15.2081,-6.7032,11.6033,-7.1702
15.2081,-6.7032,15.0587,-5.5079
-15.2177,-17.1814,-15.3484,-17.2000
-15.2177,-17.8538,-15.0869,-17.8351
15.2268,-29.3965,14.5357,-24.0360
-15.2363,-24.1481,-15.1056,-25.1380
15.2455,-27.0058,14.8532,-23.9987
15.2455,-29.9195,15.1894,-29.4152
15.2455,3.9617,15.2455,3.8309
-15.2550,-21.4585,-15.1616,-22.0562
-15.2550,-24.1481,-15.1243,-25.1380
15.2641,19.5201,10.5574,19.8749
-15.2737,-20.2445,-15.1803,-20.8422
-15.2737,-24.0921,-15.0869,-25.6423
15.3015,-27.4167,15.5817,-27.3793
15.3202,-29.8634,17.2626,-29.6206
-15.3297,-20.8608,-15.2550,-21.4585
15.3389,20.5100,15.6190,24.1148
15.3389,-30.0689,15.3202,-29.8634
15.3389,-4.0510,15.0400,-1.8097
-15.3484,-17.2000,-15.4605,-17.2747
-15.3484,-17.8351,-15.2177,-17.8538
-15.3484,-19.6468,-15.2737,-20.2445
1.5361,-10.2520,3.1424,-10.0465
1.5361,-18.8437,1.3867,-18.0405
15.3762,-8.8325,15.3389,-8.4403
15.3949,24.5817,15.4322,24.9179
15.3949,-4.5553,14.9279,-4.6114
-15.4044,-20.2632,-15.3297,-20.8608
-15.4231,-19.0491,-15.3484,-19.6468
15.4322,24.9179,16.0860,24.8805
15.4322,-4.4806,15.3762,-4.0510
15.4322,-8.4403,15.2268,-6.8340
15.4509,19.3146,10.3893,19.6882
15.4509,19.3146,15.4696,19.5948
-1.5457,2.6355,-2.1434,2.5795
-15.4605,-17.2747,-15.5352,-17.3868
-15.4605,-17.7604,-15.3484,-17.8351
15.4696,19.5948,15.2828,19.6135
-15.4791,-19.6655,-15.4044,-20.2632
-15.4978,-18.4701,-15.4231,-19.0491
15.5069,-5.4518,15.6003,-6.2363
-15.5165,-12.6614,-15.5352,-12.5306
15.5256,20.5100,15.3389,20.5100
15.5256,-26.9684,15.2455,-27.0058
-15.5352,-12.5306,-15.6099,-12.4186
-15.5352,-12.7921,-15.5165,-12.6614
-15.5352,-17.3868,-15.5539,-17.5176
-15.5352,-17.6483,-15.4605,-17.7604
1.5548,-17.9471,1.3120,-17.1440
-15.5539,-17.5176,-15.5352,-17.6483
-15.5539,-19.0678,-15.4791,-19.6655
15.5630,-29.3591,15.3015,-27.4167
15.5630,-29.3591,15.8431,-29.3218
-15.5725,-17.8724,-15.4978,-18.4701
-15.5725,-20.4499,-15.3671,-21.9815
-15.5725,-21.5519,-15.5165,-21.9255
15.5817,-27.3793,15.5256,-26.9684
-15.5912,-21.5519,-15.5539,-21.9441
-15.6099,-12.4186,-15.7220,-12.3439
-15.6099,-12.9042,-15.5352,-12.7921
15.6190,-6.3857,15.9365,-8.7578
-15.6286,-18.4701,-15.5539,-19.0678
-1.5644,-24.6150,-1.6391,-24.7084
-1.5644,-25.0259,-1.4710,-25.1007
-1.5644,2.7663,-2.1620,2.7103
-15.6472,-17.2747,-15.5725,-17.8724
-15.6472,1.8324,-18.0193,1.6270
-15.6472,1.8511,-18.0193,1.6456
15.6564,-31.3390,16.1046,-31.2643
15.6937,-6.2176,15.7124,-6.3670
-15.7033,-20.5246,-15.5725,-21.4959
-15.7220,-12.3439,-15.8527,-12.3252
-15.7220,-12.9789,-15.6099,-12.9042
-15.7220,-17.8911,-15.6286,-18.4701
-15.7220,-20.5246,-15.6099,-21.4959
-15.7406,1.3468,-16.3383,1.2908
-15.7406,-16.6771,-15.6472,-17.2747
-15.7593,1.4775,-16.3570,1.4215
-15.7593,-20.4686,-15.5539,-22.0002
-15.7967,-17.2934,-15.7220,-17.8911
15.8058,24.0961,15.5256,20.5100
-15.8153,-16.0794,-15.7406,-16.6771
15.8245,-32.5156,15.6564,-31.3390
15.8431,-29.3218,15.8805,-29.6393
-15.8527,-12.3252,-15.9834,-12.3439
-15.8527,-12.9976,-15.7220,-12.9789
-15.8714,-16.6957,-15.7967,-17.2934
15.8805,-29.6393,17.3187,-29.4525
-15.8901,-15.4817,-15.8153,-16.0794
15.9365,-8.7578,15.3762,-8.8325
-15.9461,-16.0981,-15.8714,-16.6957
-15.9648,-14.8840,-15.8901,-15.4817
-15.9648,-31.3203,-15.9834,-31.1895
-15.9834,-12.3439,-16.0955,-12.4186
-15.9834,-12.9789,-15.8527,-12.9976
-15.9834,-17.3495,-15.8527,-18.3580
-15.9834,-31.1895,-16.0582,-31.0775
-15.9834,-31.4510,-15.9648,-31.3203
-1.6017,-1.9591,-1.2468,-4.7608
-1.6017,-1.9965,-10.5669,-2.7996
-1.6017,-2.0152,-10.5669,-2.8183
-16.0208,-15.5004,-15.9461,-16.0981
-16.0395,-14.2863,-15.9648,-14.8840
16.0486,24.3762,17.1506,24.3015
-16.0582,-31.0775,-16.1702,-31.0028
-16.0582,-31.5631,-15.9834,-31.4510
16.0860,24.8805,16.0486,24.3762
-16.0955,-12.4186,-16.1702,-12.5306
-16.0955,-12.9042,-15.9834,-12.9789
-16.0955,-14.9027,-16.0208,-15.5004
16.1046,-31.2643,16.2727,-32.4596
1.6108,-21.5893,1.6855,-21.0476
-16.1142,-13.6887,-16.0395,-14.2863
16.1420,3.9056,16.1420,4.0364
16.1420,4.0364,18.0284,4.2045
-16.1702,-12.5306,-16.1889,-12.6614
-16.1702,-12.7921,-16.0955,-12.9042
-16.1702,-15.7992,-16.1142,-16.2475
-16.1702,-17.2934,-16.0208,-18.3767
-16.1702,-31.0028,-16.3010,-30.9841
-16.1702,-31.6378,-16.0582,-31.5631
-16.1889,-12.6614,-16.1702,-12.7921
-16.1889,-14.3050,-16.0955,-14.9027
-16.2076,-13.0910,-16.1142,-13.6887
-16.2636,-13.7073,-16.1889,-14.3050
16.2727,-32.4596,15.8245,-32.5156
-16.2823,-12.4933,-16.2076,-13.0910
16.2914,3.9243,16.1420,3.9056
16.2914,3.9243,16.5529,1.9258
1.6295,-11.8769,1.9284,-14.1369
-16.3010,-15.8926,-16.2636,-16.2662
-16.3010,-30.9841,-16.4317,-31.0028
-16.3010,-31.6565,-16.1702,-31.6378
-16.3383,1.2908,-16.9547,1.2347
-16.3383,-13.1096,-16.2636,-13.7073
-16.3383,-15.8926,-16.2823,-16.2662
-16.3570,-11.8956,-16.2823,-12.4933
-16.3570,1.4215,-16.9547,1.3655
-16.3570,-15.8366,-16.3010,-16.2662
-1.6391,-24.7084,-1.6577,-24.8205
-1.6391,-24.9326,-1.5644,-25.0259
-16.4130,-12.5120,-16.3383,-13.1096
-16.4130,-5.7320,-16.4317,-5.6013
16.4221,3.9430,16.6463,2.2060
-16.4317,-11.2979,-16.3570,-11.8956
-16.4317,-31.0028,-16.5438,-31.0775
-16.4317,-31.6378,-16.3010,-31.6565
-16.4317,-5.6013,-16.5064,-5.4892
-16.4317,-5.8627,-16.4130,-5.7320
16.4595,1.9071,16.4782,1.7577
1.6482,-19.6468,1.5361,-18.8437
-16.4877,-11.9143,-16.4130,-12.5120
-16.5064,-10.7002,-16.4317,-11.2979
-16.5064,-5.4892,-16.6185,-5.4145
-16.5064,-5.9748,-16.4317,-5.8627
-16.5438,-31.0775,-16.6185,-31.1895
-16.5438,-31.5631,-16.4317,-31.6378
-16.5624,-11.3166,-16.4877,-11.9143
-1.6577,-24.8205,-1.6391,-24.9326
-16.5811,-10.1026,-16.5064,-10.7002
16.5902,1.7577,16.4782,1.7577
16.5902,1.7577,16.7210,0.7678
-16.6185,-31.1895,-16.6372,-31.3203
-16.6185,-31.4510,-16.5438,-31.5631
-16.6185,-5.4145,-16.7492,-5.3958
-16.6185,-6.0495,-16.5064,-5.9748
-16.6372,-31.3203,-16.6185,-31.4510
16.6463,2.2060,18.2712,2.4114
-16.6558,-10.7189,-16.5624,-11.3166
1.6669,-22.2056,1.8163,-21.6453
-16.6745,-13.0163,-16.5998,-13.6700
-16.6745,-2.1833,-17.9446,-2.2953
-16.6745,-9.5049,-16.5811,-10.1026
-16.6932,-2.1459,-17.8699,-2.2580
-16.7119,-13.0163,-16.6185,-13.6700
-16.7119,-1.7537,-16.6745,-2.1833
16.7210,0.7678,17.0012,0.8051
-16.7305,-10.1212,-16.6558,-10.7189
-16.7305,-1.7537,-16.6932,-2.1459
-16.7492,-12.5867,-16.6932,-12.9602
-16.7492,-5.3958,-16.8800,-5.4145
-16.7492,-6.0682,-16.6185,-6.0495
-16.7492,-8.9072,-16.6745,-9.5049
-16.7679,-12.5867,-16.7119,-12.9602
-16.7679,-1.7537,-16.7305,-2.1272
16.7957,-11.5034,16.7397,-11.1485
16.7957,-40.6217,16.8144,-40.7338
-16.8053,-9.5236,-16.7305,-10.1212
16.8144,-40.5097,16.7957,-40.6217
16.8144,-40.7338,16.8891,-40.8272
-16.8239,-8.3095,-16.7492,-8.9072
-16.8361,-3.0721,-16.7150,-4.0339
16.8517,1.9258,18.6074,2.1686
1.6855,-21.0476,1.7042,-20.4873
-16.8613,-2.0152,-16.8986,-1.7724
-16.8800,0.1328,-16.9173,0.5623
-16.8800,-5.4145,-16.9920,-5.4892
-16.8800,-6.0495,-16.7492,-6.0682
-16.8800,-8.9259,-16.8053,-9.5236
16.8891,-40.4163,16.8144,-40.5097
16.8891,-40.8272,16.9825,-40.9019
-16.8986,0.1328,-16.9360,0.5437
-16.8986,-10.3267,-16.4504,-13.7260
-16.8986,-7.7118,-16.8239,-8.3095
-16.9360,0.1328,-16.9734,0.5063
16.9451,-1.0253,17.2440,-0.9879
-1.6951,-25.4368,-1.1908,-25.2127
-16.9547,1.2347,-17.5524,1.1787
-16.9547,1.3655,-17.5524,1.3094
-16.9547,-8.3282,-16.8800,-8.9259
-16.9685,0.1120,-16.7927,-1.7484
-16.9734,-10.8497,-16.7492,-12.5120
-16.9734,-7.1141,-16.8986,-7.7118
16.9825,-40.3416,16.8891,-40.4163
16.9825,-40.9019,17.0945,-40.9206
-16.9920,-10.8497,-16.7679,-12.5306
-16.9920,-5.4892,-17.0667,-5.6013
-16.9920,-5.9748,-16.8800,-6.0495
17.0012,0.8425,16.8517,1.9258
-17.0294,-10.4014,-16.9734,-10.7936
-17.0294,-7.7305,-16.9547,-8.3282
1.7042,-20.4686,1.6482,-19.6468
-17.0481,-10.4201,-16.9920,-10.7936
-17.0481,-6.5165,-16.9734,-7.1141
-17.0667,0.1141,-17.0854,0.3756
-17.0667,-10.3454,-16.6372,-13.7447
-17.0667,-5.6013,-17.0854,-5.7320
-17.0667,-5.8627,-16.9920,-5.9748
-17.0854,0.3756,-20.3727,0.0767
-17.0854,-5.7320,-17.0667,-5.8627
17.0945,-40.3229,16.9825,-40.3416
17.0945,-40.9206,17.2066,-40.9019
-17.1228,-7.1328,-17.0294,-7.7305
-17.1415,-5.9188,-17.0481,-6.5165
17.1506,24.3015,30.2809,25.7584
-17.1975,-6.5351,-17.1228,-7.1328
17.2066,-40.3416,17.0945,-40.3229
17.2066,-40.9019,17.3000,-40.8272
-17.2162,-5.3211,-17.1415,-5.9188
1.7229,-18.7876,1.5548,-17.9471
17.2440,-1.0439,17.8603,-5.7880
17.2626,-29.6206,17.2813,-29.8074
-17.2722,-5.9375,-17.1975,-6.5351
17.2813,-29.6580,18.5701,-29.4899
17.2813,-29.8074,15.3389,-30.0689
-17.2909,-4.7234,-17.2162,-5.3211
17.3000,-29.8261,18.5887,-29.6580
17.3000,-40.4163,17.2066,-40.3416
17.3000,-40.8272,17.3747,-40.7338
17.3187,-29.4525,17.3374,-29.6393
-1.7325,-12.3625,-2.2741,-12.9602
-1.7325,-12.3625,-2.2928,-11.8769
-17.3469,-5.3398,-17.2722,-5.9375
17.3560,-29.7887,18.5327,-29.6206
17.3560,-29.8074,18.5327,-29.6580
-17.3656,-4.1257,-17.2909,-4.7234
17.3747,-40.5097,17.3000,-40.4163
17.3747,-40.7338,17.3934,-40.6217
17.3934,-40.6217,17.3747,-40.5097
1.7416,-11.9516,2.0217,-14.0996
1.7416,-11.9516,4.6553,-11.5781
-17.4216,-4.7421,-17.3469,-5.3398
-17.4403,-3.5281,-17.3656,-4.1257
17.4681,-50.1660,18.1965,-50.3154
17.4868,-5.9935,17.5054,-6.1429
-17.4963,-4.1444,-17.4216,-4.7421
-17.5150,-2.9304,-17.4403,-3.5281
17.5241,17.2974,17.5802,16.9239
-17.5524,1.1787,-18.1500,1.1227
17.5802,16.9239,18.0097,16.9799
-17.5897,-2.4074,-17.5150,-2.9304
-17.5897,-3.5467,-17.4963,-4.1444
17.5988,-5.9748,16.9451,-1.0253
17.5988,-5.9748,17.4868,-5.9935
17.6175,-6.1242,17.5054,-6.1429
-17.6644,-2.9490,-17.5897,-3.5467
-17.6644,-2.9490,-17.7205,-2.4261
-1.7698,-12.6054,-1.6391,-12.4559
-17.7205,-2.4261,-17.5897,-2.4074
-17.7205,-2.4261,-17.7391,-2.2767
-17.8512,-4.0137,-17.5524,-6.3297
-17.8886,-2.2393,-16.7305,-2.1272
-17.8886,-4.0137,-17.5710,-6.3297
-17.9446,-2.2953,-17.4029,-6.3857
17.9724,17.3722,17.5241,17.2974
17.9724,23.9280,10.9123,24.4696
18.0097,16.9799,17.9724,17.3722
18.0284,-1.2867,18.1592,-0.8945
18.0284,4.2045,17.7483,6.3524
18.0471,4.0924,16.4221,3.9430
-1.8072,-12.4373,-2.9091,-11.5221
-18.0753,1.6083,-18.5796,1.5709
-18.0753,1.6456,-18.6170,1.5896
-18.0753,-2.3887,-17.8699,-3.9576
-18.0940,-2.3887,-17.8886,-3.9576
-18.1127,0.4689,-18.2061,1.2534
-18.1127,-2.3140,-17.5897,-6.4044
18.1405,3.3826,18.0471,4.0924
-18.1500,1.2534,-18.3928,1.2347
18.1592,-0.8945,18.5887,-1.0253
1.8163,-21.6453,1.8910,-21.0663
18.1965,-50.3154,19.1678,-45.6647
-18.2248,0.3942,-16.9734,0.5063
-18.2248,0.4316,-16.9360,0.5437
18.2526,2.4861,18.5514,2.5235
-18.2995,0.4503,-16.9173,0.5623
1.8350,-19.6281,1.7229,-18.7876
18.4206,-45.5152,17.4681,-50.1660
-18.4302,1.4402,-18.2995,0.4503
18.4393,3.4200,18.0284,6.6325
18.4393,3.4200,18.1405,3.3826
18.4580,-1.4362,18.0284,-1.2867
-18.4676,0.4316,-20.5594,0.2448
18.5327,-10.9057,18.5887,-11.2606
-18.5423,0.3942,-20.5408,0.2075
18.5701,-29.4525,23.9866,-28.7428
-18.5796,1.5709,-18.4489,0.5063
18.5887,-1.0253,18.4580,-1.4362
18.5887,-29.6393,18.5701,-29.4525
18.6074,2.1686,18.5514,2.5235
-18.6170,1.5896,-18.4676,0.5063
-18.6357,1.6083,-18.4676,0.4316
-18.6917,1.0853,-18.7104,1.2161
-18.7104,0.9546,-18.6917,1.0853
-18.7104,1.2161,-18.7851,1.3281
-18.7851,0.8425,-18.7104,0.9546
-18.7851,1.3281,-18.8971,1.4028
18.8316,-10.8683,18.5327,-10.9057
18.8316,-10.8683,18.8876,-11.2232
18.8876,-11.2232,18.5887,-11.2606
-18.8971,0.7678,-18.7851,0.8425
-18.8971,1.4028,-19.0279,1.4215
1.8910,10.9097,1.9097,10.7976
1.8910,-20.4686,1.8350,-19.6281
1.8910,-21.0663,1.9097,-20.4686
-1.9006,-26.0532,-1.9753,-25.8104
-19.0279,0.7491,-18.8971,0.7678
-19.0279,1.4215,-19.1586,1.4028
1.9097,10.7976,1.9844,10.7043
1.9097,11.0218,1.8910,10.9097
1.9097,-25.1193,2.3206,-24.5777
-19.1586,0.7678,-19.0279,0.7491
-19.1586,1.4028,-19.2707,1.3281
19.1678,-45.6647,18.4206,-45.5152
19.1678,4.8021,19.5787,4.8582
19.2425,4.2979,19.1678,4.8021
-19.2707,0.8425,-19.1586,0.7678
-19.2707,1.3281,-19.3454,1.2161
-19.3454,0.9546,-19.2707,0.8425
-19.3454,1.2161,-19.3641,1.0853
-19.3641,1.0853,-19.3454,0.9546
19.5787,4.8582,19.6347,4.3352
19.6347,4.3352,19.2425,4.2979
1.9844,10.7043,2.0778,10.6295
1.9844,11.1152,1.9097,11.0218
1.9844,-25.2687,2.4140,-24.7084
1.9844,-42.5642,2.0031,-42.6762
2.0031,-42.4521,1.9844,-42.5642
2.0031,-42.6762,2.0778,-42.7696
2.0031,-46.2437,2.7502,-46.2250
-20.1485,-2.3140,-16.8613,-2.0152
-20.1672,-2.0525,-20.1485,-2.3140
-20.2793,-2.4634,-18.1874,-2.2580
-20.2980,-2.4821,-18.1874,-2.2953
-20.3166,-2.0712,-20.2793,-2.4634
-20.3166,-2.5008,-18.1127,-2.3140
-20.3166,-2.5008,-20.3540,-2.0712
-20.3353,-2.0712,-20.2980,-2.4821
-20.3727,0.0767,-20.3540,-0.1848
2.0404,2.9531,1.4427,2.8970
2.0404,3.1025,1.4427,3.0465
-20.4847,-0.1848,-20.5221,0.1888
-20.5034,-0.1848,-20.5408,0.2075
-20.5221,0.1888,-18.5423,0.3756
-20.5594,0.2448,-20.5221,-0.1848
-20.6155,-6.2737,-20.6342,-6.1429
-20.6342,-6.1429,-20.7089,-6.0308
-20.6342,-6.4044,-20.6155,-6.2737
-20.7089,-6.0308,-20.8209,-5.9561
-20.7089,-6.5165,-20.6342,-6.4044
2.0778,10.6295,2.1898,10.6109
2.0778,11.1899,1.9844,11.1152
2.0778,-42.3587,2.0031,-42.4521
2.0778,-42.7696,2.1712,-42.8443
-20.8209,-5.9561,-20.9517,-5.9375
-20.8209,-6.5912,-20.7089,-6.5165
-2.0873,-33.8231,-2.7037,-33.8418
-2.0873,-33.9538,-2.6850,-33.9725
-20.9517,-5.9375,-21.0824,-5.9561
-20.9517,-6.6099,-20.8209,-6.5912
-2.1060,-11.9330,-2.7784,-11.3913
-21.0824,10.4988,-21.1011,10.6295
-21.0824,-5.9561,-21.1945,-6.0308
-21.0824,-6.5912,-20.9517,-6.6099
-21.1011,10.3681,-21.0824,10.4988
-21.1011,10.6295,-21.1758,10.7416
2.1151,-50.9131,2.0031,-46.2437
-21.1758,10.2560,-21.1011,10.3681
-21.1758,10.7416,-21.2879,10.8163
-21.1945,-6.0308,-21.2692,-6.1429
-21.1945,-6.5165,-21.0824,-6.5912
-21.2692,-6.1429,-21.2879,-6.2737
-21.2692,-6.4044,-21.1945,-6.5165
-21.2879,10.1813,-21.1758,10.2560
-21.2879,10.8163,-21.4186,10.8350
-21.2879,-6.2737,-21.2692,-6.4044
2.1338,-26.3147,1.9844,-25.2874
21.4091,-12.5306,21.8573,-12.4746
-21.4186,10.1626,-21.2879,10.1813
-21.4186,10.8350,-21.5494,10.8163
-2.1434,-11.9330,-2.8158,-11.4100
-2.1434,-13.0723,-1.7511,-12.6240
-2.1434,2.5795,-2.7410,2.5235
-21.4560,-13.4458,-21.4746,-13.3151
21.4651,-12.9602,21.4091,-12.5306
-21.4746,-13.3151,-21.5494,-13.2030
-21.4746,-13.5766,-21.4560,-13.4458
21.4838,11.4700,21.5024,10.9844
21.5024,10.9844,21.8947,11.0031
2.1525,-25.2687,2.2832,-26.2960
2.1525,-25.2687,2.5260,-24.7831
-21.5494,10.1813,-21.4186,10.1626
-21.5494,10.8163,-21.6614,10.7416
-21.5494,-13.2030,-21.6614,-13.1283
-21.5494,-13.6887,-21.4746,-13.5766
-2.1620,2.7103,-2.7597,2.6542
-21.6614,10.2560,-21.5494,10.1813
-21.6614,10.7416,-21.7361,10.6295
-21.6614,-13.1283,-21.7922,-13.1096
-21.6614,-13.7634,-21.5494,-13.6887
2.1712,-42.2840,2.0778,-42.3587
2.1712,-42.8443,2.2832,-42.8630
-21.7361,10.3681,-21.6614,10.2560
-21.7361,10.6295,-21.7548,10.4988
-21.7548,10.4988,-21.7361,10.3681
-21.7922,-13.1096,-21.9229,-13.1283
-21.7922,-13.7820,-21.6614,-13.7634
21.8200,-10.4761,21.8573,-10.8310
21.8200,-10.4761,22.5484,-10.3827
21.8386,-10.6816,18.8689,-11.0738
21.8386,-10.7002,18.8689,-11.0925
21.8573,-10.8123,18.8689,-11.2045
21.8573,-10.8310,18.8876,-11.2232
21.8573,-12.4746,21.9134,-12.8855
21.8760,11.4887,21.4838,11.4700
21.8947,11.0031,21.8760,11.4887
2.1898,10.6109,2.3019,10.6295
2.1898,11.2086,2.0778,11.1899
21.9134,-12.8855,21.4651,-12.9602
-21.9229,-13.1283,-22.0350,-13.2030
-21.9229,-13.7634,-21.7922,-13.7820
-21.9229,-2.3887,-22.0350,-2.4074
-21.9416,-2.2019,-21.9229,-2.3887
-22.0350,-13.2030,-22.1097,-13.3151
-22.0350,-13.6887,-21.9229,-13.7634
-22.0350,-18.4514,-22.0537,-18.3207
-22.0350,-2.3887,-22.0537,-2.2393
-22.0350,-2.4074,-22.0537,-2.2019
-22.0537,-18.3207,-22.1284,-18.2086
-22.0537,-18.5822,-22.0350,-18.4514
-22.0537,-2.2019,-21.9416,-2.2019
-22.0537,-2.2393,-22.0350,-2.3887
-22.1097,-13.3151,-22.1284,-13.4458
-22.1097,-13.5766,-22.0350,-13.6887
-22.1284,-13.4458,-22.1097,-13.5766
-22.1284,-18.2086,-22.2404,-18.1339
-22.1284,-18.6942,-22.0537,-18.5822
-2.2181,-15.8553,-2.2367,-15.7432
-2.2181,-25.5863,-1.6951,-25.4368
-22.2404,-18.1339,-22.3712,-18.1152
-22.2404,-18.7690,-22.1284,-18.6942
22.2682,-40.6964,22.2869,-40.8085
22.2869,-40.5844,22.2682,-40.6964
22.2869,-40.8085,22.3616,-40.9019
22.3616,-40.4910,22.2869,-40.5844
22.3616,-40.9019,22.4550,-40.9766
-2.2367,-15.7432,-2.3115,-15.6498
-2.2367,-15.9673,-2.2181,-15.8553
-22.3712,-18.1152,-22.5019,-18.1339
-22.3712,-18.7876,-22.2404,-18.7690
22.3803,-11.4473,22.8099,-10.1586
22.4363,-10.7563,21.8573,-10.8310
22.4550,-40.4163,22.3616,-40.4910
22.4550,-40.9766,22.5671,-40.9953
-22.5019,-18.1339,-22.6140,-18.2086
-22.5019,-18.7690,-22.3712,-18.7876
22.5484,-10.3827,22.6605,-10.0465
22.5671,-21.4959,22.6231,-21.8881
22.5671,-40.3976,22.4550,-40.4163
22.5671,-40.9953,22.6791,-40.9766
-22.6140,-18.2086,-22.6887,-18.3207
-22.6140,-18.6942,-22.5019,-18.7690
22.6231,-21.8881,23.0714,-21.8321
22.6605,-10.0465,23.0900,-10.1773
22.6791,-40.4163,22.5671,-40.3976
22.6791,-40.9766,22.7725,-40.9019
-22.6887,-18.3207,-22.7074,-18.4514
-22.6887,-18.5822,-22.6140,-18.6942
-22.7074,-18.4514,-22.6887,-18.5822
-2.2741,-12.9602,-2.1434,-13.0723
22.7725,-40.4910,22.6791,-40.4163
22.7725,-40.9019,22.8472,-40.8085
22.8099,-10.1586,23.2395,-10.3080
2.2832,-26.2960,2.1338,-26.3147
2.2832,-42.2653,2.1712,-42.2840
2.2832,-42.8630,2.3953,-42.8443
22.8472,-40.5844,22.7725,-40.4910
22.8472,-40.8085,22.8659,-40.6964
22.8659,-40.6964,22.8472,-40.5844
22.8846,-11.4100,23.6504,-11.6528
-22.9128,-26.0159,-22.9315,-25.8851
-2.2928,-11.8769,-2.8718,-11.4287
-22.9315,-25.8851,-23.0062,-25.7730
-22.9315,-26.1466,-22.9128,-26.0159
-23.0062,-25.7730,-23.1183,-25.6983
-23.0062,-26.2587,-22.9315,-26.1466
23.0153,-21.4398,22.5671,-21.4959
23.0153,-8.9819,23.4449,-9.1126
2.3019,10.6295,2.3953,10.7043
2.3019,11.1899,2.1898,11.2086
2.3019,-14.8653,1.9284,-14.1369
23.0714,-21.8321,23.0153,-21.4398
-2.3115,-15.6498,-2.4048,-15.5751
-2.3115,-16.0607,-2.2367,-15.9673
-23.1183,-25.6983,-23.2490,-25.6797
-23.1183,-26.3334,-23.0062,-26.2587
23.1461,-7.7679,23.3702,-7.8426
23.1648,-25.9785,23.2208,-26.3707
23.1834,-8.9632,23.5757,-7.7492
2.3206,-1.9778,2.3953,-2.5755
2.3206,-24.5777,2.6941,-24.0174
23.2208,-26.3707,23.6504,-26.3147
23.2395,-10.3080,22.8846,-11.4100
-23.2490,-25.6797,-23.3798,-25.6983
-23.2490,-26.3520,-23.1183,-26.3334
23.3515,-7.6745,23.5010,-7.2262
23.3702,-7.8426,23.0153,-8.9819
-23.3798,-25.6983,-23.4918,-25.7730
-23.3798,-26.3334,-23.2490,-26.3520
23.3889,-7.0208,23.1461,-7.7679
2.3393,-31.5444,7.2888,-30.8907
23.4449,-11.8022,22.3803,-11.4473
23.4449,-9.0940,23.0900,-10.1959
-23.4918,-25.7730,-23.5665,-25.8851
-23.4918,-26.2587,-23.3798,-26.3334
23.5010,-7.2262,23.7251,-7.3009
-23.5665,-25.8851,-23.5852,-26.0159
-23.5665,-26.1466,-23.4918,-26.2587
23.5757,-7.7492,23.3515,-7.6745
23.5757,-9.1687,23.2208,-10.2333
2.3579,-28.1077,2.4326,-28.6494
-23.5852,-26.0159,-23.5665,-26.1466
23.5943,-9.1687,23.2581,-10.2333
23.6130,-25.9225,23.1648,-25.9785
23.6130,-7.0955,23.3889,-7.0208
23.6130,-9.0940,23.1834,-8.9632
23.6130,-9.1500,23.2581,-10.2520
-23.6412,-32.3289,-23.6599,-32.1981
23.6504,-11.6528,23.9679,-22.1309
23.6504,-26.3147,23.6130,-25.9225
-23.6599,-32.1981,-23.7346,-32.0861
-23.6599,-32.4596,-23.6412,-32.3289
-2.3675,-9.5422,-0.8920,-8.6270
23.7251,-30.2743,24.1733,-30.2183
23.7251,-7.3009,25.3127,-2.3887
-23.7346,-32.0861,-23.8467,-32.0114
-23.7346,-32.5717,-23.6599,-32.4596
23.7624,-22.1309,23.4449,-11.8022
-23.8467,-32.0114,-23.9774,-31.9927
-23.8467,-32.6464,-23.7346,-32.5717
23.8745,-31.4697,23.7251,-30.2743
23.9119,-26.5949,23.7624,-22.1309
23.9492,-26.6135,23.9866,-27.7902
23.9492,-27.8649,24.1547,-27.8463
2.3953,10.7043,2.4700,10.7976
2.3953,11.1152,2.3019,11.1899
2.3953,-14.8280,2.0031,-14.0996
2.3953,-2.5755,2.5260,-2.5568
2.3953,-42.2840,2.2832,-42.2653
2.3953,-42.8443,2.4887,-42.7696
23.9679,-22.1309,24.1173,-26.5949
-23.9774,-31.9927,-24.1082,-32.0114
-23.9774,-32.6651,-23.8467,-32.6464
23.9866,-28.7428,23.9492,-27.8649
-2.4048,-15.5751,-2.5169,-15.5564
-2.4048,-16.1354,-2.3115,-16.0607
24.0800,-26.6696,24.1173,-27.7902
-24.1082,-32.0114,-24.2203,-32.0861
-24.1082,-32.6464,-23.9774,-32.6651
24.1173,-26.5949,23.9119,-26.5949
24.1173,-26.5949,24.1547,-27.7902
24.1173,-26.6696,24.1547,-27.7902
2.4140,-24.7084,2.8062,-24.1107
2.4140,-31.9927,2.3393,-31.5444
24.1547,-27.8463,24.1920,-28.9109
24.1733,-30.2183,24.3228,-31.4137
24.1920,-28.9109,18.5887,-29.6393
24.2107,-5.2651,17.6175,-6.1242
24.2107,-5.2651,23.6130,-7.0955
-24.2203,-32.0861,-24.2950,-32.1981
-24.2203,-32.5717,-24.1082,-32.6464
-24.2950,-32.1981,-24.3136,-32.3289
-24.2950,-32.4596,-24.2203,-32.5717
24.3041,-4.9475,17.8603,-5.7880
-24.3136,-32.3289,-24.2950,-32.4596
24.3228,-31.4137,23.8745,-31.4697
2.4326,-28.6494,0.5275,-28.8922
2.4326,-31.7872,7.3635,-31.1522
24.4722,-6.4978,23.6130,-9.0940
24.4722,-6.4978,39.5263,-4.5366
2.4513,-1.9591,4.9541,-1.6229
2.4700,10.7976,2.4887,10.9097
2.4700,11.0218,2.3953,11.1152
2.4700,-31.9927,2.4326,-31.7872
2.4887,10.9097,2.4700,11.0218
2.4887,-42.3587,2.3953,-42.2840
2.4887,-42.7696,2.5634,-42.6762
2.5074,-28.0704,2.3579,-28.1077
2.5074,-28.0704,2.5260,-28.1825
25.1072,22.2470,25.1633,21.8174
25.1633,21.8174,25.6115,21.8734
25.1633,-2.3327,24.3041,-4.9475
-2.5169,-15.5564,-2.6290,-15.5751
-2.5169,-16.1541,-2.4048,-16.1354
2.5260,-24.7831,2.8622,-24.2788
2.5260,-2.5568,2.4513,-1.9591
2.5260,-28.1825,6.4857,-27.6782
25.3127,-2.3887,25.1633,-2.3327
25.3127,-2.3887,27.2738,-3.0238
-2.5543,-10.9244,-3.5815,-10.3080
25.5742,22.2844,25.1072,22.2470
25.6115,21.8734,25.5742,22.2844
25.6115,-2.9490,24.4722,-6.4978
2.5634,-42.4521,2.4887,-42.3587
2.5634,-42.6762,2.5821,-42.5642
25.7423,-0.2968,25.8730,0.1328
25.7609,-2.4821,25.6302,-2.4261
2.5821,-42.5642,2.5634,-42.4521
25.8730,0.1328,26.5267,-0.0914
-2.6103,-10.9431,-3.6002,-10.3454
-2.6290,-15.5751,-2.7224,-15.6498
-2.6290,-16.1354,-2.5169,-16.1541
-2.6290,-26.1466,-1.9006,-26.0345
26.3773,-0.5770,26.2466,-0.5210
2.6381,3.1585,2.0404,3.1025
26.3960,-0.5210,25.7423,-0.2968
-2.6477,-10.9431,-3.4881,-10.4388
26.5267,-0.0914,26.3960,-0.5210
2.6568,-15.6124,2.3019,-14.8653
2.6568,3.0091,2.0404,2.9531
-2.6663,-25.9038,1.9844,-25.2874
-2.6850,3.0091,-3.0586,2.9717
-2.6850,3.0278,-3.0586,3.0091
-2.6850,-33.9725,-3.3014,-33.9725
2.6941,-24.0174,2.9930,-23.4010
-2.7037,-33.8418,-3.3014,-33.8418
-2.7224,-15.6498,-2.7971,-15.7432
-2.7224,-16.0607,-2.6290,-16.1354
27.2738,-3.0238,30.5798,7.2116
-2.7410,2.5235,-3.3387,2.4674
2.7502,-15.5938,2.3953,-14.8280
2.7502,-46.2250,2.8622,-50.9131
2.7502,4.8208,2.7315,5.1197
2.7502,4.8208,8.8577,5.3625
27.5166,5.1944,27.6474,5.6240
-2.7597,-11.3913,-2.5543,-10.9244
-2.7597,-25.6983,-2.2181,-25.5863
-2.7597,2.6542,-3.3574,2.5982
27.6474,5.6240,28.3011,5.3998
-27.7316,-37.5212,-28.1799,-37.5773
-2.7784,-25.7170,-2.6663,-25.9038
27.8528,-3.6775,25.6115,-2.9490
-2.7971,-15.7432,-2.8158,-15.8553
-2.7971,-15.9673,-2.7224,-16.0607
-28.0492,-35.1305,-27.7316,-37.5212
2.8062,-24.1107,3.1237,-23.4757
-2.8158,-11.4100,-2.6103,-10.9431
-2.8158,-13.7634,-2.9091,-13.6887
-2.8158,-15.8553,-2.7971,-15.9673
28.1703,4.9702,27.5166,5.1944
-28.1799,-37.5773,-28.4974,-35.2052
2.8249,3.3266,2.8622,3.0278
28.3011,5.3998,28.1703,4.9702
2.8436,3.1772,2.6381,3.1585
-28.4974,-35.2052,-28.0492,-35.1305
-2.8531,-11.0178,-2.8718,-10.9057
-2.8531,-13.7447,-3.1519,-14.0809
28.6186,7.8466,29.6645,11.0778
2.8622,-24.2788,3.1424,-23.7372
2.8622,3.0278,2.6568,3.0091
2.8622,-50.9131,2.1151,-50.9131
-2.8718,-10.9057,-2.9465,-10.8123
-2.8718,-11.1298,-2.8531,-11.0178
-2.8718,-13.6326,-2.7784,-13.7260
-2.8718,-13.7260,-3.1706,-14.0622
29.0855,0.1888,27.8528,-3.6775
29.3470,22.7326,29.4031,22.2844
29.3657,11.1712,29.5525,11.7502
2.9369,-24.2228,2.9556,-24.3349
2.9369,3.1025,2.9556,2.9904
29.4031,22.2844,29.7953,22.3217
29.4404,25.2167,17.9724,23.9280
-2.9465,-10.8123,-3.0399,-10.7376
-2.9465,-11.2232,-2.8718,-11.1298
29.5151,0.0394,29.0855,0.1888
29.5525,11.7502,29.8513,11.6568
2.9556,-16.3782,2.6568,-15.6124
2.9556,-24.1107,2.9369,-24.2228
2.9556,-24.3349,3.0303,-24.4283
2.9556,2.9904,3.0303,2.8970
2.9556,3.2146,2.9369,3.1025
29.6645,11.0778,29.3657,11.1712
29.6832,22.9194,29.4404,25.2167
29.7393,22.7700,29.3470,22.7326
29.7953,22.3217,29.7393,22.7700
-2.9839,-11.7275,-2.6477,-10.9431
29.8513,11.6568,33.4001,22.6392
2.9930,-23.4010,3.2358,-22.7660
-3.0025,-11.7649,-3.9551,-11.1485
30.1315,8.6310,32.0926,7.9960
30.2809,25.7584,30.5050,23.7599
3.0303,-24.0174,2.9556,-24.1107
3.0303,-24.4283,3.1237,-24.5030
3.0303,2.8970,3.1424,2.8410
3.0303,3.3079,2.9556,3.2146
-3.0399,-10.7376,-3.1519,-10.7189
-3.0399,-11.2979,-2.9465,-11.2232
3.0490,-16.3595,2.7502,-15.5938
30.5050,23.7599,34.5954,23.4610
30.5798,7.2116,28.6186,7.8466
30.7105,11.3767,30.9907,11.2833
-3.0959,-14.1369,-3.2080,-14.0249
-3.0959,-25.1007,-2.7410,-25.6983
30.9907,11.2833,30.1315,8.6310
-3.1146,2.9717,-5.1691,2.7850
3.1237,-23.4757,3.3665,-22.8220
3.1237,-23.9426,3.0303,-24.0174
3.1237,-24.5030,3.2358,-24.5216
-3.1333,2.9904,-5.1691,2.8036
3.1424,-10.0465,3.0677,-9.4488
3.1424,-23.7372,3.3852,-23.1769
3.1424,2.8410,3.2545,2.8410
3.1424,3.3640,3.0303,3.3079
-3.1519,-10.7189,-3.2640,-10.7376
-3.1519,-11.3166,-3.0399,-11.2979
31.7938,-29.2284,32.2234,-29.1724
3.1797,-4.4433,3.5346,-4.3872
31.9432,-30.4238,31.7938,-29.2284
3.1984,-17.1627,2.9556,-16.3782
3.1984,-9.4302,3.0677,-9.4488
-3.2080,-14.0249,-5.5240,-16.6210
32.0926,7.9960,29.5151,0.0394
32.2234,-29.1724,32.3915,-30.3677
-3.2267,-25.1754,-2.8531,-25.8104
-3.2267,-25.1754,-3.0959,-25.1007
3.2358,-23.9240,3.1237,-23.9426
3.2358,-24.5216,3.3478,-24.5030
32.3915,-30.3677,31.9432,-30.4238
3.2545,2.8410,3.3665,2.8970
3.2545,3.3640,3.1424,3.3640
-3.2640,-10.7376,-3.3574,-10.8123
-3.2640,-11.2979,-3.1519,-11.3166
3.2731,-10.0278,3.1984,-9.4302
3.2918,-17.1440,3.0490,-16.3595
-3.3014,-33.8418,-3.8991,-33.8604
-3.3014,-33.9725,-3.8991,-33.9912
3.3292,-22.8033,3.4412,-22.4484
-3.3387,2.4674,-3.9364,2.4114
-3.3387,-29.8448,-6.4205,-30.2370
33.4001,22.6392,29.6832,22.9194
3.3478,-23.9426,3.2358,-23.9240
3.3478,-24.5030,3.4412,-24.4283
-3.3574,-10.8123,-3.4321,-10.9057
-3.3574,-11.2232,-3.2640,-11.2979
-3.3574,2.5982,-3.9551,2.5422
-3.3574,-26.1840,-2.6290,-26.1466
3.3665,2.8970,3.4412,2.9904
3.3665,3.3079,3.2545,3.3640
3.3665,-5.8627,3.1797,-4.4433
3.3665,-5.9375,3.4226,-6.2737
3.3852,-17.9658,3.1984,-17.1627
3.3852,-23.1769,3.5720,-22.5979
-3.3948,-29.4338,-6.4766,-29.8261
3.4226,-6.2737,1.0505,-6.5912
3.4226,-6.3484,1.0692,-6.6659
-3.4321,-10.9057,-3.4508,-11.0178
-3.4321,-11.1298,-3.3574,-11.2232
3.4412,-22.4484,3.5907,-21.7760
3.4412,-24.0174,3.3478,-23.9426
3.4412,-24.4283,3.5159,-24.3349
3.4412,2.9904,3.4599,3.1025
3.4412,3.2146,3.3665,3.3079
3.4412,-5.5452,6.0001,-5.2090
-3.4508,-11.0178,-3.4321,-11.1298
34.5954,23.4610,30.7105,11.3767
3.4599,3.1025,3.4412,3.2146
34.6328,-5.1717,34.6888,-5.6199
-3.4695,-25.8291,-2.8718,-25.8104
3.4786,-17.9471,3.2918,-17.1440
-3.4881,-10.4388,-3.9551,-11.1111
3.5159,-24.1107,3.4412,-24.0174
3.5159,-24.3349,3.5346,-24.2228
-35.3147,-38.8100,-35.9311,-38.9034
3.5346,-18.7876,3.3852,-17.9658
3.5346,-22.4298,3.6840,-21.7760
3.5346,-24.2228,3.5159,-24.1107
3.5346,3.4013,3.5533,3.1025
3.5346,-4.3872,3.6093,-4.9849
-35.3708,-36.3072,-35.3147,-38.8100
3.5720,-22.5792,4.1510,-22.5045
3.5907,-21.7760,3.6654,-21.1037
3.5907,-6.7406,3.4412,-5.5452
3.5907,-6.7406,3.7401,-6.7219
-35.9311,-38.9034,-35.9684,-36.4006
-35.9684,-36.4006,-35.3708,-36.3072
-3.6002,-23.8119,-3.7683,-23.9053
-3.6002,-34.2900,-1.2468,-34.2527
-3.6002,-34.3087,-1.2468,-34.2713
3.6093,3.5881,1.2560,3.3640
3.6093,3.6068,1.2560,3.4013
3.6093,-4.9849,4.0576,-4.9289
3.6093,-7.7865,3.4226,-6.3484
3.6093,-7.7865,3.7401,-7.7679
3.6280,-18.7690,3.4786,-17.9471
3.6280,-19.5908,3.5346,-18.7876
-3.6562,-23.7185,-3.6002,-23.8119
-3.6562,-23.7185,-3.8243,-23.8119
3.6654,-21.1037,3.6840,-20.4313
-3.6749,-24.3909,-3.5442,-24.3162
3.6840,-20.4313,3.6280,-19.5908
3.6840,-21.7760,3.7588,-21.1037
-3.7075,2.0896,-3.5344,2.1499
-3.7123,-27.8276,-3.6936,-27.6034
3.7214,-19.5908,3.6280,-18.7690
3.7401,-6.7219,3.7588,-6.8340
3.7401,-7.7679,3.6093,-6.8527
3.7588,-21.1037,3.7774,-20.4313
3.7588,-6.8340,3.6093,-6.8527
-3.7683,-23.9053,-3.5442,-24.3162
3.7774,-20.4126,3.7214,-19.5908
3.7961,-2.9864,3.9269,-2.9677
3.7961,-2.9864,3.9829,-4.3312
-3.8412,2.1447,-3.7232,2.0922
-3.8806,2.2391,-3.8412,2.1447
-3.8991,-23.2702,-4.0671,-23.3636
-3.8991,-33.8604,-4.4967,-33.8604
-3.8991,-33.9912,-4.4967,-33.9912
3.9269,-2.9677,4.0576,-4.0137
-3.9364,2.4114,-4.5341,2.3554
39.4329,-5.0036,24.3041,-6.9647
39.4329,-5.0036,39.3769,-4.5553
39.5263,-4.5366,51.8535,-12.4186
-3.9551,2.5422,-4.5528,2.5048
3.9642,-28.1077,4.0202,-28.5000
-3.9738,-23.1769,-3.8991,-23.2702
-3.9738,-23.1769,-4.1419,-23.2702
39.8065,-5.2464,39.4329,-5.0036
39.8065,-5.2464,40.1427,-5.4518
3.9829,-4.3312,4.0576,-4.9289
39.8438,-28.1825,40.2921,-28.1264
39.9932,-29.3778,39.8438,-28.1825
40.1427,-5.4518,40.4415,-7.7118
40.1613,-7.8799,39.8065,-5.2464
40.1613,-7.8799,48.0246,-12.9229
4.0202,-28.5000,6.5417,-28.1825
40.2921,-28.1264,40.4415,-29.3218
4.0389,3.6255,3.6654,3.5881
4.0389,3.6441,3.6654,3.6068
40.4415,-29.3218,39.9932,-29.3778
40.4415,-7.7118,40.1613,-7.8799
40.4415,-7.7118,48.0993,-12.6054
-4.0671,-23.3636,-3.8243,-23.8119
-4.0671,-25.7917,-3.4695,-25.8291
4.0763,-4.1257,4.2257,-5.3211
4.0763,-4.1257,6.0561,-3.8642
-4.0858,-26.1466,-3.3574,-26.1840
-4.1045,-26.1653,-4.0671,-25.8104
4.1323,-22.3550,3.4412,-22.4484
4.1323,-22.3550,4.1510,-22.5045
4.1323,3.2893,3.5346,3.2332
-4.1419,-23.2702,-5.3746,-21.1037
-4.1425,-23.6642,-4.0054,-23.7927
4.1510,3.1585,3.5533,3.1025
-42.9725,-40.0614,-43.5702,-40.1735
-43.0099,-37.5773,-42.9725,-40.0614
-4.3482,-23.4799,-4.2197,-23.5785
-43.5702,-40.1735,-43.6076,-37.6707
-43.6076,-37.6707,-43.0099,-37.5773
4.4125,-11.4660,1.4241,-11.8583
-4.4249,-25.7736,-4.0929,-25.8083
44.4012,-42.7696,44.4945,-43.5167
44.4945,-43.5167,50.2846,-42.7510
44.8868,-43.0124,44.8494,-42.7136
-4.4967,-33.8604,-5.0944,-33.8791
-4.4967,-33.9912,-5.0944,-34.0099
-4.5025,-23.4413,-4.3482,-23.4799
-4.5154,-27.5101,-3.6936,-27.5848
-4.5341,-27.7342,-3.7123,-27.8089
-4.5714,2.6542,-4.5341,2.3554
4.5806,-9.2434,4.6553,-9.8411
4.5806,-9.2434,4.7113,-9.2247
-4.6275,2.3741,-4.6462,2.4861
4.6366,-11.4847,1.6295,-11.8769
4.6366,-6.6099,4.6553,-6.7219
4.6366,-6.6099,5.7946,-6.4604
-4.6462,2.2620,-4.6275,2.3741
-4.6462,2.4861,-4.7209,2.5795
4.6553,-9.8411,3.2731,-10.0278
-4.6678,-25.7488,-4.4249,-25.7736
4.7113,-9.2247,4.7673,-9.7290
-4.7209,2.1686,-4.6462,2.2620
-4.7209,2.5795,-4.8329,2.6355
-4.7253,-23.3899,-4.5325,-23.4371
4.7487,3.1959,4.1510,3.1585
4.7487,3.3453,4.1323,3.2893
4.7673,-9.7290,5.1035,-9.6917
47.9125,-27.1365,48.3608,-27.0805
48.0620,-28.3319,47.9125,-27.1365
48.0993,-12.6054,48.0246,-12.9229
48.0993,-12.6054,50.7702,-12.2505
-4.8329,2.1126,-4.7209,2.1686
-4.8329,2.6355,-4.9450,2.6355
48.3608,-27.0805,48.5102,-28.2572
48.5102,-28.2572,48.0620,-28.3319
-4.8881,-23.3042,-4.7253,-23.3899
-4.9007,-25.7042,-4.6678,-25.7488
-4.9450,2.1126,-4.8329,2.1126
-4.9450,2.6355,-5.0571,2.5795
4.9541,-1.6229,5.1035,-2.7996
49.7429,-42.0786,49.7803,-42.3774
49.7803,-42.3774,44.8868,-43.0124
50.2846,-42.7510,50.1912,-42.0225
5.0288,-22.2430,5.0475,-22.3924
-5.0338,-23.1928,-4.8881,-23.3042
-5.0571,2.1686,-4.9450,2.1126
-5.0571,2.5795,-5.1318,2.4861
50.7702,-12.2505,40.1427,-5.4518
50.7702,-12.2505,51.1624,-12.5120
-5.0944,-33.8791,-5.7108,-33.8791
-5.0944,-34.0099,-5.7108,-34.0285
-5.1318,2.2620,-5.0571,2.1686
-5.1318,2.4861,-5.1504,2.3741
-5.1486,-25.6100,-4.9007,-25.7042
-5.1504,2.3741,-5.1318,2.2620
5.1596,-2.2019,5.2343,-2.7810
-5.1709,-23.0728,-5.0338,-23.1928
5.1782,-9.1687,5.1035,-9.6917
51.8535,-12.4186,48.0246,-12.9229
5.1969,-29.7700,6.0748,-29.6580
5.2156,-29.8074,6.0374,-29.6953
-5.2252,2.7850,-8.4751,2.4861
-5.2252,2.8036,-8.4751,2.5048
5.2343,-2.7810,5.1035,-2.7996
5.2343,-3.6962,5.2530,-3.8456
-5.2438,2.2994,-5.4493,2.2807
5.2530,-3.8456,4.0576,-4.0137
-5.2625,2.4301,-5.4680,2.4114
-5.2625,2.5982,-5.2438,2.2994
5.2716,-14.8093,5.2903,-14.9214
52.7687,-43.8343,53.3477,-48.3729
5.2903,-14.6972,5.2716,-14.8093
5.2903,-14.9214,5.3650,-15.0148
-5.3185,-21.5146,-3.6749,-24.3909
-5.3185,-27.3606,-4.5154,-27.5101
5.3277,-9.9345,5.3090,-10.1773
53.3477,-48.3729,53.8707,-48.3169
-5.3372,-34.3274,-3.6562,-34.2900
-5.3372,-34.3461,-3.6562,-34.3274
5.3463,-1.0626,5.3650,-1.2120
5.3463,3.2519,4.7487,3.1959
5.3463,3.4013,4.7487,3.3453
5.3463,-3.6775,5.2343,-3.6962
5.3463,-8.8325,5.2156,-9.7664
-5.3559,-21.4585,-5.6547,-20.9356
5.3650,-1.2120,5.6639,-1.1747
5.3650,-14.6039,5.2903,-14.6972
5.3650,-15.0148,5.4771,-15.0708
5.3650,-3.8269,5.3463,-3.6775
-5.3746,-25.3808,-5.3933,-25.2687
-5.3746,-27.5848,-4.5341,-27.7342
53.8707,-48.3169,53.3290,-44.0397
-5.3933,-16.7518,-5.6361,-17.0506
-5.3933,-25.2687,-5.4680,-25.1754
-5.3933,-25.4929,-5.3746,-25.3808
-5.4013,-25.5208,-5.1486,-25.6100
-5.4119,-16.7331,-3.0959,-14.1369
-5.4493,2.2807,-6.0470,2.2246
-5.4680,2.4114,-6.0657,2.3554
-5.4680,-25.1754,-5.5614,-25.1007
-5.4680,-25.5863,-5.3933,-25.4929
5.4771,-14.5478,5.3650,-14.6039
5.4771,-15.0708,5.5892,-15.0708
5.4771,-8.8512,5.3463,-8.8325
5.5144,-6.6099,4.6553,-6.7219
5.5144,-6.6099,5.1035,-9.6917
-5.5240,-16.6397,-5.7855,-16.9572
-5.5614,-25.1007,-5.6734,-25.0820
-5.5614,-25.6610,-5.4680,-25.5863
5.5892,-14.5478,5.4771,-14.5478
5.5892,-15.0708,5.7012,-15.0148
55.9626,-26.0719,56.4108,-26.0159
56.1120,-27.2673,55.9626,-26.0719
-5.6361,-17.0506,-5.8415,-17.3681
56.4108,-26.0159,56.5603,-27.2112
5.6452,-1.0253,6.5977,-0.8945
-5.6547,-20.9356,-6.1590,-21.2157
56.5603,-27.2112,56.1120,-27.2673
5.6639,-1.1747,5.6452,-1.0253
-5.6734,-25.0820,-5.7855,-25.1007
-5.6734,-25.6797,-5.5614,-25.6610
-5.6921,10.7603,-5.7108,10.8724
-5.6921,-20.8608,-6.2711,-21.1970
5.7012,-14.6039,5.5892,-14.5478
5.7012,-15.0148,5.7759,-14.9214
-5.7108,10.6482,-5.6921,10.7603
-5.7108,10.8724,-5.7855,10.9657
-5.7108,-33.8791,-5.7108,-34.0285
5.7573,-22.1496,5.0288,-22.2430
5.7759,-14.6972,5.7012,-14.6039
5.7759,-14.9214,5.7946,-14.8093
-5.7855,10.5548,-5.7108,10.6482
-5.7855,10.9657,-5.8789,11.0405
-5.7855,-16.9572,-5.9909,-17.2934
-5.7855,-25.1007,-5.8789,-25.1754
-5.7855,-25.6610,-5.6734,-25.6797
-5.7855,-34.3274,-5.4119,-34.3274
-5.7855,-34.3461,-5.4119,-34.3461
5.7946,-14.8093,5.7759,-14.6972
5.7946,-6.4604,5.4771,-8.8512
-5.8228,-33.8978,-5.8415,-33.7857
-5.8415,-17.3681,-6.0096,-17.7230
-5.8415,-20.3005,-5.3746,-21.1037
-5.8415,-33.7857,-5.9162,-33.6923
-5.8415,-34.0099,-5.8228,-33.8978
-5.8415,-34.0285,-5.7108,-34.0285
-5.8602,-21.7387,-5.3559,-21.4585
-5.8789,10.4801,-5.7855,10.5548
-5.8789,11.0405,-5.9909,11.0591
-5.8789,-25.1754,-5.9536,-25.2687
-5.8789,-25.5863,-5.7855,-25.6610
5.8880,-5.0970,4.2257,-5.3211
-5.8976,-21.8508,-5.3185,-21.5146
-5.8993,-21.8516,-5.1709,-23.0728
-5.9162,-33.6923,-6.0096,-33.6363
-5.9162,-34.1032,-5.8415,-34.0099
5.9440,3.3079,5.3463,3.2519
5.9440,3.4574,5.3463,3.4013
-5.9536,-25.2687,-5.9723,-25.3808
-5.9536,-25.4929,-5.8789,-25.5863
-5.9536,-9.5796,-6.1217,-10.2146
-5.9723,-20.3752,-5.6921,-20.8608
-5.9723,-25.3808,-5.9536,-25.4929
-5.9723,-9.5983,-6.7754,-9.4488
-5.9909,10.4615,-5.8789,10.4801
-5.9909,11.0591,-6.1030,11.0405
-5.9909,-17.2934,-6.1590,-17.6483
-5.9909,-19.9456,-5.8228,-20.3005
6.0001,-5.2090,6.0374,-5.0223
-6.0096,-17.7230,-6.1217,-18.0779
-6.0096,-33.6363,-6.1404,-33.6176
-6.0096,-34.1593,-5.9162,-34.1032
-6.0209,-25.3572,-6.4620,-25.1986
6.0374,-5.0223,5.9067,-5.0036
-6.0470,2.2246,-6.6447,2.1686
6.0561,-3.8642,6.0187,-4.1071
-6.0657,2.3554,-6.6633,2.2994
6.0748,-29.8448,6.0561,-29.7140
6.0748,-29.9755,4.8421,-30.1436
6.0748,-29.9755,6.0374,-29.6953
6.0935,-21.9441,6.4670,-19.1425
6.0935,-29.6580,6.1121,-29.8261
6.0935,-29.9568,6.0748,-29.8448
-6.1030,10.4801,-5.9909,10.4615
-6.1030,11.0405,-6.1964,10.9657
-6.1030,-19.5908,-5.9909,-19.9456
6.1121,-29.8261,6.1308,-29.9942
6.1121,-30.0129,4.8421,-30.1810
-6.1217,-10.2520,-6.7941,-10.0839
-6.1217,-18.0779,-6.1964,-18.4514
-6.1217,-27.1552,-5.3185,-27.3606
-6.1217,-27.1552,-6.1964,-27.3793
-6.1404,-20.0204,-5.9723,-20.3752
-6.1404,-33.6176,-6.2524,-33.6550
-6.1404,-34.1780,-6.0096,-34.1593
6.1495,-4.1257,6.0187,-4.1071
6.1495,-4.1257,6.2055,-3.7335
-6.1590,-17.6483,-6.2898,-18.0405
-6.1590,-21.2157,-5.8602,-21.7387
6.1682,-19.0865,5.7573,-22.1496
6.1682,-19.0865,6.4670,-19.1425
-6.1777,-19.2172,-6.1030,-19.5908
-6.1777,-27.3606,-5.3746,-27.5848
-6.1964,10.5548,-6.1030,10.4801
-6.1964,10.9657,-6.2711,10.8724
-6.1964,-18.4514,-6.2151,-18.8437
6.2055,-3.7335,5.3650,-3.8269
-6.2151,-18.8437,-6.1777,-19.2172
-6.2337,-34.1406,-6.1404,-34.1780
-6.2524,-33.6550,-6.3271,-33.7297
6.2615,3.6441,6.2989,3.3453
-6.2711,10.6482,-6.1964,10.5548
-6.2711,10.8724,-6.2898,10.7603
-6.2711,-19.6281,-6.1404,-20.0204
-6.2711,-21.1970,-5.8976,-21.8508
-6.2764,-19.7221,-6.3664,-19.9920
6.2802,3.4760,5.9440,3.4574
-6.2898,10.7603,-6.2711,10.6482
-6.2898,-18.0405,-6.3645,-18.4328
6.2989,-18.2086,6.5791,-18.2460
6.2989,3.3453,5.9440,3.3079
-6.3271,-33.7297,-6.3832,-33.8418
-6.3271,-34.0659,-6.2337,-34.1406
-6.3458,-19.2359,-6.2711,-19.6281
-6.3492,-21.0718,-6.2721,-21.2003
-6.3645,-18.4328,-6.3832,-18.8437
-6.3664,-19.9920,-6.4564,-20.3348
-6.3832,-18.8437,-6.3458,-19.2359
-6.3832,-33.8418,-6.3832,-33.9538
-6.3832,-33.9538,-6.3271,-34.0659
6.3923,-17.4989,6.2989,-18.2086
6.3923,-17.4989,7.4756,-17.6483
6.4110,-17.3495,7.3075,-17.4802
-6.4264,-20.8233,-6.3492,-21.0718
6.4483,-2.0152,5.1596,-2.2019
-6.4564,-20.3348,-6.4649,-20.6090
-6.4620,-25.1986,-6.7742,-25.0301
-6.4649,-20.6090,-6.4264,-20.8233
6.4670,-23.5317,6.5417,-24.0360
-6.4766,-29.8261,-6.4205,-30.2370
6.4857,-27.6782,6.4483,-27.3606
6.4857,3.8496,4.1136,3.6255
6.4857,3.8683,4.1136,3.6441
-6.4952,-33.8978,-6.6447,-33.8978
-6.4952,-34.0285,-6.3458,-34.0285
-6.4952,-34.0285,-6.4952,-33.8978
6.5044,-27.7715,3.9642,-28.1077
-6.5282,-14.7351,-6.5457,-15.0062
6.5417,-16.3222,6.6725,-15.3510
6.5417,-16.3969,6.4110,-17.3495
6.5417,-24.0360,6.9339,-23.9987
6.5417,-27.4353,6.9526,-27.3793
6.5417,-28.1825,6.5044,-27.7715
6.5417,3.8869,-18.6357,1.6083
6.5604,3.7002,-18.4302,1.4402
-6.5807,-15.0499,-6.8692,-15.0324
6.5977,-0.8945,6.4483,-2.0152
6.6351,-17.8351,6.5791,-18.2460
6.6351,-28.0330,6.5417,-27.4353
-6.6447,2.1686,-7.2423,2.1126
-6.6447,-33.8978,-7.2423,-33.8978
-6.6447,-34.0285,-6.4952,-34.0285
-6.6447,-34.0285,-7.2423,-34.0472
-6.6633,2.2994,-7.2610,2.2433
6.6725,-15.3510,7.5690,-15.4630
-6.7007,-42.6202,-6.7194,-42.5082
-6.7194,-42.5082,-6.7941,-42.4148
-6.7194,-42.7323,-6.7007,-42.6202
-6.7643,-14.6739,-6.5282,-14.7351
-6.7742,-25.0301,-7.2302,-24.8170
-6.7754,-9.4488,-7.5972,-9.3741
-6.7941,-10.0839,-7.4851,-9.9718
-6.7941,-42.4148,-6.8875,-42.3401
-6.7941,-42.8257,-6.7194,-42.7323
6.8592,-23.4757,6.4670,-23.5317
-6.8780,-15.0324,-7.1316,-15.0761
-6.8875,-42.3401,-6.9995,-42.3214
-6.8875,-42.9004,-6.7941,-42.8257
6.8966,-13.6139,6.6911,-15.2015
6.8966,-13.6139,7.1954,-13.6513
6.9339,-23.9987,6.8592,-23.4757
-6.9742,-16.3966,-7.0004,-16.7114
-6.9995,-34.3461,-5.8415,-34.3274
-6.9995,-34.3647,-5.8415,-34.3461
-6.9995,-42.3214,-7.1116,-42.3401
-6.9995,-42.9191,-6.8875,-42.9004
-7.0004,-16.7114,-7.1316,-17.0437
-7.0179,-16.1517,-6.9742,-16.3966
7.0273,-14.9401,8.1293,-15.0895
7.0273,-27.2859,6.4483,-27.3606
7.0273,-27.9770,6.6351,-28.0330
7.0273,-27.9770,6.9526,-27.3793
-7.0354,-14.6214,-6.7556,-14.6739
-7.0966,-15.8631,-7.0179,-16.1517
7.1020,-28.4813,0.7330,-29.3218
-7.1116,-42.3401,-7.2050,-42.4148
-7.1116,-42.9004,-6.9995,-42.9191
7.1207,-28.0704,6.5417,-28.1451
7.1207,-28.0704,7.0273,-27.2859
-7.1316,-17.0437,-7.3065,-17.3672
7.1394,-11.8209,7.4382,-11.8583
7.1581,-11.1111,7.1020,-11.4847
7.1768,-11.5034,7.1394,-11.8209
7.1954,-13.6513,7.0273,-14.9401
-7.2050,-42.4148,-7.2797,-42.5082
-7.2050,-42.8257,-7.1116,-42.9004
-7.2302,-24.8170,-7.4087,-25.1491
-7.2423,2.1126,-7.8400,2.0565
-7.2423,-33.8978,-7.8400,-33.9165
-7.2423,-34.0472,-7.8400,-34.0472
7.2515,5.5119,7.2888,5.2131
-7.2610,2.2433,-7.8587,2.2060
7.2701,-28.6120,7.7371,-28.5560
7.2701,-30.7039,7.3822,-30.6852
-7.2797,-42.5082,-7.2984,-42.6202
-7.2797,-42.7323,-7.2050,-42.8257
7.2888,-11.1298,7.1581,-11.1111
7.2888,-11.1298,7.4196,-10.1959
7.2888,-30.8907,7.2701,-30.7039
-7.2984,-42.6202,-7.2797,-42.7323
-7.3065,-17.3672,-7.5513,-17.7607
7.3075,-10.0092,7.4196,-9.1687
7.3075,-17.4802,7.4382,-16.5090
7.3075,-30.7413,7.9425,-30.6479
7.3075,7.0621,8.3348,20.4540
7.3448,7.4357,7.7371,7.4170
7.3635,-31.1522,7.3075,-30.7413
7.3822,-30.6852,7.1020,-28.4813
-7.4104,-49.4002,-7.4291,-49.2881
-7.4291,-49.2881,-7.5038,-49.1947
-7.4291,-49.5122,-7.4104,-49.4002
7.4382,-16.4343,6.5417,-16.3222
7.4382,-16.5090,6.5417,-16.3969
7.4756,-17.6483,7.7931,-15.3510
-7.4851,-9.9718,-8.1762,-9.9158
-7.5038,-49.1947,-7.5972,-49.1200
-7.5038,-49.6056,-7.4291,-49.5122
-7.5076,-14.5252,-7.0354,-14.6214
7.5316,-30.6105,7.2701,-28.6120
7.5316,-30.6105,8.0172,-30.5545
-7.5513,-17.7607,-7.8311,-18.2067
7.5690,-15.4630,7.4382,-16.4343
7.5877,-32.7211,7.6063,-32.8332
-7.5972,-49.1200,-7.7093,-49.1013
-7.5972,-49.6803,-7.5038,-49.6056
-7.5972,-9.3741,-8.4190,-9.3368
7.6063,-27.5287,7.0647,-27.6034
7.6063,-32.6090,7.5877,-32.7211
7.6063,-32.8332,7.6810,-32.9266
7.6250,3.7749,7.6437,3.4760
7.6624,-21.7574,6.0935,-21.9441
7.6624,-21.7574,7.9799,-19.4227
7.6810,-32.5156,7.6063,-32.6090
7.6810,-32.9266,7.7744,-33.0013
7.6997,-7.7865,8.2974,-7.8613
-7.7093,-49.1013,-7.8213,-49.1200
-7.7093,-49.6990,-7.5972,-49.6803
7.7184,-9.8224,7.4382,-11.8583
7.7371,-17.9845,6.6351,-17.8351
7.7371,-28.5560,7.6063,-27.5287
7.7371,7.4170,9.3807,7.2863
7.7744,-32.4409,7.6810,-32.5156
7.7744,-33.0013,7.8865,-33.0199
7.7931,-15.3510,6.6911,-15.2015
7.8118,-21.7200,8.1106,-19.5721
-7.8213,-49.1200,-7.9147,-49.1947
-7.8213,-49.6803,-7.7093,-49.6990
7.8305,-7.6558,11.4352,-7.1702
-7.8311,-18.2067,-8.0148,-18.5302
-7.8400,2.0565,-8.4377,2.0005
-7.8400,-33.9165,-8.4377,-33.9351
-7.8400,-34.0472,-8.4377,-34.0659
-7.8587,2.2060,-8.4564,2.1499
7.8678,-6.4418,7.6997,-7.7865
7.8865,-32.4223,7.7744,-32.4409
7.8865,-33.0199,7.9986,-33.0013
-7.9011,-14.5864,-7.5076,-14.5252
-7.9147,-49.1947,-7.9894,-49.2881
-7.9147,-49.6056,-7.8213,-49.6803
7.9425,-30.6479,8.0359,-31.2643
7.9799,-19.4227,9.3247,-19.2546
-7.9894,-49.2881,-8.0081,-49.4002
-7.9894,-49.5122,-7.9147,-49.6056
7.9986,-32.4409,7.8865,-32.4223
7.9986,-33.0013,8.0920,-32.9266
7.9986,-5.5452,8.0546,-5.0036
7.9986,-6.4604,7.8305,-7.6558
7.9986,-6.4604,7.8678,-6.4418
-8.0081,-49.4002,-7.9894,-49.5122
-8.0148,-18.5302,-8.1897,-18.8887
8.0172,-30.5545,8.0546,-30.8533
8.0359,-30.8533,13.0228,-30.1996
8.0359,-31.2643,2.4700,-31.9927
8.0546,-31.0401,13.0415,-30.3864
8.0546,-5.0036,8.4842,-4.9475
8.0733,-30.9841,9.8663,-30.7600
8.0733,-31.0214,9.8663,-30.7786
8.0920,-32.5156,7.9986,-32.4409
8.0920,-32.9266,8.1667,-32.8332
8.1106,-19.5721,9.3433,-19.4040
8.1106,-5.5639,7.9986,-5.5452
8.1106,-9.2434,7.4196,-9.1687
8.1293,-15.0895,7.7371,-17.9845
8.1293,-5.4332,8.1106,-5.5639
8.1480,-30.5358,8.0172,-30.5545
8.1667,-30.6666,8.0359,-30.6852
8.1667,-32.6090,8.0920,-32.5156
8.1667,-32.8332,8.1853,-32.7211
-8.1762,-9.9158,-8.8860,-9.8971
8.1853,-32.7211,8.1667,-32.6090
-8.1897,-18.8887,-8.3646,-19.4484
8.2414,3.6628,7.6250,3.6068
8.2600,14.3090,7.7371,7.4170
8.2600,3.5134,7.6437,3.4760
-8.2696,-10.2146,-8.9794,-10.1959
-8.2696,-9.8784,-8.2883,-10.1959
8.2787,-2.7249,8.7643,-2.6689
8.2974,19.8563,8.8951,19.8002
8.2974,-7.8613,8.1106,-9.2434
8.3161,4.0177,7.5129,3.9430
8.3161,4.0364,7.5129,3.9617
8.3348,20.4540,9.9971,20.3232
8.3534,-2.1086,8.2787,-2.7249
-8.3646,-19.4484,-8.4695,-19.7807
-8.4190,-9.3368,-9.2408,-9.3555
8.4281,-7.7305,8.2040,-9.3741
-8.4377,2.0005,-9.0541,1.9445
-8.4377,-33.9351,-9.0541,-33.9351
-8.4377,-34.0659,-9.0541,-34.0659
8.4468,-1.3615,9.1566,-1.4548
-8.4564,2.1499,-9.0727,2.0939
-8.4695,-14.5864,-7.9011,-14.5864
-8.4695,-19.7982,-8.5394,-20.0780
8.4842,14.3090,8.2600,14.3090
8.5029,-1.0626,8.4468,-1.3615
8.5029,-5.1530,8.5402,-5.3771
-8.5311,-30.3491,-8.5498,-30.2370
-8.5394,-20.0780,-8.6706,-20.3928
8.5402,-5.3771,8.1293,-5.4332
-8.5498,2.4861,-8.9233,2.4488
-8.5498,2.5048,-8.9233,2.4674
-8.5498,-30.2370,-8.6245,-30.1436
-8.5498,-30.4611,-8.5311,-30.3491
8.5776,3.5507,8.2600,3.5134
8.5776,3.5507,8.5589,3.6815
-8.6245,-30.1436,-8.7179,-30.0689
-8.6245,-30.5545,-8.5498,-30.4611
-8.6706,-20.3928,-8.8542,-20.7076
8.6710,4.0737,8.3721,4.0364
8.6896,3.2332,9.4928,3.3079
8.6896,4.0364,8.3721,4.0177
-8.7179,-30.0689,-8.8299,-30.0502
-8.7179,-30.6292,-8.6245,-30.5545
8.7270,-2.1459,8.8204,-1.3988
8.7270,3.7002,8.2414,3.6628
8.7457,-30.4611,8.1480,-30.5358
8.7457,3.9056,7.4569,3.7936
8.7457,3.9056,8.6896,3.2332
8.7457,4.0924,7.4382,3.9803
8.7457,-41.6863,8.7643,-41.7984
8.7643,-30.5919,8.1667,-30.6666
8.7643,4.0924,8.9698,6.9314
8.7643,-41.5743,8.7457,-41.6863
8.7643,-41.7984,8.8391,-41.8918
8.7830,3.9056,8.7643,4.0924
-8.7926,-7.4503,-8.8113,-7.3383
-8.8113,-7.3383,-8.8860,-7.2449
-8.8113,-7.5624,-8.7926,-7.4503
-8.8299,-30.0502,-8.9420,-30.0689
-8.8299,-30.6479,-8.7179,-30.6292
8.8391,-41.4809,8.7643,-41.5743
8.8391,-41.8918,8.9324,-41.9665
-8.8542,-20.7076,-9.0116,-20.8563
8.8764,1.0480,8.5402,-1.3615
8.8764,1.0480,9.6422,1.1600
8.8764,5.6613,2.7315,5.1197
-8.8860,-7.2449,-8.9794,-7.1702
-8.8860,-7.6558,-8.8113,-7.5624
-8.8860,-9.8971,-9.5770,-9.9345
8.8951,19.8002,8.4842,14.3090
8.8951,-3.6588,8.9138,-3.8829
8.9324,-2.7436,8.7643,-2.7623
8.9324,-41.4062,8.8391,-41.4809
8.9324,-41.9665,9.0445,-41.9852
-8.9420,-30.0689,-9.0354,-30.1436
-8.9420,-30.6292,-8.8299,-30.6479
8.9511,0.9172,8.6523,-1.2867
8.9511,0.9172,9.6795,1.0106
8.9511,-2.5195,14.5357,-1.7910
8.9698,-2.6315,8.9511,-2.5195
8.9698,6.9314,7.3075,7.0621
-8.9794,-10.1959,-9.6704,-10.2520
-8.9794,2.4301,-10.8098,2.2807
-8.9794,2.4674,-10.8098,2.2994
-8.9794,-7.1702,-9.0914,-7.1515
-8.9794,-7.7305,-8.8860,-7.6558
-9.0204,-20.8563,-9.1603,-20.9262
9.0258,-4.7795,9.0445,-4.9289
-9.0354,-30.1436,-9.1101,-30.2370
-9.0354,-30.5545,-8.9420,-30.6292
-9.0379,-14.5864,-8.4782,-14.5864
9.0445,-3.6401,8.8951,-3.6588
9.0445,-41.3875,8.9324,-41.4062
9.0445,-41.9852,9.1566,-41.9665
9.0445,-4.9289,8.4842,-5.0036
-9.0541,1.9445,-9.6517,1.8884
-9.0541,-33.9351,-9.6517,-33.9538
-9.0541,-34.0659,-9.6517,-34.0846
9.0632,-3.8642,8.9138,-3.8829
-9.0727,2.0939,-9.6704,2.0379
-9.0914,-7.1515,-9.2035,-7.1702
-9.0914,-7.7492,-8.9794,-7.7305
-9.1101,-30.2370,-9.1288,-30.3491
-9.1101,-30.4611,-9.0354,-30.5545
9.1192,3.9430,8.7830,3.9056
9.1274,0.6467,9.3066,-0.8045
-9.1288,-25.8664,-9.1475,-25.7544
-9.1288,-30.3491,-9.1101,-30.4611
9.1379,-1.2494,11.8461,-0.8945
9.1379,-1.2494,9.1566,-1.3615
9.1405,0.6391,9.7147,0.7365
-9.1475,-25.7544,-9.2222,-25.6610
-9.1475,-25.9785,-9.1288,-25.8664
9.1566,-1.3615,8.6523,-1.2867
9.1566,-1.4548,9.2686,-2.2206
9.1566,-41.4062,9.0445,-41.3875
9.1566,-41.9665,9.2500,-41.8918
-9.1603,-20.9262,-9.2827,-20.9612
9.1939,-4.7608,9.0258,-4.7795
9.1939,-4.7608,9.2126,-4.9102
-9.2035,-7.1702,-9.2969,-7.2449
-9.2035,-7.7305,-9.0914,-7.7492
9.2126,-4.9102,14.8532,-4.1818
-9.2222,-25.6610,-9.3155,-25.5863
-9.2222,-26.0719,-9.1475,-25.9785
-9.2408,-9.3555,-10.0627,-9.4488
9.2500,-1.3428,11.7528,-1.0066
9.2500,-41.4809,9.1566,-41.4062
9.2500,-41.8918,9.3247,-41.7984
9.2686,-2.2206,8.3534,-2.1086
-9.2827,-20.9612,-9.6063,-20.9874
9.2873,3.9617,9.5301,3.9803
-9.2969,-7.2449,-9.3716,-7.3383
-9.2969,-7.6558,-9.2035,-7.7305
9.3066,-0.8045,11.3489,-0.4820
-9.3155,-25.5863,-9.4276,-25.5676
-9.3155,-26.1466,-9.2222,-26.0719
9.3247,-19.2546,9.3433,-19.4040
9.3247,-41.5743,9.2500,-41.4809
9.3247,-41.7984,9.3433,-41.6863
9.3433,-30.3864,8.7457,-30.4611
9.3433,-41.6863,9.3247,-41.5743
9.3620,-2.2019,11.8648,-1.8657
9.3620,-2.2019,9.2500,-1.3428
9.3620,-30.5171,8.7643,-30.5919
-9.3716,-7.3383,-9.3903,-7.4503
-9.3716,-7.5624,-9.2969,-7.6558
9.3807,7.2863,18.0284,6.6325
9.3807,7.2863,9.1192,3.9430
-9.3903,-7.4503,-9.3716,-7.5624
-9.4089,-34.3834,-7.0556,-34.3461
-9.4089,-34.4208,-7.0556,-34.3647
-9.4276,-25.5676,-9.5397,-25.5863
-9.4276,-26.1653,-9.3155,-26.1466
9.4741,3.4574,9.5301,3.9803
9.4741,3.4574,9.7729,3.4947
9.5301,6.9687,9.2873,3.9617
-9.5397,-25.5863,-9.6331,-25.6610
-9.5397,-26.1466,-9.4276,-26.1653
-9.5713,-14.6389,-9.0379,-14.5864
-9.5770,-9.9345,-10.2681,-10.0278
9.6048,11.2459,9.9971,11.2646
-9.6063,-20.9874,-10.0260,-21.0137
9.6235,10.7976,9.6048,11.2459
-9.6331,-25.6610,-9.7078,-25.7544
-9.6331,-26.0719,-9.5397,-26.1466
-9.6517,1.8884,-10.2494,1.8324
-9.6517,-33.9538,-10.2681,-33.9538
-9.6517,-34.0846,-10.2681,-34.0846
-9.6704,-10.2520,-10.3802,-10.3454
-9.6704,2.0379,-10.2681,1.9818
9.6795,1.0106,9.6422,1.1600
-9.7078,-25.7544,-9.7265,-25.8664
-9.7078,-25.9785,-9.6331,-26.0719
9.7147,0.7365,9.6855,1.0090
-9.7265,-25.8664,-9.7078,-25.9785
9.7729,3.4947,9.7916,3.3453
9.7916,3.3453,9.4928,3.3079
-9.8012,-20.7114,-9.8198,-20.5994
-9.8198,-20.5994,-9.8946,-20.5060
-9.8198,-20.8235,-9.8012,-20.7114
9.8476,-48.5784,9.9971,-47.8499
-9.8946,-20.5060,-9.9879,-20.4313
-9.8946,-20.9169,-9.8198,-20.8235
9.9224,-30.7600,11.4539,-30.5545
9.9224,-30.7786,11.4539,-30.5732
9.9224,-3.5841,9.9037,-3.4533
9.9410,-30.2930,9.3433,-30.3864
9.9597,24.7124,9.9971,25.3101
9.9597,-30.4424,9.3620,-30.5171
9.9597,-3.5841,9.9410,-3.4533
9.9597,-3.7709,13.5645,-3.3039
9.9784,-3.7335,13.5084,-3.2666
-9.9879,-20.4313,-10.1000,-20.4126
-9.9879,-20.9916,-9.8946,-20.9169
9.9971,10.8163,9.6235,10.7976
9.9971,11.2646,9.9971,10.8163
9.9971,20.3232,10.3146,24.6751
9.9971,25.3101,10.6134,25.2728
9.9971,-47.8499,14.6291,-48.8025
