27.8806,11.6101,27.8806,11.7768
27.8092,11.7768,27.8092,11.6101
-23.1146,-1.1506,-23.3288,6.3011
-23.3288,6.3011,-17.4008,6.4201
-22.9479,-1.1506,-23.1384,6.1345
-23.1384,6.1345,-17.4008,6.2297
-15.1391,-14.4827,-10.0682,-15.0064
19.4291,-13.6970,21.3574,-13.5780
19.4767,-14.1256,21.3813,-14.0065
21.3574,-13.5780,21.3574,-13.9113
19.4767,-14.1256,19.4767,-13.9351
19.4291,-13.8875,19.4291,-13.6970
20.9289,-13.7923,20.9289,-13.9351
20.8813,-14.0065,20.8575,-13.8637
-2.2118,-44.8370,-0.2120,-45.7654
-3.1164,-44.8608,-0.4024,-46.1702
-0.2120,-45.7654,-0.3548,-46.0511
-3.1164,-44.8608,-2.3070,-45.0988
-2.2832,-45.0036,-2.2118,-44.8370
-0.6881,-45.7654,-0.7357,-45.8845
-0.8548,-45.9321,-0.7833,-45.7893
22.9763,-13.2209,23.6906,-11.4115
23.4049,-13.3637,24.0953,-11.5782
23.6906,-11.4115,24.0001,-11.5306
23.4049,-13.3637,23.2382,-13.2923
23.1668,-13.2923,22.9763,-13.2209
23.7144,-11.8877,23.8334,-11.9353
23.9286,-11.9591,23.8810,-12.0543
23.8810,-12.0543,23.7382,-11.9829
24.1429,-10.2450,24.8571,-8.4356
24.5714,-10.3640,25.2618,-8.6023
24.8571,-8.4356,25.1428,-8.5546
24.5714,-10.3640,24.4048,-10.2926
24.3334,-10.3164,24.1429,-10.2450
24.8809,-8.9118,25.0000,-8.9594
25.0476,-9.0546,24.9047,-9.0070
26.0475,-5.4121,25.3333,-7.2214
26.4284,-5.6025,25.7380,-7.3643
25.3333,-7.2214,25.6428,-7.3405
26.4284,-5.6025,26.2618,-5.5311
26.2141,-5.4835,26.0475,-5.4121
25.6666,-6.8881,25.7856,-6.9358
25.8808,-6.8881,25.7380,-6.8405
28.1187,-0.1031,28.8091,1.6825
28.5234,-0.2459,29.2139,1.5158
28.8091,1.6825,29.1186,1.5635
28.5234,-0.2459,28.3568,-0.1745
28.2854,-0.1745,28.1187,-0.1031
28.8329,1.2063,28.9520,1.1587
29.0472,1.1587,28.9996,1.0635
28.9996,1.0635,28.8567,1.1349
30.4518,5.8488,31.1661,7.6343
30.8566,5.7059,31.5470,7.4915
31.1661,7.6343,31.4517,7.5153
30.8566,5.7059,30.7137,5.7773
30.6423,5.7773,30.4518,5.8488
31.1899,7.1820,31.3089,7.1344
31.3565,7.0153,31.2137,7.0867
29.7614,4.1108,29.0710,2.3253
30.1661,3.9204,29.4519,2.1586
29.0710,2.3253,29.3567,2.2062
30.1661,3.9204,29.9995,3.9918
29.9519,4.0394,29.7614,4.1108
29.4043,2.6348,29.5233,2.5872
29.6186,2.6348,29.4757,2.6824
32.0945,10.0627,31.4041,8.2771
32.4993,9.8722,31.8088,8.1105
31.4041,8.2771,31.7136,8.1581
32.4993,9.8722,32.3326,9.9436
32.2850,9.9912,32.0945,10.0627
31.7374,8.5866,31.8565,8.5390
31.9517,8.5866,31.8088,8.6342
21.7384,-51.0269,20.8337,-50.8364
-7.3541,11.2530,-5.7114,11.3006
-6.9494,10.8245,-6.0924,10.8483
-2.9260,6.5392,-2.9974,10.8959
0.1213,6.7296,0.0499,10.9435
5.4780,1.0397,5.4066,4.6346
18.4053,-8.3642,19.7862,-4.8645
20.2147,-3.7456,21.7622,0.2541
21.8574,0.4921,23.4287,4.4679
32.6659,11.5149,32.4993,11.5149
33.3087,11.9434,32.4993,9.8722
-13.2584,-31.5049,-8.0922,-33.9332
-8.0922,-33.9332,-8.0446,-33.8380
-11.7347,-28.3385,-8.0208,-29.6241
-15.7581,-21.8153,-15.8057,-22.4105
-15.8534,-23.0057,-15.9724,-24.7912
-15.9962,-25.0531,-16.1152,-26.8386
19.7386,-39.4565,20.3099,-39.6470
-3.8545,-44.0513,-2.2118,-44.8370
-17.7817,-23.1247,-22.6860,-22.7676
-23.0908,-22.9343,-23.1146,-23.2199
20.2623,-7.7214,20.3813,-7.7690
1.6926,-26.3863,1.8117,-26.4339
2.0735,-25.2436,2.1926,-25.2912
3.0734,-22.3867,2.0735,-25.2436
27.3569,-2.0314,26.5712,-4.0789
28.0473,-1.4363,26.9522,-4.2217
26.5712,-4.0789,26.8569,-4.1979
28.0473,-1.4363,27.6188,-2.1505
27.5473,-2.1029,27.3569,-2.0314
26.9045,-3.7456,27.0236,-3.7932
27.1188,-3.7456,26.9760,-3.6980
32.0945,10.0627,32.6659,11.5149
31.8088,8.1105,31.5470,7.4915
30.8566,5.7059,30.1661,3.9204
29.4519,2.1586,29.2139,1.5158
28.5234,-0.2459,28.0473,-1.4363
26.9522,-4.2217,26.4284,-5.6025
25.7380,-7.3643,25.2618,-8.6023
24.5714,-10.3640,24.0953,-11.5782
23.4049,-13.3637,23.1906,-13.9113
5.1923,-47.1701,3.0496,-46.7177
5.9065,-47.7415,2.9544,-47.1463
3.0496,-46.7177,2.9782,-47.0272
5.9065,-47.7415,5.1209,-47.4320
5.1685,-47.3605,5.1923,-47.1701
3.4306,-47.0034,3.4067,-47.1225
3.4544,-47.2177,3.4782,-47.0748
-18.6150,-37.5043,-17.6627,-37.9567
-14.9487,-39.2422,-14.0202,-39.6708
-11.3062,-40.9802,-10.4015,-41.4087
-7.6874,-42.6943,-6.7590,-43.1466
-4.0449,-44.4322,-3.1164,-44.8608
-5.8543,-43.0990,-3.8545,-44.0513
-6.7590,-43.1466,-4.0449,-44.4322
-3.8545,-44.0513,-3.9973,-44.3370
-6.7590,-43.1466,-5.9495,-43.3609
-5.9257,-43.2657,-5.8543,-43.0990
-4.3306,-44.0275,-4.3782,-44.1466
-4.4735,-44.1942,-4.4259,-44.0513
-9.4730,-41.3611,-7.4970,-42.3134
-10.4015,-41.4087,-7.6874,-42.6943
-7.4970,-42.3134,-7.6398,-42.5991
-10.4015,-41.4087,-9.5682,-41.6230
-9.5682,-41.5516,-9.4730,-41.3611
-7.9493,-42.3134,-8.0208,-42.4324
-8.0208,-42.5038,-8.1160,-42.4562
-8.1160,-42.4562,-8.0446,-42.3134
-13.1155,-39.6470,-11.1395,-40.5755
-14.0202,-39.6708,-11.3062,-40.9802
-11.1395,-40.5755,-11.2585,-40.8850
-14.0202,-39.6708,-13.2107,-39.9089
-13.2107,-39.8136,-13.1155,-39.6470
-11.5918,-40.5755,-11.6395,-40.6945
-11.7585,-40.7421,-11.6871,-40.5993
-16.7580,-37.9090,-14.7582,-38.8613
-17.6627,-37.9567,-14.9487,-39.2422
-14.7582,-38.8613,-14.9011,-39.1470
-17.6627,-37.9567,-16.8533,-38.1709
-16.8533,-38.0757,-16.7580,-37.9090
-15.2344,-38.8375,-15.3058,-38.9566
-15.3058,-39.0518,-15.4010,-39.0042
-15.4010,-39.0042,-15.3296,-38.8613
-20.4005,-36.1711,-18.4245,-37.1234
-21.3290,-36.2187,-18.6150,-37.5043
-18.4245,-37.1234,-18.5674,-37.4091
-21.3290,-36.2187,-20.4958,-36.4330
-20.4958,-36.3378,-20.4005,-36.1711
-18.8769,-37.1234,-18.9483,-37.2186
-18.9483,-37.3139,-19.0435,-37.2662
-19.0435,-37.2662,-18.9721,-37.1234
-0.4024,-46.1702,0.6689,-46.6701
2.9544,-47.1463,1.9307,-46.9320
7.0255,-47.9795,5.9065,-47.7415
10.6204,-48.7176,9.9776,-48.5985
14.3819,-49.5032,13.0963,-49.2413
18.5958,-50.3603,17.3102,-50.0984
18.6672,-49.9317,18.0244,-49.8127
17.6435,-49.7413,16.6198,-49.5270
21.5003,-50.1698,22.0002,-48.3128
21.9288,-50.2650,22.4288,-48.4319
22.0002,-48.3128,22.3097,-48.4081
21.9288,-50.2650,21.7622,-50.2174
21.6908,-50.2412,21.5003,-50.1698
22.0955,-48.7890,22.2145,-48.8128
22.2621,-48.9080,22.1193,-48.8604
14.9057,-37.7900,17.4531,-38.6709
9.7157,-36.0045,9.8109,-36.0521
11.6441,-36.6711,12.7868,-37.0758
19.7386,-39.4565,17.9292,-38.8137
19.8576,-39.0280,18.0482,-38.4090
17.9292,-38.8137,18.0244,-38.5280
19.8576,-39.0280,19.7862,-39.1946
19.8100,-39.2661,19.7386,-39.4565
18.3815,-38.7661,18.4292,-38.6471
18.5244,-38.5995,18.4768,-38.7423
9.8347,-16.7205,10.2394,-15.5540
9.2633,-19.6965,8.7634,-21.1725
7.6444,-23.1009,8.3587,-21.0297
7.7873,-24.0056,8.7634,-21.1725
8.3587,-21.0297,8.6682,-21.1249
7.7873,-24.0056,7.9063,-23.1723
7.8349,-23.1723,7.6444,-23.1009
8.4063,-21.4820,8.5253,-21.5296
8.5729,-21.6249,8.4301,-21.5772
9.1205,-18.8156,9.8347,-16.7205
9.2633,-19.6965,10.2632,-16.8634
9.8347,-16.7205,10.1442,-16.8396
9.2633,-19.6965,9.4062,-18.8632
9.3110,-18.8632,9.1205,-18.8156
9.8823,-17.1967,10.0014,-17.2443
10.0728,-17.3395,9.9061,-17.2919
-17.9246,-26.9339,-22.9479,-26.5768
-23.4717,-22.1486,-23.5431,-23.1961
-23.1860,-18.1252,-23.2574,-19.1489
-23.2574,-25.4340,-23.1146,-23.2199
-23.7574,-26.1959,-23.5431,-23.1961
-23.1146,-23.2199,-23.4241,-23.1961
-23.7574,-26.1959,-23.5431,-25.3864
-23.4479,-25.4102,-23.2574,-25.4340
-23.3288,-23.6485,-23.4717,-23.6247
-23.5431,-23.6961,-23.4003,-23.7199
-22.9717,-21.3868,-22.8289,-19.1965
-23.4717,-22.1486,-23.2574,-19.1489
-22.8289,-19.1965,-23.1384,-19.1727
-23.4717,-22.1486,-23.2574,-21.3392
-23.1860,-21.3630,-22.9717,-21.3868
-23.0432,-19.6012,-23.1860,-19.6012
-23.2574,-19.6488,-23.1146,-19.6727
-22.7099,-17.3395,-22.5432,-15.1493
-23.1860,-18.1252,-22.9717,-15.1255
-22.5432,-15.1493,-22.8765,-15.1255
-23.1860,-18.1252,-22.9717,-17.2919
-22.9003,-17.3395,-22.7099,-17.3395
-22.7575,-15.5540,-22.9003,-15.5540
-22.9717,-15.6254,-22.8289,-15.6254
-2.7117,11.3483,-2.5451,11.3483
2.0021,11.4197,3.7639,11.4435
30.5947,11.4673,29.8090,11.4673
32.4755,11.9434,33.3087,11.9434
30.5709,11.4673,32.4993,11.5149
30.5947,11.9196,32.4755,11.9434
32.4993,11.5149,32.4755,11.8244
30.5947,11.9196,30.5947,11.7292
30.5709,11.6816,30.5709,11.4673
32.0707,11.7054,32.0707,11.8244
32.0945,11.8958,31.9755,11.8958
31.9755,11.8958,31.9755,11.7530
-20.9481,-35.9092,-23.0432,-34.9331
-16.7580,-37.9090,-17.3770,-37.6234
-17.9246,-37.3615,-18.4245,-37.1234
-13.1155,-39.6470,-13.7107,-39.3613
-14.2583,-39.0994,-14.7582,-38.8613
-10.6396,-40.8135,-11.1395,-40.5755
-5.8543,-43.0990,-6.6875,-42.6943
5.1923,-47.1701,7.1207,-47.5510
9.2872,-48.0033,10.0966,-48.1700
10.3823,-48.2414,10.6918,-48.2890
24.8571,3.7061,28.9758,2.0872
23.7144,0.7778,25.7618,-0.0316
26.0951,-0.1745,27.8330,-0.8411
22.0717,-3.4599,26.1665,-5.0788
20.9051,-6.3882,23.4049,-7.3643
23.7144,-7.4833,25.0238,-8.0071
20.3813,-7.7690,18.7386,-11.9591
18.8339,-13.7208,19.4291,-13.6970
18.8339,-13.7208,18.7386,-11.9591
-18.0436,-26.7910,-23.3288,-26.4339
-17.7579,-23.0057,-22.6860,-22.6486
-22.8051,-18.9584,-22.8289,-19.1965
5.5970,1.0635,5.5494,4.6584
20.8813,-6.5072,23.3573,-7.4833
23.6906,-7.6024,24.9762,-8.1261
22.0241,-3.5789,26.1189,-5.1740
24.8095,3.5871,28.9282,1.9682
25.9523,6.5154,30.0709,4.8965
26.0475,6.6344,30.1423,5.0393
27.7854,-0.9601,26.0475,-0.2697
25.7380,-0.1507,23.6668,0.6588
13.1915,-48.8128,14.0010,-48.9794
14.2629,-49.0270,14.4533,-49.0747
18.3101,-8.2690,19.6195,-4.9359
19.6195,-4.9359,18.5958,-4.5312
18.5958,-4.5312,18.6434,-4.4122
18.6434,-4.4122,19.7862,-4.8645
9.2872,-48.0033,7.1207,-47.5510
9.9776,-48.5985,7.0255,-47.9795
7.1207,-47.5510,7.0493,-47.8843
9.9776,-48.5985,9.1919,-48.2652
9.2395,-48.1938,9.2872,-48.0033
7.5016,-47.8367,7.4540,-47.9557
7.5254,-48.0509,7.5492,-47.9081
-3.4974,10.8959,-5.7114,10.8483
-2.7117,11.3483,-5.7114,11.3006
-5.7114,10.8483,-5.7114,11.1816
-2.7117,11.3483,-3.5450,11.1816
-3.5212,11.0864,-3.4974,10.8959
-5.2829,11.0388,-5.2829,11.1816
-5.2115,11.2768,-5.2115,11.1102
11.8107,-3.4361,13.4772,-3.2218
-3.1879,6.4201,-3.1879,6.5392
-4.3782,6.3963,-4.3782,6.5154
-17.6389,-22.8628,-17.7579,-22.8628
20.8575,-6.1977,20.9765,-6.2453
22.0002,-3.2694,22.1193,-3.3170
23.6668,0.9445,23.7620,0.8968
24.8095,3.8728,24.9047,3.8251
9.8347,-35.5997,9.9538,-35.6473
11.7631,-36.2425,12.9297,-36.6473
12.6916,11.1816,14.4533,11.2054
14.7390,11.2054,15.1437,11.2054
-7.2827,-34.3379,-7.2351,-34.2189
-7.2351,-34.2189,-6.4257,-34.6236
16.1437,-8.5546,17.5721,-4.1265
17.5721,-4.1265,17.7625,-4.1979
18.7386,-13.9351,18.6196,-11.9353
18.6196,-11.9353,20.2623,-7.7214
25.9523,6.5154,25.3571,4.9441
25.3571,4.9441,25.2380,4.9917
25.2380,4.9917,26.1189,7.2534
26.0475,6.6344,26.2618,7.2058
24.8095,3.5871,24.2143,2.0158
24.2143,2.0158,24.0953,2.0634
24.0953,2.0634,24.8095,3.8728
23.6668,0.6588,22.5478,-2.1981
22.5478,-2.1981,22.4288,-2.1743
22.4288,-2.1743,23.6668,0.9445
22.0241,-3.5789,21.4051,-5.1264
21.4051,-5.1264,21.2860,-5.1026
21.2860,-5.1026,22.0002,-3.2694
20.8813,-6.5072,20.8099,-6.6501
20.8099,-6.6501,20.6908,-6.6024
20.6908,-6.6024,20.8575,-6.1977
-15.9486,1.3492,-14.4963,1.4682
-14.4963,1.4682,-13.9726,6.1106
-15.9486,1.3730,-14.5201,1.4920
-14.5201,1.4920,-13.9964,6.1106
-0.2120,-45.7654,0.8118,-46.2654
0.8118,-46.2654,1.1451,-46.3368
1.1451,-46.3368,1.0498,-46.7415
1.0498,-46.7415,0.6689,-46.6701
1.9307,-46.9320,2.0259,-46.5035
2.0259,-46.5035,2.1688,-46.5511
2.5973,-46.6225,3.0496,-46.7177
-21.3290,-36.2187,-23.2336,-35.3140
19.8576,-39.0280,20.4528,-39.2422
15.8103,-37.6472,18.0482,-38.4090
-23.7574,-26.1959,-23.8288,-27.2434
-23.4003,-27.2672,-23.2574,-25.4340
-24.1859,-32.2667,-24.0431,-30.2431
2.3354,10.9911,3.7877,11.0149
8.7158,11.1102,9.6443,11.1102
21.3574,-13.5780,21.5479,-13.5780
21.8336,-13.5542,22.8811,-13.5066
22.8811,-13.5066,22.9763,-13.2209
26.1427,11.7530,27.8806,11.7768
26.1427,11.5625,27.8092,11.6101
26.1903,11.7292,27.8092,11.7768
26.1903,11.7054,27.8092,11.7530
31.4041,8.2771,31.1661,7.6343
23.6906,-11.4115,24.1429,-10.2450
24.8571,-8.4356,25.3333,-7.2214
26.0475,-5.4121,26.5712,-4.0789
27.3569,-2.0314,28.1187,-0.1031
28.8091,1.6825,29.0710,2.3253
29.7614,4.1108,30.4518,5.8488
10.4299,-15.5778,10.6680,-15.6492
10.6680,-15.6492,10.2632,-16.8634
9.1205,-18.8156,8.3587,-21.0297
1.7402,-26.6244,1.6926,-26.7196
1.5974,-26.6958,1.6926,-26.3863
18.3101,-8.2690,16.1437,-8.5546
5.2875,-10.0783,5.7399,-6.8643
0.1690,-16.0778,0.7403,-10.6735
-15.7581,-21.8153,-15.6153,-21.8391
-15.8057,-22.4105,-15.6629,-22.4343
-15.8534,-23.0057,-15.6867,-23.0295
-1.9023,0.3731,5.4780,1.0397
5.5970,1.0635,6.6683,1.1587
-15.6153,-21.8391,-15.6629,-22.4343
-15.6867,-23.0295,-15.9724,-26.9101
18.8101,-14.1494,18.8101,-13.9113
10.6204,-15.5540,10.9775,-14.5303
10.4537,-15.5064,10.8584,-14.3398
10.6204,-15.5540,10.9775,-14.5065
10.5966,-15.5302,10.9537,-14.4827
9.7871,11.5625,10.9775,27.2753
11.0251,27.2753,9.8347,11.5625
11.0489,11.5863,12.2393,27.1801
12.2869,27.1801,11.0965,11.5863
7.3111,-24.0294,6.8350,-23.8627
6.8826,-25.2198,7.6444,-23.1009
0.7879,-28.9575,1.2879,-27.5291
1.2879,-27.5291,1.4069,-27.5767
1.4069,-27.5767,1.0022,-28.7194
15.4056,-8.7689,15.2866,-7.6976
15.2866,-7.6976,12.2631,-8.0785
12.2631,-8.0785,12.4059,-9.1498
12.4059,-9.1498,12.2869,-9.1736
12.2869,-9.1736,12.1440,-8.1023
12.1440,-8.1023,11.6917,-8.1499
11.6917,-8.1499,11.8345,-9.2213
13.5248,-3.2932,11.8583,-3.5075
13.4772,-3.2456,11.8345,-3.4599
10.1918,-3.6742,10.1680,-3.5313
10.1680,-3.7218,10.1442,-3.5551
13.4772,-2.9361,10.1204,-3.3647
13.4296,-2.9837,10.1680,-3.4123
10.1680,-3.4361,13.4534,-3.0075
10.1680,-3.4123,10.1680,-3.5313
10.1204,-3.3885,10.1442,-3.5551
11.8583,-3.5075,10.1680,-3.7218
11.8345,-3.4599,10.2156,-3.6742
18.4530,-1.1268,18.4053,-0.9125
13.4772,-2.9361,13.5010,-3.1028
13.5010,-3.1028,13.5248,-3.2694
13.4772,-3.2456,13.4772,-3.1028
13.4772,-3.1028,13.4534,-2.9837
9.8823,-6.8167,10.1680,-9.0546
7.8825,-7.0310,7.5730,-9.3403
11.6441,-8.8641,11.3346,-6.6263
9.7157,-6.7929,10.0252,-9.1022
11.1441,-4.7931,11.1679,-5.0074
11.1679,-5.0074,11.2870,-5.0074
11.2870,-5.0074,11.2632,-4.7693
11.4060,-5.9120,11.2870,-5.9358
9.2157,-1.3172,11.7155,-1.0077
11.7155,-1.0077,11.8345,-1.8648
11.8107,-0.8887,11.9298,-1.8410
8.9300,0.9207,9.6443,1.0159
8.8586,1.0635,9.6205,1.1587
9.2157,-1.2220,11.8107,-0.8887
11.6917,-8.0309,11.4060,-5.9120
11.2870,-5.9358,11.3584,-6.4596
14.8104,-4.1503,8.4301,-4.9836
18.4053,-8.3642,15.4056,-8.7689
7.5730,-9.3403,7.8825,-9.2927
11.9298,-1.8410,14.4533,-1.5077
14.4533,-1.5077,14.0486,1.5873
9.3348,-2.1743,11.8345,-1.8648
13.3344,4.8965,13.7391,1.6825
16.1913,-8.1499,15.4294,-8.2452
15.4294,-8.2452,14.5248,-1.3887
8.1920,-4.9597,8.2396,-4.6264
8.2396,-4.6264,8.0968,-4.6026
8.5015,-5.1264,11.1441,-4.7931
7.9301,-5.8406,8.0968,-4.6026
7.7873,-6.9358,7.3826,-9.8164
7.3826,-9.8164,11.8345,-9.2213
8.4301,-2.1029,8.2158,-3.6742
8.2158,-3.6742,8.3587,-3.6980
8.3587,-3.6980,8.5253,-2.6266
8.5253,-2.6266,8.8586,-2.5790
8.8348,-2.5076,14.5009,-1.7696
14.5009,-1.7696,14.8104,-4.1503
13.1439,1.4682,14.0486,1.5873
13.1201,1.6111,13.7391,1.6825
14.5248,-1.3172,14.1676,1.4682
10.6918,1.1349,11.8107,1.2778
10.6680,1.3016,11.7869,1.4444
18.4530,-1.1268,16.1913,-8.1499
13.8820,1.8729,14.4295,1.9444
14.4295,1.9444,14.4771,1.4920
14.4771,1.4920,14.1676,1.4682
11.2632,-4.7693,13.3820,-4.4836
13.7629,-4.4360,14.5486,-4.3408
14.8581,-4.4836,15.2628,-7.5785
15.2628,-7.5785,11.6917,-8.0309
8.5729,-0.9601,8.8586,1.0635
20.1433,-3.5789,21.2146,-0.8649
21.2146,-0.8649,18.5006,-1.2220
20.2147,-3.7456,19.0719,-3.2932
17.9768,-2.8647,17.5959,-4.0075
17.5959,-4.0075,17.8102,-4.0789
17.8102,-4.0789,17.7625,-4.1979
20.1433,-3.5789,19.1196,-3.1742
18.0006,-2.7457,18.5006,-1.2220
18.2625,-2.8409,18.2387,-2.9599
19.1196,-3.1742,19.0719,-3.2932
18.2387,-2.9599,17.9768,-2.8647
18.2625,-2.8409,18.0006,-2.7457
6.1208,-29.8622,4.4543,-30.0764
6.0732,-29.8384,4.4305,-30.0526
2.7878,-30.2431,2.7640,-30.1241
2.7640,-30.2907,2.7401,-30.1241
6.0732,-29.5289,2.7163,-29.9574
6.0256,-29.5527,2.7640,-29.9812
2.7640,-30.0288,6.0256,-29.6003
2.7640,-30.0050,2.7640,-30.1241
2.7163,-29.9574,2.7401,-30.1241
4.4543,-30.0764,2.7640,-30.3145
4.4305,-30.0526,2.8116,-30.2669
4.4067,-30.0050,6.0732,-29.7908
6.0732,-29.5289,6.0970,-29.6955
6.0970,-29.6955,6.1208,-29.8622
6.0732,-29.8146,6.0494,-29.6955
6.0494,-29.6955,6.0494,-29.5765
0.9784,-29.1480,1.2879,-31.5287
1.1689,-31.8620,0.7879,-28.9575
2.5735,-28.5052,1.0022,-28.7194
7.0731,-28.3623,0.9784,-29.1480
1.3831,-31.5049,1.4307,-31.8382
2.3116,-31.3858,2.3354,-31.7191
5.2875,-28.2433,7.0731,-28.0052
23.4287,4.4679,23.6668,5.0869
23.4049,4.4679,23.6191,5.0393
22.4526,5.0631,23.6668,5.0869
22.4526,5.0393,23.6191,5.0393
23.2620,4.4679,23.4287,4.4679
22.4764,4.8965,22.4526,5.0631
0.9070,-10.6497,5.1209,-10.1021
-3.1164,-11.1734,0.7403,-10.6735
-17.9008,-26.6482,-18.0198,-26.6482
20.9051,-6.3882,20.9765,-6.2453
22.1193,-3.3170,22.0717,-3.4599
23.7620,0.8968,23.7144,0.7778
24.9047,3.8251,24.8571,3.7061
7.3350,-25.2674,7.7873,-24.0056
18.4292,-46.1940,17.7625,-49.4556
18.6910,-46.2416,18.0244,-49.5032
14.3105,-44.4084,13.4058,-48.8604
13.2868,-48.8366,14.1676,-44.5037
10.4299,-43.0752,9.4062,-48.0271
9.2872,-48.0033,10.3109,-43.0276
6.8112,-41.8372,5.6922,-47.2653
-16.9009,1.3730,-17.4246,1.3254
2.0735,-41.3135,0.3118,-40.4802
0.3118,-40.4802,0.3594,-40.3612
0.3594,-40.3612,1.0736,-40.6945
1.0736,-40.6945,2.7878,-41.0040
6.8112,-41.8372,3.9543,-41.3373
3.9543,-41.3373,3.9781,-41.2183
3.9781,-41.2183,6.8588,-41.7182
6.8588,-41.7182,7.2635,-41.8611
-0.7595,-39.9565,-0.9024,-39.8850
-0.9024,-39.8850,-3.0688,-44.4322
2.4783,-41.0754,2.7878,-41.1230
5.8113,-47.2891,6.9302,-41.8849
18.4530,-45.8369,18.3815,-46.1702
18.7386,-46.2654,18.8101,-45.9559
22.3097,-47.1701,22.0002,-48.3128
23.2144,-43.8371,22.8573,-45.1941
21.9288,-50.2650,21.7384,-51.0269
20.9289,-50.4079,21.1194,-50.4555
24.4048,-41.0516,24.5238,-40.6231
24.5238,-40.6231,23.2858,-40.2183
-5.4258,-25.2674,-5.4496,-25.1483
-5.4496,-25.1483,-5.5448,-25.0769
-5.6400,-25.0531,-5.7591,-25.0769
-5.7591,-25.0769,-5.8305,-25.1721
-5.8305,-25.3626,-5.7353,-25.4578
-5.6400,-25.4816,-5.5210,-25.4578
-5.5210,-25.4578,-5.4496,-25.3626
3.0496,3.3014,3.0734,2.8490
3.0734,2.8490,3.3591,2.8729
3.3591,2.8729,3.3115,3.3252
3.3115,3.3252,3.0496,3.3014
5.7637,-14.6017,5.4066,-14.4827
5.4066,-14.4827,5.2637,-14.8874
5.2637,-14.8874,5.6208,-15.0064
6.8350,-23.8627,6.9540,-23.5056
6.9540,-23.5056,6.5731,-23.3866
6.5731,-23.3866,6.4541,-23.7199
6.4541,-23.7199,3.1449,-22.5771
10.3823,-48.2414,10.4537,-47.8843
10.4537,-47.8843,10.1680,-47.8367
10.1680,-47.8367,10.0966,-48.1700
17.4531,-38.6709,17.3578,-38.9566
17.3578,-38.9566,17.7387,-39.0756
14.0010,-48.9794,14.0486,-48.6461
14.0486,-48.6461,14.3343,-48.6937
14.3343,-48.6937,14.2629,-49.0270
18.0244,-49.8127,18.0720,-49.5270
18.0720,-49.5270,17.6911,-49.4318
17.6911,-49.4318,17.6435,-49.7413
23.2620,4.4679,21.2146,-0.7459
21.2146,-0.7459,18.5244,-1.1030
-24.0431,-34.4808,-23.4955,-34.7427
18.5244,-1.1030,18.4768,-0.8173
18.4053,-0.9125,18.0482,-0.9601
18.4768,-0.8173,17.9530,-0.8887
18.0482,-0.9601,18.0958,-1.2696
17.9530,-0.8887,18.0006,-1.1982
19.5243,4.8489,19.5243,4.3489
19.5243,4.3489,19.1434,4.3489
19.1434,4.3489,19.1434,4.8489
21.8336,-13.5542,21.7860,-13.1971
21.7860,-13.1971,21.5241,-13.2447
21.5241,-13.2447,21.5479,-13.5780
21.7384,11.3244,21.7622,10.9673
21.7622,10.9673,21.4765,10.9673
21.4765,10.9673,21.4765,11.3244
29.8090,11.4673,29.8090,11.1102
29.8090,11.1102,29.4281,11.1102
29.4281,11.1102,29.4281,11.4673
27.9045,5.4440,27.5712,5.5393
27.5712,5.5393,27.4521,5.1822
27.4521,5.1822,27.7854,5.0869
27.9045,5.4440,27.7854,5.0869
26.1427,-0.0316,25.8094,0.0874
25.8094,0.0874,25.7618,-0.0316
25.7380,-0.1507,25.6904,-0.2697
25.6904,-0.2697,26.0237,-0.3887
26.1427,-0.0316,26.0951,-0.1745
26.0475,-0.2697,26.0237,-0.3887
23.7620,-7.3405,23.4525,-7.2452
23.4525,-7.2452,23.4049,-7.3643
23.3573,-7.4833,23.3335,-7.6024
23.3335,-7.6024,23.6668,-7.6976
23.7620,-7.3405,23.7144,-7.4833
8.1920,-4.9597,8.4301,-4.9359
8.6920,11.5387,9.9061,11.5625
9.9299,10.7769,9.6443,10.7531
9.6443,10.7531,9.6443,11.1102
14.7390,11.2054,14.7390,10.8483
14.7390,10.8483,14.4533,10.8483
14.4533,10.8483,14.4533,11.2054
2.3354,10.9911,2.3354,10.6340
2.3354,10.6340,2.0497,10.6340
2.0497,10.6340,2.0497,10.9911
-5.7591,10.8483,-5.7591,10.4912
-5.7591,10.4912,-6.0924,10.4912
-6.0924,10.4912,-6.0924,10.8483
-19.1626,1.0635,-19.1626,0.8730
-13.8773,10.5864,-13.9012,10.7055
-13.9012,10.7055,-13.9964,10.7769
-14.0916,10.8007,-14.2106,10.7769
-14.2106,10.7769,-14.2821,10.6816
-14.2821,10.4912,-14.1868,10.3960
-14.0916,10.3722,-13.9726,10.3960
-13.9726,10.3960,-13.9012,10.4912
8.0254,-35.7426,8.3825,-35.8616
22.3812,-40.3612,23.7620,-40.8135
23.7620,-40.8135,23.6668,-41.1706
23.6668,-41.1706,23.9286,-41.2421
21.1194,-50.4555,21.2146,-50.1222
21.2146,-50.1222,21.5003,-50.2174
2.0735,-41.3135,2.1688,-46.5511
2.5973,-46.6225,2.4783,-41.0754
-8.3779,-36.2187,-5.8067,-37.4329
-4.7353,-37.9328,-2.1880,-39.1470
-1.0214,-39.8374,-3.1641,-44.3608
-4.5449,-38.1709,-2.2356,-39.2661
-11.9966,-34.4808,-9.4492,-35.6950
-11.8061,-34.6951,-9.4968,-35.8140
-17.5199,-31.8382,-13.0917,-33.9570
-15.4486,-32.9571,-13.1393,-34.0523
-19.7816,-30.7669,-18.6150,-31.3382
-18.7816,-31.3858,-18.6626,-31.4335
-19.7816,-30.7669,-19.8292,-30.8859
-19.8292,-30.8859,-19.4721,-31.0525
-22.3527,-29.5527,-20.8767,-30.2431
-20.8767,-30.2431,-20.9243,-30.3621
-20.9243,-30.3621,-22.4004,-29.6717
-22.4004,-29.6717,-23.5669,-29.5765
-21.3528,-35.7188,-19.5197,-31.8620
-8.2826,-36.3854,-10.3301,-40.6469
-21.2576,-35.7664,-19.3292,-31.7430
-8.1636,-36.4330,-10.2110,-40.7183
-4.5449,-38.1709,-6.5685,-42.4324
-1.0928,-39.6708,-0.7119,-39.8374
-4.6401,-38.1233,-4.7830,-38.0519
-1.0214,-39.8374,-1.1404,-39.7660
-1.1404,-39.7660,-1.0928,-39.6708
-2.1880,-39.1470,-2.2356,-39.2661
-4.7353,-37.9328,-4.7830,-38.0519
-5.8067,-37.4329,-5.8781,-37.5281
-8.3779,-36.2187,-8.4255,-36.3140
-9.4492,-35.6950,-9.4968,-35.8140
-11.9966,-34.4808,-12.0680,-34.5998
-13.0917,-33.9570,-13.1393,-34.0523
-15.5677,-32.9095,-17.5675,-31.9572
-11.9251,-34.6474,-12.0680,-34.5998
-5.8781,-37.5281,-8.1636,-36.4330
-8.2826,-36.3854,-8.4255,-36.3140
-0.7119,-39.8374,-0.7595,-39.9565
-10.6396,-40.8135,-10.5205,-40.5755
-10.5205,-40.5755,-9.9729,-40.8373
-9.9729,-40.8373,-10.0920,-41.0754
-10.0920,-41.0754,-9.4730,-41.3611
-7.2827,-42.4086,-7.1637,-42.1467
-7.1637,-42.1467,-6.5685,-42.4324
-6.6875,-42.3848,-4.6401,-38.1233
-14.2583,-39.0994,-14.1392,-38.8375
-13.9488,-38.9328,-11.9251,-34.6474
-11.8061,-34.6951,-13.8535,-38.9804
-14.1392,-38.8375,-13.5917,-39.0994
-13.5917,-39.0994,-13.7107,-39.3613
-17.9246,-37.3615,-17.8055,-37.0996
-17.5913,-37.1948,-15.5677,-32.9095
-15.4486,-32.9571,-17.4961,-37.2424
-17.8055,-37.0996,-17.2580,-37.3615
-17.2580,-37.3615,-17.3770,-37.6234
-20.9481,-35.9092,-20.8291,-35.6712
-20.8291,-35.6712,-20.2815,-35.9092
-20.2815,-35.9092,-20.4005,-36.1711
-23.6383,-30.8859,-23.2574,-30.9097
-23.2574,-30.9097,-23.2336,-30.4812
-23.0908,-22.9343,-22.6860,-22.9581
-22.6860,-22.9581,-22.6622,-22.5295
-22.4242,-18.9822,-22.8051,-18.9584
-22.5432,-9.3641,-22.1385,-9.3403
-22.1385,-9.3403,-22.1385,-9.7688
-22.1385,-9.7688,-22.5432,-9.7926
-22.6622,-5.4597,-22.2575,-5.4359
-22.2575,-5.4359,-22.2337,-5.8644
-22.2337,-5.8644,-22.6384,-5.8644
-22.7575,-1.5315,-22.3527,-1.5315
-19.4721,-31.0525,-19.8054,-31.7191
-19.8054,-31.7191,-19.5197,-31.8620
-18.7816,-31.3858,-19.0435,-31.8858
-19.0435,-31.8858,-19.3292,-31.7430
-24.0431,-34.4808,-23.9002,-34.1951
-23.9002,-34.1951,-23.3526,-34.4570
-23.3526,-34.4570,-23.4955,-34.7427
5.2399,-27.6957,1.7879,-26.5053
1.7402,-26.6244,4.9542,-27.7433
2.6211,-28.1480,2.6687,-28.5528
5.1447,-27.8147,5.1923,-28.2195
5.2399,-27.6957,5.2875,-28.2433
5.1923,-28.2195,2.6687,-28.5528
5.1447,-27.8147,2.6211,-28.1480
4.9542,-27.7433,2.5259,-28.0528
2.5259,-28.0528,2.5735,-28.5052
19.9052,-39.5041,18.4768,-43.6704
-17.4246,-10.7211,-22.4956,-10.8640
-16.9009,1.2540,-16.9009,1.3730
-15.9962,1.3254,-16.0200,1.4444
-16.9009,1.2540,-17.6389,1.1825
-15.9486,1.3492,-15.9486,1.4682
12.5487,11.3483,13.1201,6.7058
12.6916,11.1816,13.2154,6.8249
20.4528,11.3006,20.5242,6.9439
17.4769,11.2530,17.5483,6.8963
17.3340,11.2530,17.4292,6.8963
20.5718,11.3006,20.6670,6.9439
17.2626,6.7772,17.2626,6.8963
20.3813,6.8249,20.3813,6.9439
24.1191,6.8725,24.0953,7.0153
24.7381,11.3721,22.5478,11.3483
25.5475,11.8244,22.5478,11.7768
22.5478,11.3483,22.5478,11.6577
25.5475,11.8244,24.7143,11.6577
24.7381,11.5625,24.7381,11.3721
22.9763,11.5387,22.9763,11.6577
23.0478,11.7530,23.0478,11.6101
17.3340,11.2530,15.1437,11.2054
18.1435,11.7054,15.1437,11.6339
15.1437,11.2054,15.1437,11.5387
18.1435,11.7054,17.3102,11.5387
17.3340,11.4435,17.3340,11.2530
15.5723,11.4197,15.5723,11.5387
15.6437,11.6339,15.6437,11.4673
18.5244,11.2768,20.4528,11.3006
18.5482,11.7054,20.4528,11.7292
20.4528,11.3006,20.4528,11.6339
18.5482,11.7054,18.5482,11.5387
18.5244,11.4673,18.5244,11.2768
20.0242,11.4911,20.0242,11.6101
19.9528,11.7054,19.9528,11.5387
18.1435,11.7054,18.5482,11.7054
18.5720,11.2768,17.3340,11.2530
20.4528,11.7292,22.5478,11.7768
22.5478,11.3483,21.7384,11.3244
21.4765,11.3244,20.4528,11.3006
6.3112,6.7058,6.2398,11.0626
6.4303,6.7058,6.3589,11.0626
9.4300,6.7534,9.3586,11.1102
24.7381,11.3721,25.9761,11.3959
-0.1405,6.4678,-0.1405,6.5868
3.0496,6.5154,3.0496,6.6344
6.1684,6.5868,6.1684,6.7058
9.2872,6.6344,9.2872,6.7534
0.0023,6.5868,-0.0691,10.9435
3.1925,6.6582,3.1211,10.9911
6.7636,11.0626,8.7158,11.1102
6.7874,11.5149,8.6920,11.5387
8.7158,11.1102,8.6920,11.4197
6.7874,11.5149,6.7874,11.3244
6.7636,11.2768,6.7636,11.0626
8.2872,11.3006,8.2872,11.4197
8.3111,11.4911,8.1920,11.4911
8.1920,11.4911,8.2158,11.3483
5.7161,11.0388,3.7877,11.0149
5.6684,11.4911,3.7639,11.4435
3.7877,11.0149,3.7639,11.3483
5.6684,11.4911,5.6684,11.3006
5.6922,11.2530,5.7161,11.0388
4.1924,11.2292,4.1924,11.3483
4.2638,11.4435,4.2638,11.2768
5.6684,11.4911,6.7874,11.5149
5.7161,11.0388,6.7636,11.0626
-0.6405,11.3721,0.0499,11.3959
-0.6405,10.9435,0.0499,10.9435
9.6443,10.7531,9.5014,10.7531
9.5014,10.7531,9.5728,6.6344
23.7858,-41.7182,23.2144,-43.8371
24.4048,-41.0516,23.6191,-43.9561
23.2144,-43.8371,23.5239,-43.9323
24.4048,-41.0516,24.0477,-41.8134
23.9763,-41.7658,23.7858,-41.7182
23.5239,-43.4799,23.6429,-43.5276
23.7382,-43.4799,23.5953,-43.4323
23.7858,-41.7182,23.9286,-41.2421
16.6198,-49.5270,14.4533,-49.0747
17.3102,-50.0984,14.3819,-49.5032
14.4533,-49.0747,14.4057,-49.3842
17.3102,-50.0984,16.5246,-49.7889
16.5722,-49.7175,16.6198,-49.5270
14.8342,-49.3603,14.8104,-49.4794
14.8581,-49.5746,14.9057,-49.4318
-6.5685,-42.4324,-6.6875,-42.6943
-7.2827,-42.4086,-7.4970,-42.3134
-23.4717,-34.7189,-23.0432,-34.9331
-24.1859,-32.2667,-24.3526,-34.7665
-24.3526,-34.7665,-23.2336,-35.3140
-23.0432,-34.9331,-23.1860,-35.2188
-23.4955,-34.9093,-23.5669,-35.0284
-23.5669,-35.1236,-23.6621,-35.0760
-23.6621,-35.0760,-23.5907,-34.9331
-23.8050,-33.1000,-23.8764,-34.2189
-24.1859,-32.2667,-24.0907,-33.1000
-23.9954,-33.0762,-23.8050,-33.1000
-22.6622,-22.5295,-23.0670,-22.5057
-23.0670,-22.5057,-22.9717,-21.3868
-22.4004,-18.8632,-22.3765,-18.5299
-22.3765,-18.5299,-22.7813,-18.5061
-22.7813,-18.5061,-22.7099,-17.3395
-17.5437,-6.9119,-22.6146,-7.0548
-22.6146,-6.9358,-17.5437,-6.7929
-22.5194,-10.7449,-17.4484,-10.6021
-17.4246,-7.0548,-17.5437,-7.0786
-17.3770,-8.2690,-17.4961,-8.2690
-15.5439,-20.6488,-15.6867,-20.6249
-15.6867,-20.6249,-15.7105,-20.9344
-15.7105,-20.9344,-15.5439,-20.9344
-15.5439,-20.9344,-15.5439,-20.7916
15.5247,-42.6705,16.9531,-38.4804
9.0015,-40.4326,9.1205,-40.0993
9.1205,-40.0993,8.7396,-39.9803
8.7396,-39.9803,8.6444,-40.2898
8.3111,-40.1707,9.7157,-36.0045
-2.5689,10.8959,-0.6405,10.9435
-2.5451,11.3483,-0.6405,11.3721
-0.6405,10.9435,-0.6405,11.2768
-2.5451,11.3483,-2.5451,11.1816
-2.5689,11.1102,-2.5689,10.8959
-1.0690,11.1340,-1.0690,11.2530
-1.1404,11.3483,-1.1404,11.1816
1.9783,10.9673,0.0499,10.9435
1.9545,11.4197,0.0499,11.3959
0.0499,10.9435,0.0499,11.2768
1.9545,11.4197,1.9545,11.2530
1.9783,11.1816,1.9783,10.9673
0.4785,11.1578,0.4785,11.2768
0.5499,11.3721,0.5499,11.2054
22.3812,-40.3612,20.3099,-39.6470
23.2858,-40.2183,20.4528,-39.2422
20.3099,-39.6470,20.4052,-39.3375
23.2858,-40.2183,22.4526,-40.0755
22.4526,-40.1707,22.3812,-40.3612
20.7623,-39.5994,20.8099,-39.4803
20.8099,-39.3851,20.9051,-39.4327
20.9051,-39.4327,20.8575,-39.5756
14.8819,-37.7900,12.7868,-37.0758
15.7865,-37.6234,12.9297,-36.6473
12.7868,-37.0758,12.9059,-36.7663
15.7865,-37.6234,14.9533,-37.5043
14.9533,-37.5995,14.8819,-37.7900
13.2630,-37.0282,13.3106,-36.9091
13.4058,-36.8377,13.3582,-36.9806
11.6441,-36.6711,9.8109,-36.0521
11.7631,-36.2425,9.9538,-35.6473
9.8109,-36.0521,9.9299,-35.7426
11.7631,-36.2425,11.6917,-36.4092
11.6917,-36.4806,11.6441,-36.6711
10.2871,-36.0045,10.3347,-35.8854
10.4299,-35.8140,10.3585,-35.9806
-22.6622,-5.2930,-22.7099,-3.0790
-23.0670,-6.1025,-23.1384,-3.1028
-22.7099,-3.0790,-23.0432,-3.1028
-23.0670,-6.1025,-22.9479,-5.2692
-22.8527,-5.2930,-22.6622,-5.2930
-22.9003,-3.5313,-23.0193,-3.5313
-23.1146,-3.6027,-22.9479,-3.6027
-22.5432,-9.2689,-22.6146,-7.0548
-22.9479,-10.0783,-23.0432,-7.0786
-22.6146,-7.0548,-22.9241,-7.0548
-22.9479,-10.0783,-22.8289,-9.2451
-22.7337,-9.2689,-22.5432,-9.2689
-22.7813,-7.4833,-22.9241,-7.4833
-22.9955,-7.4595,-22.9955,-7.5785
-22.9955,-7.5785,-22.8527,-7.5547
-22.4480,-13.1018,-22.4956,-10.8640
-22.8527,-13.5304,-22.9241,-10.8640
-22.4956,-10.8640,-22.8289,-10.8640
-22.6860,-11.2925,-22.8051,-11.2925
-22.9003,-11.3639,-22.7337,-11.3639
-22.9003,-13.8875,-22.9717,-15.1255
18.6672,-49.9317,20.9289,-50.4079
18.5958,-50.3603,20.8337,-50.8364
20.9289,-50.4079,20.8575,-50.7174
18.5958,-50.3603,18.6434,-50.1936
18.6196,-50.1222,18.6672,-49.9317
20.4766,-50.5031,20.4528,-50.6459
20.3575,-50.6936,20.3813,-50.5507
13.2154,-48.8128,10.6918,-48.2890
13.0963,-49.2413,10.6204,-48.7176
10.6918,-48.2890,10.6204,-48.6223
13.0963,-49.2413,13.1439,-49.0747
13.1915,-49.0032,13.2154,-48.8128
11.0727,-48.5747,11.0489,-48.6937
11.0965,-48.7890,11.1441,-48.6461
-1.4976,-28.6956,2.0735,-18.3633
-1.3309,-28.7432,2.3116,-18.1966
-1.4737,-28.6480,-0.8786,-26.9577
-0.8786,-26.9101,-0.7357,-26.5530
-0.7357,-26.4815,-0.3548,-25.3864
-0.3310,-25.3626,0.4308,-23.1247
0.4546,-23.0771,0.5737,-22.7200
0.5975,-22.6724,0.9784,-21.5772
1.0022,-21.5296,1.7640,-19.3155
1.7879,-19.2441,1.9069,-18.8870
1.9307,-18.8394,2.0973,-18.3394
-1.4499,-28.6480,-0.8548,-26.9577
-0.8548,-26.9101,-0.7119,-26.5530
-0.7119,-26.5053,-0.3310,-25.4102
-0.3072,-25.3626,0.4546,-23.1485
0.4785,-23.0771,0.5975,-22.7200
0.6213,-22.6724,1.0022,-21.5772
1.0022,-21.5296,1.7879,-19.3155
1.8117,-19.2441,1.9307,-18.9108
1.9545,-18.8394,2.1212,-18.3156
17.8340,-38.7899,17.7387,-39.0756
11.5012,-2.1267,14.5724,-1.7220
11.4774,-1.9362,14.5486,-1.5315
14.8581,-1.7458,15.0485,-3.1504
14.6676,-1.7696,14.8581,-3.1742
15.7151,-8.1975,15.4532,-6.1739
15.5009,-8.2452,15.2390,-6.1977
11.6679,-1.9124,11.7155,-2.1029
11.4774,-1.9362,11.5012,-2.1267
14.8342,-2.9599,15.0247,-2.9361
14.8581,-3.1742,15.0485,-3.1504
15.2628,-6.3882,15.4770,-6.3644
15.2390,-6.1977,15.4532,-6.1739
7.7159,-9.6498,11.8821,-9.1022
7.6921,-9.4355,11.8583,-8.8879
11.6441,-8.9356,11.6917,-9.1260
11.8583,-8.8879,11.8821,-9.1022
2.2402,-1.9124,6.1446,-1.4125
2.2164,-1.7220,6.1684,-1.1982
2.4068,-1.6981,2.4307,-1.8886
2.2164,-1.7220,2.2402,-1.9124
2.1450,-10.3640,4.9066,-10.0069
2.1212,-10.1735,4.8590,-9.8164
2.3354,-10.1497,2.3592,-10.3402
2.1212,-10.1735,2.1450,-10.3640
4.4543,-28.5766,7.2635,-28.2195
4.4305,-28.3861,7.2397,-28.0290
4.6685,-28.5528,4.6447,-28.3623
4.4543,-28.5766,4.4305,-28.3861
-0.4262,-8.2213,-0.1167,-10.5545
-0.6167,-8.2452,-0.3072,-10.5783
-0.9024,-4.5074,-1.1881,-2.4124
-1.0928,-4.5312,-1.3785,-2.4362
-1.1404,-4.3408,-0.9262,-4.3169
-1.0928,-4.5312,-0.9024,-4.5074
-0.5929,-8.4356,-0.4024,-8.4118
-0.6167,-8.2452,-0.4262,-8.2213
-1.4976,-2.0076,-1.0690,-1.9600
-1.0690,-1.9600,-1.0214,-2.3648
-0.4976,-10.3878,-3.0688,-10.7211
-1.4976,-2.0076,-1.8070,0.3017
-1.8070,0.3017,6.7160,1.0873
-1.8785,0.2302,-1.5452,-2.2933
-1.5452,-2.3886,-0.4976,-10.3878
8.9300,0.9207,8.6920,-0.8887
14.9057,-1.3410,14.5248,-1.3887
14.9771,-1.2458,14.5248,-1.3172
14.9057,-1.3410,14.9533,-1.6743
14.9533,-1.6743,18.0958,-1.2696
14.9771,-1.2458,15.0009,-1.5791
15.0009,-1.5791,18.0006,-1.1982
8.6920,-35.2902,9.7157,-35.6473
8.3825,-35.3617,9.6681,-35.8140
8.6920,-35.2902,9.7157,-35.6473
8.6682,-35.3140,9.7157,-35.6712
1.4307,-31.8382,1.1689,-31.8620
2.9782,-16.3396,4.5733,-11.6972
4.5733,-11.6972,4.7400,-11.7448
4.7400,-11.7448,3.0734,-16.5063
3.0734,-16.5063,1.5022,-16.3396
0.1928,-16.1968,-0.1643,-16.1730
2.9782,-16.3396,1.6688,-16.1968
5.1209,-10.1021,4.8828,-10.8401
4.8828,-10.8401,5.0256,-10.8878
5.0256,-10.8878,5.2875,-10.0783
-15.9724,-26.9101,-14.8296,-27.2910
-15.9724,-26.8625,-14.8058,-27.2672
7.2873,4.8012,9.5966,4.8489
7.2873,4.7774,9.5966,4.8012
2.3592,-31.3858,7.3826,-30.7430
7.8349,-31.0763,7.5254,-31.1002
9.1443,-30.8383,7.8349,-31.0049
7.5016,-31.0525,3.5734,-31.5525
3.2877,-31.6001,2.3354,-31.7191
13.1201,1.6111,13.1439,1.4682
9.6443,1.0159,9.6205,1.1587
10.6918,1.1349,10.6680,1.3016
11.7869,1.4444,11.8107,1.2778
-22.7575,-1.9600,-22.7099,-3.0790
-22.6622,-5.2930,-22.6622,-5.4597
-22.6384,-5.8644,-22.6146,-7.0548
-22.5432,-9.7926,-22.4956,-10.8640
-23.0670,-6.1025,-23.0432,-7.0786
-22.9479,-10.0783,-22.9241,-10.8640
5.8589,-5.9597,5.8827,-5.6502
6.0017,-4.7455,6.1208,-3.8646
6.2398,-2.9837,6.5969,-0.3649
6.6445,-0.0793,7.2873,4.8012
6.6683,1.1587,7.1445,4.6822
6.3589,-1.5553,6.5017,-0.4364
6.5731,-0.0078,6.7160,1.0873
6.0017,-3.9360,4.8114,-4.1027
4.6923,-4.1265,2.4545,-4.4122
5.9779,-4.0789,2.5973,-4.5312
2.6449,-5.9120,2.4545,-4.4122
5.2399,-9.6022,5.5970,-6.8405
5.7161,-5.9597,5.7399,-5.8406
5.8827,-4.7455,5.9779,-4.0789
6.1208,-2.9599,6.3112,-1.6267
2.8116,-1.9362,2.9544,-2.8885
2.9544,-9.4117,3.0734,-9.3879
3.0734,-9.3879,3.1449,-9.9831
3.1449,-9.9831,3.5972,-9.9355
3.5972,-9.9355,3.5258,-9.3403
3.5258,-9.3403,3.6448,-9.3165
3.6448,-9.3165,3.6924,-9.7926
3.6924,-9.7926,5.2399,-9.6022
2.1450,-2.0553,2.2164,-2.6504
2.2164,-2.6504,2.3354,-2.6266
2.3354,-2.6266,2.2640,-2.0314
2.7878,-2.5790,2.8354,-2.9123
2.8354,-2.9123,2.9544,-2.8885
2.9544,-9.4117,3.0258,-10.0069
3.0258,-10.0069,0.6451,-10.3164
-0.1167,-9.8164,-0.5215,-6.8405
3.9543,-5.8168,4.7638,-5.7216
4.7638,-5.7216,5.7399,-5.8406
2.5973,-4.5312,2.7640,-5.8644
2.7640,-5.8644,4.7638,-5.6025
4.7638,-5.6025,5.7637,-5.7216
-0.9976,-3.0790,-0.5691,-6.3406
-0.5691,-6.3406,2.6449,-5.9120
-0.2358,-2.3648,-0.1643,-2.9599
0.5737,-9.7212,0.6451,-10.3164
-0.5691,-6.4120,-0.5215,-6.7691
-1.0214,-2.3648,5.8351,-1.4839
2.8116,-1.9362,5.8351,-1.5553
-0.2358,-2.3648,2.1450,-2.0553
2.2640,-2.0314,2.7163,-1.9838
4.5257,-2.9599,4.6447,-2.9361
5.8351,-1.4839,6.3589,-1.5553
5.8351,-1.5553,6.3112,-1.6267
-0.5215,-6.7691,3.5734,-6.2215
3.5734,-6.2215,3.5258,-5.8882
3.5258,-5.8882,-0.5691,-6.4120
5.7161,-5.9597,5.8589,-5.9597
5.5970,-6.8405,5.7399,-6.8643
3.5734,-6.2930,-0.5215,-6.8405
3.9543,-6.8643,4.1210,-8.0547
4.1210,-8.0547,4.2400,-8.0309
4.2400,-8.0309,3.9543,-5.8168
6.0017,-3.8408,6.1208,-3.8646
6.1208,-2.9599,6.2398,-2.9837
4.8114,-4.1027,4.6447,-2.9361
4.6923,-4.1265,4.5257,-2.9599
5.7637,-5.6264,5.8827,-5.6502
5.8827,-4.7455,6.0017,-4.7455
3.5734,-6.2930,3.6448,-6.8881
3.6448,-6.8881,3.9543,-6.8643
-6.0209,-21.7677,-5.5448,-21.8153
-5.5448,-21.8153,-5.5448,-22.0058
-5.4258,-22.0296,-5.4019,-21.8391
-6.0447,-21.9582,-6.0209,-21.7677
-6.1638,-21.7677,-6.1638,-21.9582
-6.1638,-21.9582,-6.0447,-21.9582
-5.5448,-22.0058,-5.4258,-22.0296
-1.0452,-15.9587,-1.0452,-16.0778
2.0735,-18.3633,-4.3782,-17.6728
2.3116,-18.1966,-4.5449,-17.4824
2.0973,-18.3394,-4.3068,-17.6728
2.1212,-18.3156,-4.3068,-17.6490
-5.5686,-29.1718,-4.3782,-17.6728
-5.7591,-29.1718,-4.5449,-17.4824
-5.5924,-29.1480,-5.2115,-25.6245
-5.2115,-25.4816,-4.4020,-17.7443
-5.6162,-29.1480,-5.2353,-25.6245
-5.2353,-25.4816,-4.4259,-17.7443
-2.4022,-15.9349,-1.0452,-16.0778
-0.1405,-16.0301,-0.1643,-16.1730
-2.4022,-15.8159,-1.0452,-15.9587
-0.1405,-16.0301,0.1690,-16.0778
0.9070,-10.6497,0.3356,-15.9349
-10.0920,-15.1255,-9.9968,-14.2684
-9.3063,-8.8403,-9.3302,-9.0546
-8.6635,-2.5314,-8.8302,-4.1503
-9.9491,-15.0302,-9.8777,-14.2922
-9.1397,-7.3167,-8.9730,-5.6740
-5.4734,-15.6016,-5.2829,-13.7923
-5.2829,-13.7923,-5.4258,-13.7923
-5.4258,-13.7923,-5.5924,-15.4826
-4.8544,-9.4355,-4.8068,-9.0308
-3.8545,0.0160,-3.8069,0.4207
-3.6640,1.9682,-3.3783,4.6108
-5.2829,-12.6019,-5.2829,-12.4590
-5.2591,-12.3400,-5.1639,-11.4591
-5.1163,-10.9592,-5.0925,-10.6259
-5.0925,-10.6259,-4.9734,-10.6259
-4.9734,-10.6259,-4.9972,-10.9592
-5.0448,-11.4829,-5.1639,-12.6019
-4.9734,-9.4355,-4.9496,-9.2927
-4.9258,-9.1736,-4.9258,-9.0070
-4.4735,-5.8644,-4.6401,-7.4833
-4.7592,-7.4595,-4.6163,-6.1263
-4.6163,-6.0073,-4.5925,-5.8644
-4.2830,-2.8647,-4.1402,-1.5315
-4.1164,-1.1744,-3.9735,-1.1744
-4.0211,-1.5315,-4.3068,-4.3169
-4.4259,-4.3169,-4.2830,-2.9837
-3.9497,0.3017,-3.9497,0.4445
-3.7831,1.9920,-3.5212,4.4917
-10.0920,-15.1255,-5.4734,-15.6016
-9.9491,-15.0302,-5.5924,-15.4826
-9.7587,-13.1018,-9.6396,-12.0067
-9.6396,-12.0067,-5.2829,-12.4590
-8.9969,-11.9353,-5.2591,-12.3400
-9.3063,-8.8403,-4.9496,-9.2927
-4.9734,-9.4355,-4.8544,-9.4355
-9.2825,-8.6975,-4.9258,-9.1736
-8.9730,-5.6740,-4.6163,-6.1263
-8.9730,-5.5549,-4.6163,-6.0073
-8.6635,-2.5314,-4.2830,-2.9837
-8.6397,-2.4124,-4.2830,-2.8647
-8.3302,0.6112,-3.9735,0.1588
-8.3064,0.7540,-3.9497,0.3017
-15.2582,-14.6017,-10.0920,-15.1255
-4.8068,-11.5068,-4.7592,-10.9830
-4.7592,-10.9830,-4.9972,-10.9592
-5.1163,-10.9592,-5.4734,-10.9116
-5.4734,-10.9116,-5.5210,-11.4353
-5.5210,-11.4353,-5.1639,-11.4591
-5.0448,-11.4829,-4.8068,-11.5068
-8.9969,-11.9353,-8.9492,-11.5306
-8.9492,-11.5306,-9.5920,-11.4829
-5.1639,-12.6019,-5.2829,-12.6019
1.2641,4.7060,4.3590,4.7536
-3.5926,-15.8159,-2.4022,-15.9349
-3.5926,-15.7921,-2.4022,-15.9111
-3.5926,-15.8159,-3.1164,-11.1734
-2.4022,-15.9349,-2.4022,-15.8159
-3.0688,-10.7211,-2.2118,-2.4838
-3.6878,-15.7921,-2.3070,-2.3648
-2.2832,-2.1029,-1.5690,4.6584
-1.9023,0.3731,-1.4737,4.5394
-7.1161,9.3961,-7.3303,7.2058
-7.4494,10.2293,-7.7589,7.2534
-7.3303,7.2058,-7.6398,7.2296
-7.4494,10.2293,-7.3780,9.3961
-7.3065,9.4199,-7.1161,9.3961
-7.4732,7.6581,-7.6160,7.6581
-7.6874,7.6343,-7.6874,7.7533
-7.6874,7.7533,-7.5208,7.7295
-7.4494,10.2293,-7.3541,11.2530
-6.9494,10.8245,-7.1161,9.3961
11.2393,-41.1944,12.6678,-37.0282
11.1203,-41.1706,12.5487,-36.9806
8.1682,-40.1469,9.6681,-35.7902
18.6910,-43.8847,18.7386,-43.7656
15.7389,-42.8848,15.7865,-42.7657
19.1434,-45.9321,19.0958,-46.0511
14.6438,-44.4084,14.5962,-44.5037
7.2635,-41.8611,7.2159,-41.9801
10.3109,-43.0276,8.3587,-42.3848
8.3587,-42.3848,8.4063,-42.2658
8.4063,-42.2658,10.7394,-43.0514
12.8344,-44.0513,12.8821,-43.9085
12.8821,-43.9085,11.8345,-43.5752
11.8345,-43.5752,11.8821,-43.4561
11.8821,-43.4561,13.0249,-43.8371
13.0249,-43.8371,12.9773,-43.9799
14.0248,-44.1942,14.6438,-44.4084
18.4530,-45.8369,15.7389,-44.9084
15.7389,-44.9084,15.7627,-44.7893
15.7627,-44.7893,19.1434,-45.9321
22.3097,-47.1701,20.2385,-46.4321
20.2623,-46.3368,22.5240,-47.0987
5.4542,-39.3613,5.5018,-39.2422
11.3346,-41.3611,11.3822,-41.2421
10.7394,-43.0514,10.7156,-43.1705
6.6445,-39.6232,6.5969,-39.7422
6.5969,-39.7422,8.2872,-40.3136
8.5491,-40.4088,9.8109,-40.8373
9.8109,-40.8373,9.8585,-40.7183
12.5249,-41.6468,12.4773,-41.7658
12.4773,-41.7658,13.6201,-42.1467
13.6201,-42.1467,13.6439,-42.0277
14.6200,-42.4800,15.7389,-42.8848
18.4768,-43.6704,16.9055,-43.1466
16.9055,-43.1466,16.8817,-43.2657
16.8817,-43.2657,18.6910,-43.8847
22.9763,-45.3607,19.8338,-44.2656
19.8576,-44.1704,22.8573,-45.1941
12.5249,-41.6468,13.5248,-41.9801
6.9302,-41.8849,7.2159,-41.9801
10.4299,-43.0752,10.7156,-43.1705
14.3105,-44.4084,14.5962,-44.5037
18.8101,-45.9559,19.0958,-46.0511
10.9537,-41.2183,11.3346,-41.3611
9.8585,-40.7183,9.0015,-40.4326
11.3822,-41.2421,11.2393,-41.1944
10.9775,-41.1230,11.1203,-41.1706
6.6445,-39.6232,8.1682,-40.1469
8.6444,-40.2898,8.3111,-40.1707
15.7865,-42.7657,15.6437,-42.7181
15.6437,-42.7181,17.0721,-38.5280
18.7386,-43.7656,18.5958,-43.7180
18.5958,-43.7180,20.0242,-39.5517
5.4542,-39.3613,5.2161,-39.2661
5.5018,-39.2422,5.3589,-39.1946
-2.3784,-29.1956,-1.7356,-29.1003
-1.7356,-29.1718,-1.4261,-29.1480
-22.8527,-13.5304,-22.9003,-13.8875
-22.9003,-13.8875,-22.7337,-13.0542
2.7878,-2.5790,2.7163,-1.9838
-16.4961,6.4201,-15.9962,6.4439
-16.4961,6.2535,-15.9962,6.2535
-13.9964,6.4678,-13.2107,6.4916
-13.9964,6.2773,-13.1869,6.3011
-11.0919,6.5154,-10.4967,6.5154
-11.0919,6.3249,-10.4967,6.3487
-8.4017,6.5630,-7.9017,6.5630
-8.4017,6.3725,-7.9017,6.3963
-23.3050,6.3011,-22.7813,6.3011
-22.7337,6.3011,-20.9005,6.3249
-20.8291,6.3249,-20.4482,6.3487
-20.4005,6.3487,-19.2340,6.3725
-19.1864,6.3725,-17.4484,6.3963
-16.4247,6.4201,-16.0438,6.4201
-13.9488,6.4439,-13.2584,6.4678
-11.0443,6.4916,-10.5443,6.5154
-8.3302,6.5392,-7.9017,6.5630
-23.2812,6.2773,-22.7813,6.2773
-22.7337,6.2773,-20.9005,6.3011
-20.8291,6.3011,-20.4482,6.3249
-20.4005,6.3249,-19.2340,6.3487
-19.1864,6.3487,-17.4484,6.3725
-16.4247,6.3963,-16.0438,6.3963
-13.9488,6.4201,-13.2584,6.4439
-11.0443,6.4678,-10.5443,6.4916
-8.3302,6.5154,-7.9017,6.5392
-13.9488,6.1106,-13.9488,6.2773
-14.0440,6.5392,-15.9724,6.5154
-16.0438,6.2535,-16.0438,6.0868
-16.0438,6.0868,-13.9488,6.1106
-15.1391,-14.4827,-15.1867,-12.7685
-15.1867,-12.3162,-15.4962,-1.4125
-15.3058,-12.7685,-15.2582,-14.6017
11.1679,-6.4834,11.3584,-6.4596
8.6682,-6.8167,7.7873,-6.9358
8.6920,-6.9358,7.8825,-7.0310
11.3346,-6.6263,11.1917,-6.6263
9.8823,-6.8167,10.3109,-6.7453
11.1917,-6.6263,11.1679,-6.4834
10.3109,-6.7453,10.2871,-6.6024
10.2871,-6.6024,9.5490,-6.6977
9.5490,-6.6977,9.5728,-6.8167
8.6682,-6.8167,8.6920,-6.9358
9.5728,-6.8167,9.7157,-6.7929
8.5015,-5.1264,8.5729,-5.7692
8.5729,-5.7692,7.9301,-5.8406
10.1680,-9.0546,11.6441,-8.8641
7.9063,-9.3641,10.0252,-9.1022
22.6907,-47.1463,23.1668,-45.4083
22.5240,-47.0987,22.9763,-45.3607
22.6668,-47.1463,23.1430,-45.4083
22.6430,-47.1463,23.1192,-45.3845
20.3813,6.9439,20.5242,6.9439
3.0734,-22.3867,3.1925,-22.4343
3.4544,-21.2677,3.5734,-21.2915
5.0733,-17.0062,6.0732,-14.1017
3.5734,-21.2915,4.5733,-18.3871
3.4544,-21.2677,4.5495,-18.1014
4.5495,-18.1014,4.6685,-18.1490
4.9542,-16.9586,5.0733,-17.0062
10.4537,-15.5064,6.0017,-13.9589
10.2394,-15.5540,6.0732,-14.1017
7.2635,-24.1246,3.0973,-22.6962
8.7634,-19.8393,4.5733,-18.3871
8.8110,-19.7203,4.6209,-18.2918
3.0973,-22.6962,2.1926,-25.2912
3.1449,-22.5771,3.1925,-22.4343
6.0017,-13.9589,5.7637,-14.6017
5.6208,-15.0302,4.9542,-16.9586
25.5475,11.8244,26.1189,11.8244
26.1189,11.8244,26.1189,11.5625
30.5947,11.9196,27.9045,11.8720
27.9045,11.8720,27.9045,11.6101
-22.9717,-26.9815,-22.9479,-26.5768
-23.5431,-29.4575,-23.6145,-30.4574
-23.6145,-30.4574,-23.2336,-30.4812
-22.6384,-13.0780,-21.8290,-13.1256
-21.8290,-13.1256,-21.8766,-13.6970
-21.8766,-13.6970,-22.1623,-13.6732
-23.3765,-26.9577,-22.9717,-26.9815
-23.8050,-33.1000,-23.7574,-32.3381
-23.7574,-32.3381,-23.1860,-32.3857
-23.1860,-32.3857,-23.1384,-31.9096
-23.1384,-31.9096,-23.7098,-31.8620
-23.7098,-31.8620,-23.6383,-30.8859
9.8347,-35.5997,9.7395,-35.8378
-7.9017,6.3487,-4.3782,6.3963
6.1684,6.5868,8.0968,6.6106
8.0968,6.6106,8.0968,6.7296
8.0968,6.7296,6.4303,6.7058
9.2872,6.6344,9.5728,6.6344
24.1191,6.8725,24.3810,6.8963
24.3810,6.8963,24.6905,7.6819
24.7381,7.8010,26.1903,11.5625
-7.3303,7.2058,-7.4018,6.4678
-7.4018,6.4678,-4.3782,6.5154
-3.1879,6.5392,-3.0450,6.5392
-3.0450,6.5392,-3.1164,10.8959
-2.9260,6.5392,-1.2833,6.5630
-1.2833,6.5630,-1.2595,6.4439
-1.2595,6.4439,-3.1879,6.4201
-0.1405,6.5868,0.0023,6.5868
1.4069,6.7534,1.4069,6.6106
1.4069,6.6106,1.8355,6.6344
1.8355,6.6344,1.8355,6.5154
1.8355,6.5154,1.2165,6.4916
3.0496,6.6344,3.1925,6.6582
3.2401,10.9911,3.3115,6.6582
3.3115,6.6582,4.9542,6.6820
4.9542,6.6820,4.9542,6.5630
4.9542,6.5630,3.0496,6.5154
6.1684,6.7058,6.3112,6.7058
9.2872,6.7534,9.4300,6.7534
13.2154,6.8249,16.0722,6.8725
16.0722,6.8725,16.0722,6.7534
16.0722,6.7534,13.1201,6.7058
17.2626,6.8963,17.4292,6.8963
17.5483,6.8963,19.1910,6.9201
19.1910,6.9201,19.1910,6.8011
19.1910,6.8011,17.2626,6.7772
20.6670,6.9439,22.9049,6.9915
22.9049,6.9915,22.9049,6.8725
22.9049,6.8725,20.3813,6.8249
24.0953,7.0153,24.2619,7.0153
24.2619,7.0153,25.9761,11.3959
-8.0446,4.5394,-3.3783,4.6108
-1.5690,4.6584,0.2642,4.6822
5.2637,4.7536,5.6922,4.7774
6.5731,4.7774,7.2873,4.8012
13.3344,4.8965,13.8105,4.9203
14.6914,4.9203,22.4526,5.0631
-7.9255,4.4203,-3.5212,4.4917
-1.4737,4.5394,0.2166,4.5632
0.2166,4.5632,0.2166,4.4203
1.4307,4.5870,4.3590,4.6346
-4.9258,-21.2201,-4.7830,-21.2201
-4.7830,-21.1725,-4.9258,-21.1487
5.2637,4.6346,5.4066,4.6346
5.5494,4.6584,5.6922,4.6584
6.5969,4.6584,7.1445,4.6822
13.8105,4.9203,13.8105,4.7536
13.8105,4.7536,13.5010,4.7536
13.5010,4.7536,13.8820,1.8729
14.6914,4.9203,14.6914,4.7774
14.6914,4.7774,19.1434,4.8489
19.5243,4.8489,22.4764,4.8965
5.6922,4.7774,5.6922,4.6584
6.5731,4.7774,6.5969,4.6584
5.2637,4.7536,5.2637,4.6346
4.3590,4.7536,4.3590,4.6346
-15.4724,-19.5536,-15.2582,-16.3872
-15.3772,-16.3634,-15.2582,-16.3872
-15.5439,-20.7916,-6.1638,-21.7677
-5.4019,-21.8391,-4.9972,-21.8867
-15.4248,-20.5773,-12.0918,-20.9344
-11.9728,-20.9344,-8.5207,-21.2915
-8.4017,-21.3154,-4.9734,-21.6725
-4.9972,-21.8867,-4.9734,-21.6725
-11.9728,-20.9344,-11.5442,-16.7682
-11.5442,-16.7682,-11.8061,-16.7205
-11.8061,-16.7205,-11.8061,-16.8396
-11.8061,-16.8396,-11.6633,-16.8634
-11.6633,-16.8634,-12.0918,-20.9344
-6.2352,-17.3157,-8.2350,-17.1015
-8.0922,-17.2443,-8.5207,-21.2915
-6.2590,-17.4348,-7.9731,-17.2443
-8.0922,-17.2443,-8.2350,-17.2205
-7.9731,-17.2443,-8.4017,-21.3154
-17.9246,-26.9339,-17.9008,-26.6482
-17.7817,-23.1247,-17.9484,-25.4578
-17.9484,-25.4578,-17.8294,-25.4578
-17.8294,-25.4578,-17.6389,-22.8628
-22.4004,-18.8632,-17.4961,-19.1965
-17.4961,-19.1965,-17.4961,-19.0537
-18.0436,-26.7910,-18.0198,-26.6482
-17.7579,-23.0057,-17.7579,-22.8628
-8.0208,-29.6241,-5.9733,-30.3145
-5.9733,-30.3145,-6.4257,-34.6236
-5.7829,-29.6955,-5.7353,-29.2908
-5.7353,-29.2908,-7.7351,-29.5527
-7.7351,-29.5527,-6.4019,-30.0050
-6.3066,-30.0526,-5.9019,-30.1955
-5.9019,-30.1955,-6.3542,-34.6951
-5.7829,-29.6955,-2.3546,-29.2670
-13.2584,-31.5049,-13.1393,-31.1716
-13.1393,-31.1716,-13.0203,-31.1954
-13.0203,-31.1954,-13.0917,-31.4335
-13.0917,-31.4335,-8.0446,-33.8380
-11.8299,-28.3147,-13.2822,-27.8147
-13.2584,-27.8147,-13.2107,-27.6719
-13.2345,-27.6719,-8.0922,-29.4336
-8.0922,-29.4336,-5.7591,-29.1241
-16.1152,-26.8386,-15.9724,-26.9101
10.9775,-14.5303,18.7863,-14.1017
10.8584,-14.3398,18.7863,-13.9113
10.9775,-14.5065,18.7386,-14.0779
10.9537,-14.4827,18.7386,-14.0541
23.1906,-13.9113,21.3813,-14.0065
19.4767,-14.1256,18.8101,-14.1494
-7.8303,6.5630,-7.7589,7.2534
-14.0440,6.2773,-14.0440,6.5392
-15.9724,6.2535,-15.9724,6.5154
-23.1146,-1.0792,-23.1146,-0.7220
-23.1146,-0.6506,-23.1384,0.4921
-23.1622,0.5635,-23.2098,3.1109
-23.2336,3.1823,-23.2336,3.5633
-23.2336,3.6109,-23.3050,5.8012
-23.3050,5.8488,-23.3050,6.3011
-23.0908,-1.0792,-23.0908,-0.7220
-23.0908,-0.6506,-23.1146,0.4921
-23.1384,0.5635,-23.1860,3.1109
-23.2098,3.1823,-23.2098,3.5633
-23.2098,3.6109,-23.2574,5.8012
-23.2812,5.8488,-23.2812,6.2773
22.5002,-47.1701,22.7383,-47.2415
22.7383,-47.2415,22.4288,-48.4319
23.0002,-45.2893,23.2620,-45.3369
23.2620,-45.3369,23.6191,-43.9561
6.8826,-25.2198,6.9540,-25.6245
7.3826,-25.5769,7.3350,-25.2674
7.7635,-29.1241,7.9539,-30.4812
7.7635,-29.1718,7.9301,-30.5050
7.7397,-29.1718,7.9063,-30.4335
7.5730,-29.1003,7.8349,-29.0765
7.8349,-29.0765,7.7635,-28.5528
7.2397,-27.8147,6.9540,-25.6245
7.7635,-28.5528,7.3826,-25.5769
6.9540,-25.6245,7.2635,-25.5769
7.7635,-28.5528,7.5016,-27.7433
7.4302,-27.7909,7.2397,-27.8147
7.2397,-27.8147,7.0493,-27.8386
7.0493,-27.8386,7.0731,-28.0052
7.1921,-26.0292,7.3111,-26.0054
7.4064,-26.0768,7.2635,-26.1006
-14.7582,-27.1481,-14.0678,-27.3862
-14.0678,-27.3862,-14.1154,-27.5291
-14.1154,-27.5291,-14.8296,-27.2910
-14.8296,-27.2910,-14.7582,-27.1481
-23.2098,-1.1744,-23.1384,-3.1028
-22.9479,-1.0792,-22.7813,-1.0792
-22.7813,-1.0792,-22.7575,-1.5315
-17.4246,1.3254,-22.9955,1.1825
-22.9955,1.1825,-22.9955,0.9683
-1.3071,-28.6956,-1.1881,-28.7432
-1.4261,-29.1480,-3.7831,-35.9330
-3.7831,-35.9330,-6.3542,-34.6951
-1.1881,-28.7432,-3.7116,-36.0283
-3.7116,-36.0283,-7.2827,-34.3379
-9.9968,-14.2684,-10.3539,-13.0066
-10.3539,-13.0066,-9.8777,-13.0780
-9.9729,-14.2684,-10.3539,-13.0304
-10.3539,-13.0304,-9.8777,-13.0780
-9.8777,-13.0780,-9.7587,-13.1018
-9.9968,-14.2684,-9.8777,-14.2922
-9.5682,-10.2212,-9.9491,-8.9594
-9.9491,-8.9594,-9.4492,-9.0308
-9.5682,-10.2212,-9.9253,-8.9832
-9.9253,-8.9832,-9.4492,-9.0308
-9.4492,-9.0308,-9.3302,-9.0546
-9.8777,-13.0780,-9.5682,-10.2212
-9.5682,-10.2212,-9.4492,-10.2450
-9.4492,-10.2450,-9.5920,-11.4829
-9.4016,-8.4832,-9.7587,-7.2214
-9.7587,-7.2214,-9.2587,-7.2929
-9.3778,-8.4832,-9.7587,-7.2452
-9.7587,-7.2452,-9.2587,-7.2929
-9.2587,-7.2929,-9.1397,-7.3167
-9.4492,-9.0308,-9.4016,-8.4832
-9.4016,-8.4832,-9.2825,-8.5070
-9.2825,-8.5070,-9.2825,-8.6975
-9.0683,-5.3407,-9.4492,-4.0789
-9.4492,-4.0789,-8.9492,-4.1265
-9.0445,-5.3407,-9.4254,-4.1027
-9.4254,-4.1027,-8.9492,-4.1503
-8.9492,-4.1503,-8.8302,-4.1503
-9.2587,-7.2929,-9.0683,-5.3407
-9.0683,-5.3407,-8.9492,-5.3407
-8.9492,-5.3407,-8.9730,-5.5549
-8.5921,-0.7697,-8.9730,0.4921
-8.9730,0.4921,-8.4731,0.4207
-8.5683,-0.7697,-8.9492,0.4683
-8.9492,0.4683,-8.4731,0.4207
-8.9492,-4.1503,-8.5921,-0.7697
-8.5921,-0.7697,-8.4731,-0.7935
-8.4731,-0.7935,-8.6397,-2.4124
-8.4017,1.0635,-8.7826,2.3253
-8.7826,2.3253,-8.2826,2.2777
-8.3779,1.0635,-8.7588,2.3015
-8.7588,2.3015,-8.2826,2.2539
-8.0446,4.5394,-8.2826,2.2539
-8.2826,2.2539,-8.1636,2.2539
-8.1636,2.2539,-7.9255,4.4203
-8.3302,0.6112,-8.3541,0.3969
-8.3541,0.3969,-8.4731,0.4207
-8.4731,0.4207,-8.4017,1.0635
-8.4017,1.0635,-8.2826,1.0635
-8.2826,1.0635,-8.3064,0.7540
-15.2106,-12.7685,-16.0914,-12.8876
-16.0914,-12.8876,-16.1152,-12.4352
-16.1152,-12.4352,-15.2344,-12.3162
-22.9955,0.9683,-22.7337,0.9683
-22.7337,0.9683,-22.7337,0.5159
-22.7337,0.5159,-22.4480,0.5159
-22.4480,0.5159,-22.4480,0.9683
-22.4480,0.9683,-19.1626,1.0635
-23.5431,-29.4575,-23.4003,-27.2672
-24.0431,-30.2431,-23.8288,-27.2434
-23.4003,-27.2672,-23.7098,-27.2434
-24.0431,-30.2431,-23.8288,-29.4098
-23.7336,-29.4575,-23.5431,-29.4575
-23.6145,-27.6719,-23.7336,-27.6719
-23.8288,-27.7433,-23.6860,-27.7433
-23.5431,-29.4575,-22.3527,-29.5527
0.6927,-24.4817,0.6689,-24.3627
0.6689,-24.3627,0.5737,-24.2675
0.5737,-24.2675,0.4546,-24.2437
0.4546,-24.2437,0.3356,-24.2675
0.3356,-24.2675,0.2404,-24.3627
0.2404,-24.3627,0.2166,-24.4817
0.2166,-24.4817,0.2404,-24.6008
0.2404,-24.6008,0.3356,-24.6960
0.3356,-24.6960,0.4546,-24.7198
0.4546,-24.7198,0.5737,-24.6960
0.5737,-24.6960,0.6689,-24.6008
0.6689,-24.6008,0.6927,-24.4817
-17.2818,-17.8633,-17.1628,-16.1492
-17.1866,-15.8159,-17.2818,-12.0781
-17.3056,-16.4587,-17.3532,-15.0064
-17.3056,-10.8640,-17.3770,-8.2690
-17.4246,-7.0548,-17.4961,-4.2931
-17.4961,-4.2931,-17.6151,-4.2931
-17.5199,-3.1028,-17.5437,-2.6742
-19.1626,0.8730,-18.7102,0.8968
-18.7102,0.8968,-18.7102,1.0873
-18.7102,1.0873,-17.7579,1.1111
-17.7579,1.1111,-17.6865,-1.4839
-17.6865,-1.4839,-17.5675,-1.4839
-17.5675,-1.4839,-17.6389,1.1825
-22.3527,-1.5315,-22.3527,-1.9600
-22.1623,-15.0302,-17.3294,-14.8874
-17.3294,-14.8874,-17.4008,-12.0781
-17.4246,-10.8878,-17.4246,-10.7211
-17.4484,-10.6021,-17.4961,-8.2690
-17.5437,-7.0786,-17.5437,-6.9119
-17.5437,-6.7929,-17.6151,-4.2931
-17.6389,-3.1028,-17.6389,-2.9599
-17.6389,-2.8409,-17.6627,-2.6742
-17.3770,-19.0537,-17.4961,-19.0537
-17.2818,-17.8633,-17.4008,-17.8633
-17.4008,-17.8633,-17.3056,-16.4587
-17.3532,-15.0064,-22.5432,-15.1493
-17.5199,-3.1028,-17.6389,-3.1028
-17.5437,-2.6742,-17.6627,-2.6742
-17.3056,-10.8640,-17.4246,-10.8878
-17.2818,-12.0781,-17.4008,-12.0781
-18.4245,-12.7209,-17.7579,-12.6495
-17.7579,-12.6495,-17.7341,-13.1018
-17.7341,-13.1018,-18.4245,-13.1733
-18.4245,-13.1733,-18.4245,-12.7209
-12.8774,-12.0067,-12.2108,-11.9115
-12.2108,-11.9115,-12.1870,-12.4114
-12.1870,-12.4114,-12.8774,-12.5067
-12.8774,-12.5067,-12.8774,-12.0067
-15.2344,-12.3162,-15.2106,-12.7685
-12.9965,-16.6015,-13.0203,-16.7205
-13.0441,-16.6015,-13.0679,-16.7205
-13.0441,-16.6015,-15.3772,-16.3634
-15.3772,-16.3634,-13.0441,-16.6015
-9.4730,-16.9586,-11.5442,-16.7682
-11.5442,-16.7682,-9.4730,-16.9824
-8.2350,-17.1015,-8.2350,-17.2205
-9.4254,-16.9824,-9.4254,-17.1015
-9.4730,-16.9586,-9.4968,-17.1015
-4.5449,-17.4824,-5.0448,-17.4348
-4.5449,-17.6014,-5.0448,-17.5538
-3.4974,10.8959,-2.5689,10.8959
-11.8299,-28.3147,-12.5679,-30.4335
-13.1393,-30.2431,-12.5679,-30.4335
-13.1869,-30.3621,-12.4965,-30.6002
-12.4965,-30.6002,-11.7347,-28.3385
-13.1393,-31.1716,-12.9012,-30.4574
-13.1155,-31.1716,-12.8774,-30.4574
-13.1393,-30.2431,-13.1869,-30.3621
-22.9479,-1.0792,-23.1146,-1.0792
-23.1146,-1.1506,-22.9479,-1.1506
-22.9479,-0.6506,-23.1384,-0.6506
-23.1384,-0.7220,-22.9479,-0.6982
-22.9955,0.5635,-23.1622,0.5635
-23.1622,0.4921,-22.9955,0.4921
-23.0670,3.1823,-23.2336,3.1823
-23.2336,3.1109,-23.0670,3.1347
-23.0670,3.6347,-23.2574,3.6109
-23.2574,3.5633,-23.0670,3.5633
-23.1384,5.8726,-23.3050,5.8488
-23.3050,5.8012,-23.1384,5.8012
-22.9955,1.1825,-23.1384,1.1587
-23.1384,1.1111,-22.9955,1.1111
-23.0193,2.0158,-23.1622,2.0158
-23.1622,1.9682,-23.0193,1.9682
-23.0908,4.8251,-23.2336,4.8251
-23.2336,4.7774,-23.0908,4.7774
-22.7099,6.1345,-22.7337,6.3249
-22.7813,6.3249,-22.7813,6.1345
-21.8766,6.1583,-21.8766,6.3011
-21.9480,6.3011,-21.9480,6.1583
-20.8291,6.1821,-20.8291,6.3487
-20.9005,6.3487,-20.8767,6.1583
-20.3767,6.1821,-20.4005,6.3487
-20.4482,6.3487,-20.4482,6.1821
-19.1864,6.2059,-19.1864,6.3725
-19.2340,6.3725,-19.2340,6.2059
-18.2817,6.2059,-18.2817,6.3487
-18.3531,6.3487,-18.3531,6.2059
-17.3770,6.2297,-17.3770,6.4201
-17.4484,6.4201,-17.4484,6.2297
-16.4247,6.2535,-16.4247,6.4201
-16.4961,6.4201,-16.4961,6.2535
-15.9962,6.2535,-15.9962,6.4439
-16.0438,6.4439,-16.0438,6.2535
-13.9488,6.2773,-13.9488,6.4678
-14.0202,6.4678,-14.0202,6.2773
-13.1869,6.3011,-13.2107,6.4916
-13.2584,6.4916,-13.2584,6.3011
-11.0443,6.3249,-11.0443,6.5154
-11.0919,6.5154,-11.0919,6.3249
-10.4967,6.3487,-10.4967,6.5154
-10.5443,6.5154,-10.5443,6.3487
-8.3302,6.3725,-8.3302,6.5630
-8.4017,6.5630,-8.4017,6.3725
-7.8303,6.3963,-7.8303,6.5630
-7.9017,6.5630,-7.9017,6.3963
26.1903,11.5625,26.1903,11.7530
26.1427,11.7530,26.1427,11.5625
10.6204,-15.5540,10.4537,-15.5064
10.4299,-15.5540,10.5966,-15.6254
11.2632,-14.4589,11.2393,-14.3160
11.1917,-14.3398,11.1917,-14.4589
12.4535,-14.4112,12.4535,-14.2684
12.3821,-14.2684,12.3821,-14.4112
13.6439,-14.3398,13.6439,-14.1970
13.5725,-14.1970,13.5963,-14.3398
14.8342,-14.2684,14.8342,-14.1256
14.7866,-14.1256,14.7866,-14.2684
16.0484,-14.1970,16.0246,-14.0541
15.9770,-14.0541,15.9770,-14.1970
17.2388,-14.1256,17.2388,-14.0065
17.1674,-14.0065,17.1674,-14.1494
18.4292,-14.0779,18.4292,-13.9351
18.3577,-13.9351,18.3815,-14.0779
18.7863,-14.1017,18.7863,-13.9113
18.7148,-13.9113,18.7386,-14.1017
7.7635,-29.1003,7.5730,-29.1241
7.5730,-29.1956,7.7635,-29.1718
9.7157,-35.6473,9.6681,-35.8140
9.7157,-35.8378,9.7871,-35.6473
23.1668,-45.3369,23.0002,-45.2893
22.9763,-45.3607,23.1668,-45.4083
22.6907,-47.1463,22.5240,-47.0987
22.5002,-47.1701,22.6668,-47.1939
5.2161,-39.2661,6.7398,-34.8141
6.7398,-34.8141,8.5491,-35.4331
8.5491,-35.4331,8.3825,-35.8616
5.3589,-39.1946,6.8112,-34.9569
6.8112,-34.9569,8.1444,-35.4093
8.1444,-35.4093,8.0254,-35.7426
-15.8534,-23.0057,-15.8057,-22.4105
-15.8295,-23.0295,-15.7819,-22.4105
-3.5450,-17.5776,-3.5688,-17.7205
-3.4974,-17.7205,-3.4974,-17.6014
-2.3546,-17.7205,-2.3784,-17.8395
-2.3070,-17.8633,-2.3070,-17.7205
-1.1643,-17.8395,-1.1881,-17.9823
-1.1166,-17.9823,-1.1166,-17.8395
0.0261,-17.9585,0.0023,-18.1014
0.0737,-18.1014,0.0737,-17.9585
1.2165,-18.0776,1.1927,-18.2204
1.2641,-18.2204,1.2879,-18.0776
2.0735,-18.8870,1.9069,-18.8156
1.8831,-18.8870,2.0497,-18.9346
1.9307,-19.2917,1.7640,-19.2441
1.7402,-19.2917,1.9069,-19.3632
1.1451,-21.5772,0.9784,-21.5058
0.9546,-21.5772,1.1212,-21.6249
0.7641,-22.7200,0.5737,-22.6486
0.5737,-22.7200,0.7403,-22.7676
0.6213,-23.1247,0.4308,-23.0771
0.4308,-23.1247,0.5975,-23.1961
-0.1643,-25.4102,-0.3548,-25.3388
-0.3548,-25.4102,-0.1882,-25.4578
-0.5691,-26.5530,-0.7357,-26.4815
-0.7595,-26.5530,-0.5929,-26.6006
-0.7119,-26.9577,-0.8786,-26.8863
-0.9024,-26.9577,-0.7357,-27.0053
-1.3071,-28.6956,-1.4737,-28.6480
-1.4976,-28.6956,-1.3309,-28.7432
1.5498,-20.4345,1.4069,-20.3869
1.3831,-20.4583,1.5260,-20.5059
0.2166,-24.2675,0.0737,-24.2198
0.0737,-24.2913,0.1928,-24.3389
-1.1166,-28.1004,-1.2357,-28.0528
-1.2595,-28.1004,-1.1166,-28.1480
-5.7591,-29.1956,-5.5686,-29.2194
-5.5686,-29.1480,-5.7591,-29.1241
-4.9972,-21.8153,-4.8544,-21.8153
-4.8544,-21.7677,-4.9734,-21.7439
-18.6150,-31.3382,-18.6626,-31.4335
-17.5199,-31.8382,-17.5675,-31.9572
11.1679,11.4911,12.5964,11.5149
11.1679,11.3244,12.5964,11.3483
11.1679,11.4911,12.5487,11.5149
11.1679,11.4673,12.5487,11.4911
12.5964,11.3483,12.5964,11.5149
12.5487,11.5149,12.5487,11.3483
11.1679,11.3244,11.1679,11.4911
11.0965,11.4911,11.0965,11.3244
9.9299,10.7769,9.9061,11.5625
15.1437,11.6339,12.6202,11.6101
12.6202,11.6101,12.6202,11.3483
11.1679,11.3244,11.1679,11.1578
11.1679,11.1578,10.8108,11.1340
10.8108,11.1340,10.8108,11.5625
10.8108,11.5625,11.0965,11.5863
11.0965,11.5863,11.0965,11.3244
7.9539,-30.4812,9.4062,-30.2907
7.9301,-30.5050,9.3824,-30.3145
7.9063,-30.5288,9.3586,-30.3383
9.1919,-30.5050,7.7873,-30.6954
7.7873,-30.6954,7.5730,-29.1480
9.2872,-30.8621,8.6682,-35.3140
9.3110,-30.8621,8.6920,-35.2902
9.4062,-30.2907,8.6920,-35.2902
9.1919,-30.5050,8.5015,-35.4093
9.3824,-30.3145,9.3110,-30.8621
9.3586,-30.3383,9.2872,-30.8621
8.5015,-35.3617,8.6682,-35.2664
8.6920,-35.3379,8.5491,-35.4331
8.8348,-34.0285,8.6920,-34.0046
8.6920,-34.0761,8.8348,-34.0999
9.0015,-32.8381,8.8586,-32.8143
8.8586,-32.8857,9.0015,-32.9095
9.1681,-31.6477,9.0491,-31.6477
9.0253,-31.6953,9.1681,-31.7191
-22.1623,-13.6732,-22.2337,-14.5541
-22.1385,-14.5541,-22.1623,-15.0302
18.1197,48.8447,18.9053,49.0352
20.8575,31.6559,20.0480,31.7035
21.5241,31.1559,19.9052,31.2988
20.0480,31.7035,18.1197,48.8447
19.8576,31.6797,17.9530,48.8209
19.8814,31.6797,17.9530,48.8209
19.9052,31.6797,17.9768,48.8209
19.8814,31.6083,19.9052,31.2988
18.9053,49.0352,20.8575,31.6559
21.5241,31.1559,19.4529,49.6780
19.8814,31.6083,20.0480,31.6321
20.0480,31.7035,19.8576,31.6797
18.8815,40.8217,19.0243,40.8455
19.0243,40.8931,18.8815,40.8931
17.9530,48.8209,18.1197,48.8447
18.1197,48.8924,17.9292,48.8924
19.4529,49.6780,17.9054,49.2495
17.9054,49.2495,17.9292,48.8924
17.9292,48.8924,18.1197,48.9162
19.8814,31.6083,20.0480,31.6083
19.0243,39.6313,19.1434,39.6551
19.1434,39.7027,19.0005,39.7027
18.7386,42.0120,18.8815,42.0359
18.8815,42.0835,18.7386,42.0835
18.6196,43.2024,18.7625,43.2262
18.7386,43.2738,18.6196,43.2738
18.4768,44.3928,18.6196,44.4166
18.6196,44.4642,18.4768,44.4642
18.3577,45.5831,18.4768,45.6069
18.4768,45.6784,18.3339,45.6546
18.2149,46.7735,18.3577,46.7973
18.3577,46.8687,18.2149,46.8449
18.0720,47.9639,18.2149,47.9877
18.2149,48.0591,18.0720,48.0353
19.1434,38.4409,19.2862,38.4648
19.2862,38.5124,19.1434,38.5124
19.2862,37.2506,19.4291,37.2744
19.4053,37.3220,19.2862,37.3220
19.4053,36.0602,19.5481,36.0840
19.5481,36.1316,19.4053,36.1316
19.5481,34.8699,19.6909,34.8937
19.6909,34.9413,19.5481,34.9413
19.6909,33.6795,19.8100,33.7033
19.8100,33.7509,19.6671,33.7509
19.8100,32.4653,19.9528,32.4891
19.9528,32.5605,19.8100,32.5367
2.7878,-41.0040,2.7878,-41.1230
9.2157,-30.5288,9.3586,-30.4097
9.1681,-30.4812,9.3110,-30.3621
7.9539,-30.5288,7.8349,-30.6954
7.7873,-30.6478,7.9063,-30.4812
10.8584,-14.7445,10.7156,-14.7207
10.7156,-14.7684,10.8346,-14.8160
9.3110,-30.7907,9.1681,-30.7669
9.1443,-30.8383,9.2872,-30.8621
-15.9962,-25.0531,-15.8772,-25.0769
-15.8772,-25.0769,-15.8534,-24.8150
-15.8534,-24.8150,-15.9724,-24.7912
3.2877,-31.6001,3.2639,-31.4573
3.2639,-31.4573,3.5496,-31.4096
3.5496,-31.4096,3.5734,-31.5525
8.2872,-40.3136,8.3349,-40.1945
8.3349,-40.1945,8.5967,-40.2898
8.5967,-40.2898,8.5491,-40.4088
6.5969,-0.3649,6.4541,-0.3649
6.4541,-0.3649,6.4779,-0.0793
6.4779,-0.0793,6.6445,-0.0793
6.5017,-0.4364,6.3589,-0.4126
6.3589,-0.4126,6.4065,0.0160
6.4065,0.0160,6.5731,-0.0078
21.6669,0.2779,21.7622,0.5397
21.7622,0.5397,21.8574,0.4921
-2.3070,-2.3648,-2.1880,-2.3648
-2.1880,-2.3648,-2.1404,-2.1029
-2.1404,-2.1029,-2.2832,-2.1029
-17.1866,-15.8159,-17.3056,-15.8159
-17.3056,-15.8159,-17.2818,-16.0778
-17.2818,-16.0778,-17.1628,-16.0778
-2.2118,-2.4838,-1.5452,-2.3886
-1.8785,0.2302,-2.1404,-2.3886
-2.1404,-2.3886,-1.5452,-2.2933
-4.5449,-17.6014,-4.5449,-17.4824
-12.4013,-3.9360,-11.5204,0.6112
-11.4728,0.6112,-12.3775,-3.9360
-13.6393,-4.0313,-12.7108,0.6826
-13.6631,-4.0313,-12.7346,0.7064
-11.0919,2.0158,-12.2584,-3.9122
-11.0681,2.0158,-12.2346,-3.9122
-15.3296,-12.3162,-15.6153,-1.5077
-15.6153,-1.5077,-15.4962,-1.4125
-15.0439,-1.5315,-15.0915,-1.2696
-15.1153,-1.2696,-15.0677,-1.5315
-13.9488,-1.3410,-14.0202,-1.0553
-14.0440,-1.0792,-13.9964,-1.3410
-13.5202,-4.0313,-12.5679,0.8254
-12.5441,0.8254,-13.4964,-4.0313
-3.9973,-1.2458,-4.0211,-1.5315
-4.0211,-1.5315,-3.9973,-1.2458
-3.6640,1.9682,-3.6878,1.6825
-3.6878,1.6825,-3.6640,1.9682
-4.3544,-4.6264,-4.3068,-4.3169
-4.3544,-4.6264,-4.3306,-4.3169
-4.6639,-7.7690,-4.6401,-7.4833
-4.6877,-7.7690,-4.6401,-7.4833
-3.9735,0.1588,-3.9735,0.0160
-6.2590,-17.4348,-6.2352,-17.3157
-5.0448,-17.4348,-5.0448,-17.5538
-23.2098,-1.1744,-22.9479,-1.1744
-4.5687,-17.7205,-4.3782,-17.7443
-4.3782,-17.6728,-4.5687,-17.6728
-4.3544,-17.5062,-4.3782,-17.6728
-4.3068,-17.6966,-4.3068,-17.5062
-4.4020,-17.6728,-4.5687,-17.6728
-4.5687,-17.6728,-4.5449,-17.4824
-4.5449,-17.4824,-4.3782,-17.5062
-4.3782,-17.5062,-4.4020,-17.6728
-4.4020,-17.6728,-4.3782,-17.5062
-5.3781,-25.6007,-5.2115,-25.6245
-5.1877,-25.5531,-5.3781,-25.5292
-5.3781,-25.5292,-5.1877,-25.5292
-5.1877,-25.4816,-5.3781,-25.4578
-5.5210,-26.8148,-5.3781,-26.8148
-5.3543,-26.7672,-5.4972,-26.7434
-5.6400,-28.0052,-5.4972,-28.0052
-5.4972,-27.9576,-5.6162,-27.9338
-5.2591,-24.2913,-5.1163,-24.3151
-5.0925,-24.2437,-5.2353,-24.2437
-5.1163,-23.0533,-4.9734,-23.0771
-4.9734,-23.0057,-5.1163,-23.0057
-4.6163,-18.1490,-4.4735,-18.1490
-4.4735,-18.1014,-4.5925,-18.0776
-4.9258,-21.2201,-4.7830,-21.2201
-4.7830,-21.1725,-4.9258,-21.1487
-4.8544,-20.4345,-4.7115,-20.4583
-4.7115,-20.3869,-4.8306,-20.3869
-4.7592,-19.6727,-4.6401,-19.6965
-4.6163,-19.6250,-4.7592,-19.6012
-4.6877,-18.9108,-4.5449,-18.9346
-4.5449,-18.8632,-4.6877,-18.8394
-1.3309,-28.7670,-1.5452,-28.6956
-1.5452,-28.6956,-5.5686,-29.2194
-5.5686,-29.2194,-5.7591,-29.2194
9.4538,3.6347,9.4300,3.7537
9.4300,3.7537,9.3348,3.8490
9.3348,3.8490,9.2157,3.8728
9.2157,3.8728,9.0967,3.8490
9.0967,3.8490,9.0015,3.7537
9.0015,3.7537,8.9777,3.6347
8.9777,3.6347,9.0015,3.5157
9.0015,3.5157,9.0967,3.4204
9.0967,3.4204,9.2157,3.3966
9.2157,3.3966,9.3348,3.4204
9.3348,3.4204,9.4300,3.5157
9.4300,3.5157,9.4538,3.6347
-4.5925,2.3729,-4.6163,2.4919
-4.6163,2.4919,-4.7115,2.5872
-4.7115,2.5872,-4.8306,2.6348
-4.8306,2.6348,-4.9496,2.6110
-4.9496,2.6110,-5.0448,2.5396
-5.0448,2.5396,-5.1163,2.4443
-5.1163,2.4443,-5.1163,2.3015
-5.1163,2.3015,-5.0448,2.2062
-5.0448,2.2062,-4.9496,2.1348
-4.9496,2.1348,-4.8306,2.1110
-4.8306,2.1110,-4.7115,2.1586
-4.7115,2.1586,-4.6163,2.2539
-4.6163,2.2539,-4.5925,2.3729
13.8105,-13.6970,13.7867,-13.5780
13.7867,-13.5780,13.6915,-13.4828
13.6915,-13.4828,13.5725,-13.4351
13.5725,-13.4351,13.4534,-13.4589
13.4534,-13.4589,13.3582,-13.5304
13.3582,-13.5304,13.2868,-13.6256
13.2868,-13.6256,13.2868,-13.7684
13.2868,-13.7684,13.3582,-13.8637
13.3582,-13.8637,13.4534,-13.9351
13.4534,-13.9351,13.5725,-13.9589
13.5725,-13.9589,13.6915,-13.9113
13.6915,-13.9113,13.7867,-13.8161
13.7867,-13.8161,13.8105,-13.6970
0.0737,-33.6237,0.0499,-33.5047
0.0499,-33.5047,-0.0453,-33.4095
-0.0453,-33.4095,-0.1643,-33.3857
-0.1643,-33.3857,-0.2834,-33.4095
-0.2834,-33.4095,-0.3786,-33.5047
-0.3786,-33.5047,-0.4024,-33.6237
-0.4024,-33.6237,-0.3786,-33.7428
-0.3786,-33.7428,-0.2834,-33.8380
-0.2834,-33.8380,-0.1643,-33.8618
-0.1643,-33.8618,-0.0453,-33.8380
-0.0453,-33.8380,0.0499,-33.7428
0.0499,-33.7428,0.0737,-33.6237
-15.8534,-31.1716,-15.8772,-31.0287
-15.8772,-31.0287,-15.9724,-30.9097
-15.9724,-30.9097,-16.0914,-30.8383
-16.0914,-30.8383,-16.2581,-30.8145
-16.2581,-30.8145,-16.4009,-30.8621
-16.4009,-30.8621,-16.4961,-30.9573
-16.4961,-30.9573,-16.5676,-31.1002
-16.5676,-31.1002,-16.5676,-31.2430
-16.5676,-31.2430,-16.4961,-31.3858
-16.4961,-31.3858,-16.3771,-31.4811
-16.3771,-31.4811,-16.2581,-31.5287
-16.2581,-31.5287,-16.0914,-31.5049
-16.0914,-31.5049,-15.9724,-31.4335
-15.9724,-31.4335,-15.8772,-31.3144
-15.8772,-31.3144,-15.8534,-31.1716
-11.6157,-30.6240,-11.6395,-30.4812
-11.6395,-30.4812,-11.7347,-30.3621
-11.7347,-30.3621,-11.8537,-30.2907
-11.8537,-30.2907,-12.0204,-30.2669
-12.0204,-30.2669,-12.1632,-30.3145
-12.1632,-30.3145,-12.2584,-30.4097
-12.2584,-30.4097,-12.3299,-30.5526
-12.3299,-30.5526,-12.3299,-30.6954
-12.3299,-30.6954,-12.2584,-30.8383
-12.2584,-30.8383,-12.1394,-30.9335
-12.1394,-30.9335,-12.0204,-30.9811
-12.0204,-30.9811,-11.8537,-30.9573
-11.8537,-30.9573,-11.7347,-30.8859
-11.7347,-30.8859,-11.6395,-30.7669
-11.6395,-30.7669,-11.6157,-30.6240
-22.4718,5.8488,-22.4956,5.9678
-22.4956,5.9678,-22.5908,6.0630
-22.5908,6.0630,-22.7099,6.1106
-22.7099,6.1106,-22.8289,6.0868
-22.8289,6.0868,-22.9241,6.0154
-22.9241,6.0154,-22.9955,5.9202
-22.9955,5.9202,-22.9955,5.7773
-22.9955,5.7773,-22.9241,5.6821
-22.9241,5.6821,-22.8289,5.6107
-22.8289,5.6107,-22.7099,5.5869
-22.7099,5.5869,-22.5908,5.6345
-22.5908,5.6345,-22.4956,5.7297
-22.4956,5.7297,-22.4718,5.8488
-0.0453,-17.9585,-0.0215,-17.8395
0.0737,-17.9585,-0.0453,-17.9585
0.0023,-17.5062,0.0261,-17.3633
0.1451,-17.3872,0.1213,-17.5062
0.2642,-16.1968,0.2880,-16.0778
0.2880,-16.0778,1.5260,-16.1968
0.3356,-15.9349,1.6926,-16.0539
1.5260,-16.1968,1.5022,-16.3396
1.6926,-16.0539,1.6688,-16.1968
0.0737,-17.4824,0.0261,-17.8633
0.0499,-17.8871,0.0737,-17.4824
-17.4722,-20.5059,-17.5437,-21.6725
-17.5437,-21.6725,-17.6627,-21.6487
-17.6627,-21.6487,-17.5913,-20.6249
-17.6389,-19.3155,-22.5194,-18.9822
-15.6153,-19.5774,-15.3772,-16.3634
0.2166,4.4203,1.4307,4.4441
1.2879,6.4916,1.2879,6.6344
1.4307,4.5870,1.4307,4.4441
0.3356,4.6584,0.3356,4.5394
0.3356,4.5394,1.3117,4.5632
1.3117,4.5632,1.3117,4.7060
0.3118,6.4916,0.3118,6.6106
0.3118,6.6106,1.2879,6.6344
0.1213,6.7296,1.4069,6.7534
0.2166,6.4678,-0.1405,6.4678
14.1676,-44.5037,12.8344,-44.0513
13.5725,-41.8611,13.5248,-41.9801
13.9296,-44.1704,13.9058,-44.2894
13.9058,-44.2894,12.9773,-43.9799
14.5248,-42.4324,14.5724,-42.3372
14.5724,-42.3372,13.6439,-42.0277
15.5247,-42.6705,14.6914,-42.3848
14.6914,-42.3848,14.7390,-42.2658
14.7390,-42.2658,13.5725,-41.8611
-17.6389,-19.3155,-17.7341,-20.6011
-17.7341,-20.6011,-17.5913,-20.6249
-17.4246,-19.5298,-17.5437,-19.5298
-17.5437,-19.5298,-17.6151,-20.4821
-17.6151,-20.4821,-17.4722,-20.5059
-15.5915,-19.6727,-15.4724,-19.6727
-15.4724,-19.6727,-15.5439,-20.6488
-15.4724,-19.5536,-15.3534,-19.5536
-15.3534,-19.5536,-15.4248,-20.5773
-17.4008,-19.4584,-17.3770,-19.0537
-14.4011,2.0634,-7.8779,6.3249
-14.4011,2.0634,-7.8779,6.3249
-8.0684,4.5156,-11.2109,2.0158
-12.6632,0.8492,-14.1392,-0.3173
-15.2106,-1.1744,-15.4724,-1.3887
-8.0446,4.5156,-11.2109,1.9920
-12.6394,0.8492,-14.1154,-0.3411
-15.2106,-1.1982,-15.4486,-1.3887
13.3820,-4.4836,13.4058,-4.6741
13.4058,-4.6741,13.7867,-4.6264
13.7867,-4.6264,13.7629,-4.4360
14.8581,-4.4836,14.5724,-4.5312
14.5724,-4.5312,14.5486,-4.3408
25.7142,7.2772,26.0713,7.1344
25.7142,7.3010,26.0951,7.1582
25.7618,7.3962,25.7142,7.2772
25.7142,7.4200,25.6666,7.3010
24.7381,7.8010,24.8571,7.7533
24.8571,7.7533,24.8333,7.6343
24.8333,7.6343,24.6905,7.6819
27.8092,11.6101,27.8092,11.4197
27.8092,11.4197,29.4281,11.4673
-22.7575,-1.9600,-22.3527,-1.9600
-22.7099,-2.9599,-17.6627,-2.8409
-22.7099,-3.0790,-17.6627,-2.9599
26.1189,7.2534,26.2618,7.2058
9.3348,-2.1743,9.2157,-1.3172
8.5729,-0.9601,9.0967,-1.0315
9.0967,-1.0315,9.2395,-2.1981
9.1919,-2.1981,8.4301,-2.1029
8.6920,-0.8887,9.1681,-0.9363
9.1681,-0.9363,9.2157,-1.2220
8.7872,-2.1505,8.9538,-1.0077
-0.0929,-10.0545,0.4785,-9.9831
0.4785,-9.9831,0.4308,-9.7212
0.4308,-9.7212,0.5737,-9.7212
-0.1167,-9.8164,-0.0929,-10.0545
-0.9976,-3.0790,-1.0452,-2.8171
-1.0452,-2.8171,-0.3310,-2.7219
-0.3310,-2.7219,-0.2834,-2.9837
-0.2834,-2.9837,-0.1643,-2.9599
7.7635,-30.5050,7.3588,-30.5526
7.3588,-30.5526,7.3826,-30.7430
7.5730,-29.1956,7.1921,-29.2432
7.1921,-29.2432,7.0731,-28.3623
7.1921,-29.2908,7.3350,-30.5050
7.1683,-29.2908,7.3350,-30.5050
2.0735,-18.3633,-1.5214,-28.7194
-1.5452,-28.6956,-5.5686,-29.2194
-5.5686,-29.2194,-4.3782,-17.6728
-4.3782,-17.6728,2.0735,-18.3633
-5.5448,-21.8153,-5.5448,-22.0058
-5.5448,-22.0058,-6.0447,-21.9582
-6.0447,-21.9582,-6.0209,-21.7677
-6.0209,-21.7677,-5.5448,-21.8153
-21.4005,10.5388,-7.4018,10.7769
-7.4018,10.7769,-7.8303,6.5630
-7.8303,6.5630,-14.0440,6.4678
-14.0440,6.5392,-15.9724,6.5154
-15.9724,6.4439,-17.3770,6.4201
-17.3770,6.4201,-20.3529,6.3487
-20.3529,6.3487,-21.4005,10.5388
0.6689,-46.6701,2.4783,-47.0510
2.4783,-47.0510,2.6925,-55.7645
2.6925,-55.7645,-8.1874,-53.4076
-8.1874,-53.4076,-7.0923,-42.9800
-7.0923,-42.9800,0.6689,-46.6701
-27.3999,43.5833,18.6910,56.0822
18.6910,56.0822,19.9052,51.6064
19.9052,51.6064,21.3336,51.9873
21.3336,51.9873,21.1670,53.6300
21.1670,53.6300,26.3570,55.0346
26.3570,55.0346,28.9282,32.1320
28.9282,32.1320,31.0232,32.3701
31.0232,32.3701,32.1660,22.1806
32.1660,22.1806,23.4525,21.2045
23.4525,21.2045,22.7145,27.7753
22.7145,27.7753,16.5008,28.2514
16.5008,28.2514,16.1675,23.8709
16.1675,23.8709,12.8821,24.1328
12.8821,24.1328,11.9298,11.5149
11.9298,11.5149,12.6202,11.5149
12.6202,11.6101,33.3087,11.9434
33.3087,11.9434,23.6429,-12.7447
23.6429,-12.7447,24.1429,-28.8623
24.1429,-28.8623,9.3348,-30.7907
9.3348,-30.7907,8.6920,-35.2902
8.6920,-35.2902,9.7871,-35.6712
9.8347,-35.5997,24.5238,-40.6231
24.5238,-40.6231,21.7384,-51.0269
21.7384,-51.0269,2.9544,-47.1463
2.9544,-47.1463,3.1925,-56.3597
3.1925,-56.3597,-8.7112,-53.7885
-8.7112,-53.7885,-7.5684,-42.7657
-7.5684,-42.7657,-24.3526,-34.7665
-24.3526,-34.7665,-22.8765,-13.8399
-22.8765,-13.8399,-23.3288,6.3011
-23.3288,6.3011,-20.8529,6.3487
-20.8529,6.3487,-22.0194,10.9911
-22.0194,10.9911,9.2633,11.5387
9.2633,11.5387,10.2394,24.3232
10.2394,24.3232,-22.8527,26.8468
-22.8527,26.8468,-27.3999,43.5833
9.580203, 1.067025, 9.603703, 0.919619
9.603703, 0.919619, 9.050394, 0.851256
9.050394, 0.851256, 9.281117, -0.671946
9.281117, -0.671946, 11.355492, -0.411314
11.355492, -0.411314, 11.178176, 1.079843
11.178176, 1.079843, 10.637686, 1.022162
10.637686, 1.022162, 10.618459, 1.193069
11.738051, 1.328208, 12.143353, -1.495605
12.143353, -1.495605, 13.953915, -1.273022
13.953915, -1.273022, 13.551937, 1.401295
13.551937, 1.401295, 13.106771, 1.341497
13.106771, 1.341497, 13.076872, 1.514248
13.076872, 1.514248, 13.139992, 1.520892
