10.9240,48.0270,10.9240,38.2750
11.0150,48.0270,11.0150,38.2750
58.8010,18.4850,58.8010,23.1860
58.5930,18.4850,58.5930,23.1860
54.6580,18.2120,52.8270,18.2120
52.0090,18.2120,51.6070,18.2120
47.9450,18.2120,47.5290,18.2120
49.1650,18.2120,48.7500,18.2120
45.2960,18.2120,46.7240,18.2120
39.8030,18.2120,43.6730,18.2120
19.4420,18.2120,19.0270,18.2120
15.3650,18.2120,14.9620,18.2120
10.2750,18.2120,9.8721,18.2120
6.2102,18.2120,5.7947,18.2120
27.1810,18.2120,24.1170,18.2120
1.3148,18.2120,4.9896,18.2120
9.0540,18.2120,7.0153,18.2120
12.3780,18.2120,14.1440,18.2120
17.8060,18.2120,18.2220,18.2120
21.6760,18.2120,20.2600,18.2120
32.5960,18.1090,31.5570,18.1090
34.4270,18.1090,35.4270,18.1090
6.2102,18.4850,5.7947,18.4850
4.9896,18.4200,1.3148,18.4200
7.0153,18.4200,9.0540,18.4200
10.2750,18.4200,9.8721,18.4200
12.3780,18.4200,14.1440,18.4200
15.3650,18.4200,14.9620,18.4200
20.2600,18.4200,21.6760,18.4200
19.4420,18.4200,19.0270,18.4200
18.2220,18.4200,17.8060,18.4200
27.1810,18.4200,24.1170,18.4200
32.5960,18.4200,31.5570,18.4200
39.8030,18.4200,43.6730,18.4200
34.4270,18.4200,35.4270,18.4200
46.7240,18.4200,45.2960,18.4200
48.7500,18.4200,49.1650,18.4200
47.9450,18.4200,47.5290,18.4200
52.0090,18.4200,51.6070,18.4200
54.6580,18.4200,52.8270,18.4200
27.9350,38.2750,27.9350,48.1050
35.2970,18.1090,35.2970,16.8100
35.2970,16.8100,31.6740,16.8100
31.6740,16.8100,31.6740,18.1090
31.9860,17.4200,31.9860,18.1090
32.2980,17.1090,34.6870,17.1090
34.9860,17.4200,34.9860,18.1090
32.2980,17.1090,32.2980,17.4200
32.2980,17.4200,31.9860,17.4200
34.9860,17.4200,34.6870,17.4200
34.6870,17.4200,34.6870,17.1090
0.7694,18.6540,0.7694,37.8980
39.2450,23.0170,39.9590,23.0170
39.9590,23.0170,39.9590,23.1470
40.9850,23.1470,40.9850,23.0170
40.9850,23.0170,45.9320,23.0170
40.9850,23.1470,45.9320,23.1470
52.9830,18.4850,52.9830,23.0170
52.9830,23.0170,53.0870,23.0170
52.9180,23.1470,53.0870,23.1470
51.7370,18.4850,51.6070,18.4850
53.0870,23.0170,53.0870,23.1470
54.1000,23.1470,54.1000,23.0170
54.1000,23.0170,58.4890,23.0170
54.1000,23.1470,55.1520,23.1470
21.1950,18.4850,21.1950,23.0170
21.1950,23.0170,21.2990,23.0170
21.1300,23.1470,21.2990,23.1470
21.1950,18.4850,21.0650,18.4850
21.2990,23.0170,21.2990,23.1470
22.3120,23.1470,22.3120,23.0170
22.3120,23.0170,28.1420,23.0170
22.3120,23.1470,28.1550,23.1470
14.9620,18.4850,14.9620,23.0170
14.9620,23.0170,14.8580,23.0170
15.0270,23.1470,14.8580,23.1470
8.9761,25.1210,8.9761,31.2500
14.8580,23.0170,14.8580,23.1470
13.8460,23.1470,13.8460,23.0170
13.8460,23.0170,8.9761,23.0170
57.5670,25.2760,61.4240,25.2760
57.6840,25.2760,57.6840,25.3800
57.5670,25.1990,57.5670,25.3800
61.3720,25.2760,61.3720,25.1340
57.6840,28.8210,61.4240,28.8210
57.6840,25.3800,57.5670,25.3800
57.5670,26.3930,57.6840,26.3930
57.6840,26.3930,57.6840,28.8210
57.5670,26.3930,57.5670,28.8730
61.4240,32.4830,57.6840,32.4830
57.6840,32.4830,57.6840,32.3790
57.5670,32.5480,57.5670,32.3790
61.4240,32.4830,61.4240,32.6130
57.6840,28.9380,61.4240,28.9380
57.6840,32.3790,57.5670,32.3790
57.5670,31.3670,57.6840,31.3670
57.6840,31.3670,57.6840,28.9380
57.5670,31.3670,57.5670,28.8730
61.4240,32.6130,57.6840,32.6130
57.5670,32.5480,57.5670,32.7040
61.4240,32.6130,61.4240,32.4830
57.6840,36.1450,61.4240,36.1450
57.6840,32.7040,57.5670,32.7040
57.5670,33.7300,57.6840,33.7300
57.6840,33.7300,57.6840,36.1450
57.5670,33.7300,57.5670,36.2100
61.4240,36.2750,57.6840,36.2750
57.6840,36.2750,57.6840,36.3790
57.5670,36.2100,57.5670,36.3790
61.4240,36.2750,61.4240,36.1450
57.6840,36.3790,57.5670,36.3790
57.5670,37.3920,57.6840,37.3920
57.6840,37.3920,57.6840,37.9110
57.5670,37.3920,57.5670,37.8980
57.6970,23.4460,58.8400,23.4460
57.5670,23.0170,58.4890,23.0170
57.5670,25.2760,57.5670,25.0560
57.6970,25.1340,61.3200,25.1340
57.6970,25.0560,57.5670,25.0560
57.5670,24.0300,57.6970,24.0300
57.6970,24.0300,57.6970,23.4460
57.5670,24.0300,57.5670,23.0170
15.0920,31.4060,12.3650,31.4060
10.7680,31.4060,10.7680,29.4190
10.7680,24.9780,14.9620,24.9780
10.6380,24.8480,11.9110,24.8480
22.5590,31.4060,22.5590,29.4190
22.5590,24.9780,23.2860,24.9780
22.3510,24.8480,23.2860,24.8480
39.1150,23.0170,38.8940,23.0170
39.9590,23.1470,38.8940,23.1470
38.8940,23.1470,38.8940,23.0170
37.8810,23.1470,37.8810,23.0170
37.8810,23.0170,30.6230,23.0170
37.8810,23.1470,30.6230,23.1470
49.6980,18.4850,49.6980,23.0170
49.6980,23.0170,49.4900,23.0170
49.7630,23.1470,49.4900,23.1470
49.4900,23.1470,49.4900,23.0170
48.4770,23.1470,48.4770,23.0170
48.4770,23.0170,46.6720,23.0170
48.4770,23.1470,46.6720,23.1470
52.8530,18.4850,52.8530,23.0170
52.8530,23.0170,52.7490,23.0170
52.9180,23.1470,52.7490,23.1470
51.6070,18.4850,51.7370,18.4850
49.8280,23.0170,49.8280,18.7970
52.7490,23.0170,52.7490,23.1470
51.7370,23.1470,51.7370,23.0170
51.7370,23.0170,49.8280,23.0170
51.7370,23.1470,49.7630,23.1470
18.1440,18.4850,18.1440,23.0170
18.1440,23.0170,18.2480,23.0170
18.0790,23.1470,18.2480,23.1470
18.1440,18.4850,18.0140,18.4850
21.0650,23.0170,21.0650,18.4850
18.2480,23.0170,18.2480,23.1470
19.2600,23.1470,19.2600,23.0170
19.2600,23.0170,21.0650,23.0170
19.2600,23.1470,21.1300,23.1470
15.0920,18.4850,15.0920,23.0170
15.0920,23.0170,15.1960,23.0170
15.0270,23.1470,15.1960,23.1470
18.0140,23.0170,18.0140,18.4850
15.1960,23.0170,15.1960,23.1470
16.2090,23.1470,16.2090,23.0170
16.2090,23.0170,18.0140,23.0170
16.2090,23.1470,18.0790,23.1470
25.5710,31.5350,25.5710,28.3670
0.1851,38.2750,0.1851,18.6540
21.6110,38.2750,17.0010,38.2750
17.8710,37.9630,17.8710,38.2750
21.6110,37.9630,21.6110,38.2750
23.3770,37.9630,23.3770,38.2750
26.1040,37.9370,26.1040,38.2750
29.4930,48.1180,29.4930,48.3770
30.5190,48.1180,30.5060,48.3770
61.4240,37.9630,61.4240,18.4850
61.7870,38.2750,61.7870,32.9250
61.7870,31.0940,61.7870,25.2890
61.7870,23.4590,61.7870,18.1090
61.6700,23.8090,61.6700,23.6660
61.7870,23.4590,62.7090,23.4590
62.7090,23.4590,62.7090,25.2890
62.7090,25.2890,61.7870,25.2890
61.6700,23.6660,62.5140,23.6660
62.5140,23.6660,62.5140,25.0820
62.5140,25.0820,61.6700,25.0820
61.6700,24.9390,61.6700,23.8090
61.6700,23.8090,61.4240,23.8090
61.6700,25.0820,61.6700,24.9390
61.6700,24.9390,61.4240,24.9390
61.7870,31.4440,61.7870,31.3020
61.7870,31.3020,62.5140,31.3020
62.5140,31.3020,62.5140,32.7170
62.5140,32.7170,61.7870,32.7170
61.7870,31.0940,62.7090,31.0940
62.7090,31.0940,62.7090,32.9250
62.7090,32.9250,61.7870,32.9250
61.7870,32.5740,61.7870,31.4440
61.7870,31.4440,61.4240,31.4440
61.4240,32.5740,61.7870,32.5740
61.7870,32.5740,61.7870,32.7170
58.3070,38.0150,61.0600,38.0150
58.9170,47.5720,61.0600,47.5850
46.2830,37.9110,49.6980,37.9110
38.7770,42.2870,38.7770,40.7940
38.9850,37.9110,40.1020,37.9110
39.0890,38.0150,40.1020,38.0150
38.7770,40.0670,38.7770,38.5730
39.0890,38.0150,39.0890,43.0920
38.7770,38.2750,38.7770,38.5730
38.7770,40.0670,38.7770,40.7940
38.7770,44.9230,38.7770,46.5850
38.7770,42.2870,38.7770,43.0920
38.7770,43.0920,39.0890,43.0920
38.7770,44.9230,39.0890,44.9230
38.7770,46.5850,39.0890,46.5850
39.0890,46.5850,39.0890,44.9230
39.0890,47.4550,39.0890,48.1570
38.7770,48.1570,38.7770,47.4550
38.7770,47.4550,39.0890,47.4550
50.4250,38.0150,50.2560,38.0150
58.3070,38.0150,58.3070,37.9110
58.9170,47.4680,57.6970,47.4680
57.6970,47.4680,57.6970,47.7670
58.9170,47.4680,58.9170,47.5720
61.0600,38.0150,61.0600,47.5850
61.4370,38.2750,61.4370,47.7800
61.7870,38.2750,61.4370,38.2750
38.9330,24.9780,38.9330,31.2110
33.5570,24.9780,33.6870,24.9780
33.4920,24.8480,33.6870,24.8480
34.7000,24.9780,34.7000,24.8480
33.6870,24.9780,33.6870,24.8480
34.7000,24.9780,38.9330,24.9780
34.7000,24.8480,38.9850,24.8480
28.0510,24.9780,32.3110,24.9780
27.9220,24.8480,32.3110,24.8480
33.3230,24.9780,33.3230,24.8480
32.3110,24.9780,32.3110,24.8480
33.3230,24.9780,33.4270,24.9780
33.3230,24.8480,33.4920,24.8480
27.9220,31.2110,27.9220,24.8480
44.4260,24.9780,44.4260,25.1210
39.0500,31.3410,39.0500,30.3150
39.0500,24.9780,44.4260,24.9780
38.9850,24.8480,44.5560,24.8480
44.4260,35.8210,44.4260,35.6260
38.3750,31.2110,38.3750,35.9370
38.3750,35.8210,44.4260,35.8210
38.3750,35.9370,44.5560,35.9370
44.5560,35.6260,44.4260,35.6260
44.5560,34.6000,44.4260,34.6000
29.8170,31.3410,33.3360,31.3410
35.4920,32.3530,35.4920,33.0290
35.4790,32.3530,35.4790,32.8600
31.8040,32.3530,31.8040,32.8600
31.7780,32.3530,31.7780,33.0290
37.8680,31.3410,37.8680,33.6780
33.9470,31.3410,33.9470,34.7040
33.3360,31.3410,33.3360,33.7820
33.9470,34.7040,35.5180,34.7040
30.4280,32.1720,29.8170,32.1720
30.4280,32.1460,29.8170,32.1460
31.8040,32.8860,33.3360,32.8860
31.8040,32.8600,33.3360,32.8600
35.4790,33.8080,33.9470,33.8080
35.4790,33.7820,33.9470,33.7820
35.4790,33.8080,35.4790,33.9380
35.4920,34.5610,35.4920,34.7040
35.4790,34.7040,35.4790,34.5610
35.4790,33.6390,35.4790,33.7820
35.4920,33.6390,35.4920,33.9380
35.4790,33.7820,33.9470,33.7820
35.4790,33.8080,33.9470,33.8080
35.4790,32.8600,33.9470,32.8600
33.9470,32.8860,35.4790,32.8860
35.4790,32.8860,35.4790,33.0290
35.4790,33.7820,35.4790,33.6390
31.8040,33.6390,31.8040,33.7560
31.7780,33.6390,31.7780,33.7820
31.8040,32.8860,31.8040,33.0290
29.8170,35.8210,29.8170,33.1460
35.4010,35.4050,33.4660,35.4050
32.1940,35.8210,31.8040,35.8210
27.9220,35.9370,32.1940,35.9370
30.5320,33.0160,30.5320,33.1460
30.5320,33.1460,29.8170,33.1460
30.5320,33.0160,29.8170,33.0160
29.8170,33.0160,29.8170,31.3410
32.1940,35.8210,32.1940,35.9370
37.8680,31.3410,37.8680,33.6780
37.8680,33.6780,36.5960,33.6780
36.5960,33.8080,38.2450,33.8080
35.4010,35.4050,35.4010,35.9370
33.4660,35.4050,33.4660,35.9370
37.1280,35.9370,35.4010,35.9370
37.1280,35.8210,36.7260,35.8210
29.6360,31.3410,29.6360,35.8210
33.4660,35.9370,33.2070,35.9370
33.2070,35.9370,33.2070,35.8210
33.2070,35.8210,33.3360,35.8210
38.1410,35.8210,38.1410,35.9370
38.1410,35.9370,38.3750,35.9370
37.1280,35.8210,37.1280,35.9370
38.2450,35.8210,38.1410,35.8210
31.6740,33.9120,31.6740,33.7820
31.6740,33.7820,33.3360,33.7820
31.6740,33.9120,33.3360,33.9120
33.3360,33.9120,33.3360,35.8210
33.9470,31.3410,37.8680,31.3410
14.2220,37.8980,14.2220,33.3660
14.2220,33.3660,14.1180,33.3660
14.3520,33.2490,14.1180,33.2490
14.2220,37.8980,14.3520,37.8980
8.9761,33.3660,8.9761,37.8200
14.1180,33.3660,14.1180,33.2490
13.1050,33.2490,13.1050,33.3660
13.1050,33.3660,8.9761,33.3660
28.0510,31.2110,28.0510,24.9780
33.5570,31.2110,33.5570,29.4190
18.6240,24.9780,18.6240,31.4060
18.6240,31.4060,18.4680,31.4060
15.0920,24.9780,18.4940,24.9780
15.0270,24.8480,18.4940,24.8480
18.4940,24.9780,18.6240,24.9780
18.4940,24.8480,18.6890,24.8480
22.4290,24.9780,22.4290,26.9780
22.4290,31.4060,22.1040,31.4060
18.7540,31.4060,18.7540,24.9780
18.7540,24.9780,21.2860,24.9780
18.6890,24.8480,21.2860,24.8480
22.3120,24.9780,22.3120,24.8480
21.2860,24.9780,21.2860,24.8480
22.3120,24.9780,22.4290,24.9780
11.4040,31.4060,10.7680,31.4060
17.4810,31.4060,15.0920,31.4060
17.4810,31.5350,12.3650,31.5350
21.0910,31.4060,18.7540,31.4060
21.0910,31.5350,18.4680,31.5350
25.4410,31.4060,22.5590,31.4060
25.5710,31.5350,22.1040,31.5350
8.9761,31.2500,8.8592,31.2500
8.9761,33.1850,8.8592,33.1850
8.9761,33.2490,13.1050,33.2490
10.6380,31.5350,11.4040,31.5350
8.9761,25.1210,8.8592,25.1210
8.9761,23.1860,8.8592,23.1860
11.9110,24.8480,15.0270,24.8480
10.6380,24.8480,10.6380,26.9780
8.8592,25.1210,8.8592,28.1330
1.5096,28.2500,1.5096,28.1330
2.5224,28.2500,2.5224,28.1330
1.5096,28.1330,1.3667,28.1330
1.5096,28.2500,1.3667,28.2500
8.8592,28.1330,2.5224,28.1330
8.8592,28.2500,2.5224,28.2500
8.9761,23.1470,13.8460,23.1470
38.3750,31.3410,39.0500,31.3410
25.4410,31.4060,25.4410,28.4970
23.3640,28.4970,23.5070,28.4970
22.5590,26.9780,22.5590,24.9780
44.5560,35.9370,44.5560,35.6260
35.5180,34.7040,35.5180,35.8210
28.0510,35.8210,28.0510,35.1970
27.9220,31.2110,27.9220,34.1840
29.6360,35.8210,28.0510,35.8210
24.7010,24.9780,24.7010,24.8480
23.2860,24.9780,23.2860,24.8480
24.7010,24.8480,25.5710,24.8480
24.7010,24.9780,25.4410,24.9780
23.3640,28.3670,23.5070,28.3670
25.4410,27.2240,25.4410,24.9780
24.8310,28.4970,24.8310,31.4060
25.5710,27.3540,25.5710,24.8480
23.1430,31.4060,23.1430,29.4190
23.5070,28.4970,23.5070,28.3670
24.5190,28.3670,24.5190,28.4970
24.5190,28.4970,25.4410,28.4970
24.5190,28.3670,25.5710,28.3670
24.7010,27.2240,24.7010,27.3540
24.7010,27.3540,25.5710,27.3540
24.7010,27.2240,25.4410,27.2240
24.6230,26.8350,24.6230,25.3150
24.6230,25.3150,25.3370,25.3150
25.3370,25.3150,25.3370,26.8350
25.3370,26.8350,24.6230,26.8350
25.5710,33.2490,25.5710,36.6260
14.3520,33.2490,14.4560,33.2490
25.4410,33.3660,25.4410,36.6260
14.3520,33.3660,14.4560,33.3660
20.4550,33.3660,20.4550,37.8980
20.3250,33.3660,20.3250,37.8980
20.4550,33.3660,25.4410,33.3660
31.8040,35.8210,31.8040,35.3010
31.6740,35.8210,31.6740,35.3010
31.6740,35.3010,31.8040,35.3010
31.6740,35.8210,29.8170,35.8210
36.7260,35.8210,36.7260,35.3010
36.5960,35.8210,36.5960,35.3010
36.5960,35.3010,36.7260,35.3010
38.2450,35.8210,38.2450,33.8080
31.0510,35.7820,31.0510,35.3660
31.0510,35.3660,31.5180,35.3660
31.5180,35.3660,31.5180,35.7820
31.5180,35.7820,31.0510,35.7820
35.8300,35.7430,35.8300,35.3270
35.8300,35.3270,36.2840,35.3270
36.2840,35.3270,36.2840,35.7430
36.2840,35.7430,35.8300,35.7430
36.5960,35.8210,35.5180,35.8210
28.0510,35.1970,27.9220,35.1970
27.9220,34.1840,28.0510,34.1840
28.0510,34.1840,28.0510,31.3410
27.9220,35.1970,27.9220,35.9370
36.5960,33.6780,36.5960,33.8080
25.4410,37.6510,25.5710,37.6510
25.4410,36.6260,25.5710,36.6260
25.4410,37.6510,25.4410,37.8980
25.5710,37.6510,25.5710,37.8980
14.3520,33.3660,14.3520,37.8980
20.2340,33.3660,20.2340,33.2490
19.2080,33.3660,19.2080,33.2490
20.2340,33.2490,25.5710,33.2490
54.6060,26.9780,54.6060,29.4190
55.6840,26.9780,55.6840,29.4190
55.6840,29.4190,54.6060,29.4190
55.6840,26.9780,54.6060,26.9780
34.3490,26.9780,34.3490,29.4190
34.3490,29.4190,32.6220,29.4190
32.6220,26.9780,34.3490,26.9780
33.4270,31.2110,33.4270,29.4190
10.6380,26.9780,10.6380,29.4190
10.6380,29.4190,12.3650,29.4190
10.6380,26.9780,12.3650,26.9780
12.3650,26.9780,12.3650,29.4190
10.7680,26.9780,10.7680,24.9780
10.6380,29.4190,10.6380,31.5350
36.4790,48.4030,39.1540,48.4160
36.9590,53.7530,36.9590,53.4420
36.9590,53.4420,37.2710,53.4420
37.2710,53.4420,37.2710,53.7530
37.2710,53.7530,36.9590,53.7530
44.7500,58.9340,26.3110,58.8430
45.0490,59.2330,26.1170,59.1420
10.2490,48.0270,29.4930,48.1180
10.5470,59.0770,26.1170,59.1420
10.8590,58.7660,26.4280,58.8430
22.3510,48.3380,19.6890,48.3250
10.5860,50.2210,10.5600,55.3110
10.8980,50.2210,10.8590,58.7660
13.9620,48.2990,10.8980,48.2860
10.8980,48.2860,10.8980,50.2210
10.2360,50.2210,10.2490,48.0270
10.9110,48.0270,10.9110,47.5460
10.8980,50.2210,10.2360,50.2210
16.5460,48.7150,16.0920,48.7150
14.4170,48.7020,13.9620,48.7020
13.9620,48.7020,13.9620,48.2990
16.0920,48.3120,14.4170,48.2990
14.4170,48.2990,14.4170,48.7020
16.0920,48.7150,16.0920,48.3120
19.2210,48.3250,16.5590,48.3120
16.5590,48.3120,16.5460,48.7150
19.6760,48.7280,19.2210,48.7280
19.2210,48.7280,19.2210,48.3250
19.6760,48.7280,19.6890,48.3250
10.5600,57.3370,10.5470,59.0770
10.5600,55.8180,10.5600,56.8310
10.2100,55.2980,10.5600,55.3110
10.5600,55.8180,10.2100,55.8180
10.2100,55.8180,10.2100,55.2980
10.1970,56.8310,10.5600,56.8310
10.5600,57.3370,10.1970,57.3370
10.1970,57.3370,10.1970,56.8310
12.2090,53.3250,12.5080,53.3250
12.5080,53.3250,12.5080,53.6360
12.5080,53.6360,12.1960,53.6360
12.1960,53.6360,12.2090,53.3250
15.1570,53.3380,15.4560,53.3510
15.4560,53.3510,15.4560,53.6490
15.4560,53.6490,15.1570,53.6490
15.1570,53.6490,15.1570,53.3380
17.5460,53.6620,17.5460,53.3510
17.5460,53.3510,17.8580,53.3510
17.8580,53.3510,17.8580,53.6620
17.8580,53.6620,17.5460,53.6620
24.9480,48.7540,24.4930,48.7540
22.8050,48.7410,22.3510,48.7410
22.3510,48.7410,22.3510,48.3380
24.4930,48.3510,22.8180,48.3380
22.8180,48.3380,22.8050,48.7410
24.4930,48.7540,24.4930,48.3510
27.6230,48.3640,24.9480,48.3510
24.9480,48.3510,24.9480,48.7540
27.6230,48.7670,27.6230,48.3640
32.8950,48.7930,33.3490,48.7930
30.7390,48.7800,31.2070,48.7930
32.8950,48.3900,31.2070,48.3770
31.2070,48.3770,31.2070,48.7930
32.8950,48.7930,32.8950,48.3900
36.0240,48.4030,33.3490,48.3900
33.3490,48.3900,33.3490,48.7930
36.4790,48.8060,36.0240,48.8060
36.0240,48.8060,36.0240,48.4030
36.4790,48.8060,36.4790,48.4030
20.5980,53.6750,20.5980,53.3640
20.5980,53.3640,20.9100,53.3640
20.9100,53.3640,20.9100,53.6750
20.9100,53.6750,20.5980,53.6750
23.5590,53.3770,23.8570,53.3900
23.8570,53.3900,23.8570,53.6880
23.8570,53.6880,23.5460,53.6880
23.5460,53.6880,23.5590,53.3770
25.9480,53.7010,25.9480,53.3900
25.9480,53.3900,26.2460,53.3900
26.2460,53.3900,26.2460,53.7010
26.2460,53.7010,25.9480,53.7010
29.0510,53.4030,29.3500,53.4160
29.3500,53.4160,29.3500,53.7140
29.3500,53.7140,29.0510,53.7140
29.0510,53.7140,29.0510,53.4030
31.9990,53.7270,31.9990,53.4290
31.9990,53.4290,32.3110,53.4290
32.3110,53.4290,32.3110,53.7270
32.3110,53.7270,31.9990,53.7270
34.3880,53.4290,34.7000,53.4420
34.7000,53.4420,34.7000,53.7400
34.7000,53.7400,34.3880,53.7400
34.3880,53.7400,34.3880,53.4290
44.8020,47.7020,61.6050,47.7800
53.6320,48.1050,57.0610,48.1180
44.7890,50.3770,44.7500,58.9340
45.1010,50.3770,45.0750,55.4670
45.4650,48.0660,48.8930,48.0790
41.2830,48.8320,41.7380,48.8320
39.6080,48.8320,39.1540,48.8190
39.1540,48.8190,39.1540,48.4160
41.2830,48.4290,39.6080,48.4160
39.6080,48.4160,39.6080,48.8320
41.2830,48.8320,41.2830,48.4290
45.4520,50.3770,45.4650,48.0660
44.7890,50.3770,44.8020,48.4420
44.8020,48.4420,41.7510,48.4290
41.7510,48.4290,41.7380,48.8320
44.8020,48.1960,44.8020,47.7020
44.7890,50.3770,45.4520,50.3770
49.5420,48.0920,52.9700,48.1050
49.5420,48.7930,48.8800,48.7930
48.8800,48.7930,48.8930,48.0790
49.5420,48.0920,49.5420,48.7930
53.6320,48.8190,52.9700,48.8190
52.9700,48.8190,52.9700,48.1050
53.6320,48.1050,53.6320,48.8190
45.0620,57.5060,45.0490,59.2330
39.0500,53.4550,39.3620,53.4550
39.3620,53.4550,39.3490,53.7660
39.3490,53.7660,39.0500,53.7660
39.0500,53.7660,39.0500,53.4550
41.9460,53.7790,41.9460,53.4680
41.9460,53.4680,42.2570,53.4680
42.2570,53.4680,42.2570,53.7790
42.2570,53.7790,41.9460,53.7790
45.0750,55.9740,45.0620,57.0000
45.4260,55.4670,45.4260,55.9740
45.4260,55.9740,45.0750,55.9740
45.4260,55.4670,45.0750,55.4670
45.4260,57.0000,45.4130,57.5060
45.4130,57.5060,45.0620,57.5060
45.4260,57.0000,45.0620,57.0000
57.7230,48.1180,60.9300,48.1440
57.7100,48.8320,57.0480,48.8320
57.0480,48.8320,57.0610,48.1180
57.7230,48.1180,57.7100,48.8320
17.0270,45.7150,17.0270,42.6770
24.2080,38.3140,24.2080,38.4180
24.0780,41.1190,24.0780,39.4430
24.0780,38.4180,24.2080,38.4180
24.0780,39.4430,24.2080,39.4430
24.0780,38.4180,24.0780,38.2750
24.2080,39.4430,24.2080,41.2480
19.8450,41.2480,19.8450,41.6770
19.0270,44.9880,20.1560,44.9880
20.1560,45.1440,19.0270,45.1440
19.0270,45.1440,19.0270,44.9880
17.1440,44.9880,17.8580,44.9880
17.8580,44.9880,17.8580,45.1440
21.4810,44.9880,21.4810,45.1440
21.4810,44.9880,22.3380,44.9880
20.1560,44.9880,20.1560,45.1440
17.8580,45.1440,17.1440,45.1440
26.1040,38.2750,17.1960,38.2750
17.1960,38.2750,17.1960,41.1190
17.0790,41.2480,17.0790,39.7420
19.7150,41.2480,19.7150,42.6770
24.2080,41.2480,22.7270,41.2480
20.8580,41.2090,23.3510,41.2090
19.8450,42.8070,17.1440,42.8070
22.3380,41.2480,22.3380,41.6770
24.0780,41.1190,17.1960,41.1190
17.1440,45.1440,17.1440,45.7150
17.1440,42.8070,17.1440,44.9880
22.4680,41.9110,22.4680,44.5860
22.3380,41.8070,22.3380,44.9880
22.3380,41.2480,19.8450,41.2480
19.8450,41.8070,19.8450,42.8070
19.7150,41.2480,17.0790,41.2480
22.3380,45.1440,21.4810,45.1440
17.0270,48.0530,17.0270,47.9490
17.1440,45.7150,17.0270,45.7150
17.1440,47.9490,17.0270,47.9490
10.9110,48.0270,10.9110,38.2750
11.0410,48.0270,11.0410,38.2750
52.3600,37.9110,55.1910,37.9110
52.3600,38.0150,55.1910,38.0150
44.5560,34.6000,44.5560,29.4190
44.4260,34.6000,44.4260,30.3150
44.5560,25.1210,44.4260,25.1210
44.5560,26.1340,44.4260,26.1340
44.5560,25.1210,44.5560,24.8480
44.4260,26.1340,44.4260,26.9780
39.0500,30.3150,39.0500,24.9780
29.6100,23.0170,29.6100,23.1470
30.6230,23.0170,30.6230,23.1470
29.6100,23.1470,29.4670,23.1470
23.3640,29.4190,21.6240,29.4190
21.6240,26.9780,23.3640,26.9780
23.3640,26.9780,23.3640,29.4190
23.1430,26.9780,23.1430,24.9780
33.5570,26.9780,33.5570,24.9780
58.3070,37.9110,61.2420,37.9110
12.3780,18.4850,12.3780,18.2120
17.8060,18.4850,17.8060,18.2120
21.6760,18.4850,21.6760,18.2120
27.1810,18.4200,27.1810,18.2120
32.5960,18.4200,32.5960,18.1090
34.4270,18.4200,34.4270,18.1090
1.3797,37.8980,1.3797,38.2750
5.1195,37.8980,5.1195,38.2750
6.8855,37.8980,6.8855,38.2750
10.6250,37.8980,10.6250,38.2750
12.3780,37.8980,12.3780,38.2750
16.1180,37.8980,16.1180,38.2750
17.8710,37.8980,17.8710,38.2750
21.6110,37.8980,21.6110,38.2750
23.3770,37.8980,23.3770,38.2750
39.8030,18.4850,39.8030,18.2120
43.6730,18.4850,43.6730,18.2120
45.2960,18.4850,45.2960,18.2120
49.1650,18.4850,49.1650,18.2120
54.6580,18.4850,54.6580,18.2120
54.6580,18.4850,61.4240,18.4850
50.7890,18.4850,49.1650,18.4850
39.8030,18.4200,38.4790,18.4200
43.6730,18.2120,45.2960,18.2120
43.6730,18.4850,45.2960,18.4850
34.4270,18.4200,32.5960,18.4200
28.4930,18.4200,27.1810,18.4200
21.6760,18.4850,23.3120,18.4850
17.8060,18.4850,16.1830,18.4850
23.3770,37.8980,21.6110,37.8980
21.6110,38.2750,23.3770,38.2750
10.6250,37.8980,12.3780,37.8980
10.6250,38.2750,12.3780,38.2750
1.3148,18.4850,0.7824,18.4850
0.7824,18.4850,0.7824,18.6540
0.6915,37.8980,1.3797,37.8980
5.1195,38.2750,6.8855,38.2750
6.8855,37.8980,5.1195,37.8980
1.3797,38.2750,0.1721,38.2750
54.6580,18.2120,56.4240,18.2120
49.1650,18.2120,50.7890,18.2120
56.4240,18.2120,56.4240,18.1090
56.4240,18.1090,61.7870,18.1090
27.1810,18.2120,28.4930,18.2120
21.6760,18.2120,23.3120,18.2120
1.3148,18.2120,1.3148,18.4850
55.6840,18.4850,55.6840,18.7970
55.6840,18.7970,55.2690,18.7970
55.2690,18.7970,55.2690,18.4850
50.1780,18.4850,50.1780,18.7970
50.1780,18.7970,49.8280,18.7970
44.6860,18.4850,44.6860,18.7970
44.6860,18.7970,44.2830,18.7970
44.2830,18.7970,44.2830,18.4850
28.2720,18.4200,28.2720,18.7970
28.2720,18.7970,27.7920,18.7970
27.7920,18.7970,27.7920,18.4850
27.7920,18.4850,24.1170,18.4850
22.7010,18.4850,22.7010,18.7970
22.7010,18.7970,22.2860,18.7970
22.2860,18.7970,22.2860,18.4850
17.1960,18.4850,17.1960,18.7970
17.1960,18.7970,16.7930,18.7970
16.7930,18.7970,16.7930,18.4850
11.7030,18.4850,11.7030,18.7970
11.7030,18.7970,11.3000,18.7970
11.3000,18.7970,11.3000,18.4850
6.2102,18.4850,6.2102,18.7970
6.2102,18.7970,5.7947,18.7970
5.7947,18.7970,5.7947,18.4850
61.4240,28.3930,61.1250,28.3930
61.1250,28.3930,61.1250,27.9900
61.1250,27.9900,61.4240,27.9900
61.4240,33.2880,61.1250,33.2880
61.1250,33.2880,61.1250,32.8730
61.1250,32.8730,61.4240,32.8730
61.1250,37.9110,61.1250,37.7160
61.1250,37.7160,61.4240,37.7160
11.7030,37.8980,11.7030,37.5870
11.7030,37.5870,11.3000,37.5870
11.3000,37.5870,11.3000,37.8980
6.2102,37.8980,6.2102,37.5870
6.2102,37.5870,5.7947,37.5870
5.7947,37.5870,5.7947,37.8980
33.6870,37.8980,33.6870,37.5870
33.6870,37.5870,33.2840,37.5870
33.2840,37.5870,33.2840,37.8980
39.4400,37.9110,39.4400,37.5870
39.4400,37.5870,38.7770,37.5870
38.7770,37.5870,38.7770,37.8980
16.1180,37.8980,17.8710,37.8980
38.9850,37.8980,31.7260,37.8980
52.8270,18.1090,52.8270,18.4850
52.0090,18.1090,52.0090,18.4850
51.6070,18.1090,51.6070,18.4850
50.7890,18.1090,50.7890,18.4850
54.6580,18.4850,52.8270,18.4850
52.0090,18.4850,51.6070,18.4850
56.4240,18.1090,52.8270,18.1090
52.0090,18.1090,51.6070,18.1090
50.7890,18.1090,48.7500,18.1090
48.7500,18.1090,48.7500,18.4850
47.9450,18.1090,47.9450,18.4850
47.5290,18.1090,47.5290,18.4850
46.7240,18.1090,46.7240,18.4850
47.9450,18.4850,47.5290,18.4850
47.9450,18.1090,47.5290,18.1090
46.7240,18.1090,38.4790,18.1090
48.7500,18.4850,49.1650,18.4850
46.7240,18.4850,45.2960,18.4850
39.8030,18.4850,43.6730,18.4850
20.2600,18.1090,20.2600,18.4850
19.4420,18.1090,19.4420,18.4850
19.0270,18.1090,19.0270,18.4850
18.2220,18.1090,18.2220,18.4850
19.4420,18.4850,19.0270,18.4850
19.4420,18.1090,19.0270,18.1090
16.1830,18.1090,16.1830,18.4850
15.3650,18.1090,15.3650,18.4850
14.9620,18.1090,14.9620,18.4850
14.1440,18.1090,14.1440,18.4850
15.3650,18.4850,14.9620,18.4850
15.3650,18.1090,14.9620,18.1090
11.0930,18.1090,11.0930,18.4850
10.2750,18.1090,10.2750,18.4850
9.8721,18.1090,9.8721,18.4850
9.0540,18.1090,9.0540,18.4850
10.2750,18.4850,9.8721,18.4850
10.2750,18.1090,9.8721,18.1090
7.0153,18.1090,7.0153,18.4850
6.2102,18.1090,6.2102,18.4850
5.7947,18.1090,5.7947,18.4850
4.9896,18.1090,4.9896,18.4850
6.2102,18.1090,5.7947,18.1090
24.1170,18.1090,24.1170,18.4850
23.3120,18.1090,23.3120,18.4850
28.4930,18.1090,24.1170,18.1090
4.9896,18.1090,0.1721,18.1090
0.1721,18.1090,0.1721,18.6540
4.9896,18.4850,1.3148,18.4850
7.0153,18.4850,9.0540,18.4850
9.0540,18.1090,7.0153,18.1090
11.0930,18.4850,12.3780,18.4850
11.0930,18.2120,12.3780,18.2120
11.0930,18.1090,14.1440,18.1090
16.1830,18.2120,17.8060,18.2120
12.3780,18.4850,14.1440,18.4850
18.2220,18.4850,17.8060,18.4850
16.1830,18.1090,18.2220,18.1090
20.2600,18.4850,21.6760,18.4850
20.2600,18.1090,23.3120,18.1090
31.5570,18.1090,31.5570,18.4200
28.4930,18.1090,28.4930,18.4200
32.5960,18.4200,31.5570,18.4200
38.4790,18.2120,39.8030,18.2120
35.4270,18.1090,35.4270,18.4200
38.4790,18.1090,38.4790,18.4200
34.4270,18.4200,35.4270,18.4200
23.3770,37.9370,26.1040,37.9370
21.6110,37.9370,17.8710,37.9370
16.1180,38.2750,12.3780,38.2750
12.3780,37.9370,16.1180,37.9370
10.6250,38.2750,6.8855,38.2750
6.8855,37.9370,10.6250,37.9370
1.3797,38.2750,5.1195,38.2750
5.1195,37.9370,1.3797,37.9370
55.1910,33.3920,55.1910,32.7560
55.1910,32.7560,55.7490,32.7560
55.7490,32.7560,55.7490,33.3920
55.7490,33.3920,55.1910,33.3920
44.2050,38.2880,44.2050,37.6510
44.2050,37.6510,44.7630,37.6510
44.7630,37.6510,44.7630,38.2880
44.7630,38.2880,44.2050,38.2880
55.1910,38.2880,55.1910,37.6510
55.1910,37.6510,55.7490,37.6510
55.7490,37.6510,55.7490,38.2880
55.7490,38.2880,55.1910,38.2880
49.6980,38.2880,49.6980,37.6510
49.6980,37.6510,50.2560,37.6510
50.2560,37.6510,50.2560,38.2880
50.2560,38.2880,49.6980,38.2880
55.1520,23.1470,55.1520,23.5880
55.1520,23.5880,55.7880,23.5880
55.7880,23.5880,55.7880,23.1470
44.4260,29.4190,44.4260,30.3150
44.5560,26.9780,44.5560,26.1340
55.7880,23.1470,57.5670,23.1470
50.4250,37.9110,50.4250,38.0150
52.3600,37.9110,52.3600,38.0150
46.2830,37.9110,46.2830,38.0150
40.1020,37.9110,40.1020,38.0150
42.0370,37.9110,42.0370,38.0150
42.0370,38.0150,44.2050,38.0150
42.0370,37.9110,44.2050,37.9110
30.5190,48.1180,44.8020,48.1960
53.5800,38.0150,53.5800,47.7410
53.7100,38.0150,53.7100,47.7410
46.2830,37.9110,44.7630,37.9110
44.7630,38.0150,49.6980,38.0150
50.2560,37.9110,50.4250,37.9110
57.5930,37.9110,57.5930,38.0150
55.7490,37.9110,55.7490,38.0150
42.0370,37.9110,42.0370,38.0150
40.1020,37.9110,40.1020,38.0150
30.5190,48.1180,29.4930,48.1180
17.1960,33.3660,17.1960,37.4570
15.4690,33.3660,15.4690,33.2490
14.4560,33.3660,14.4560,33.2490
17.3260,37.4570,17.3260,33.3660
17.3260,33.3660,19.2080,33.3660
15.4690,33.2490,19.2080,33.2490
15.4690,33.3660,17.1960,33.3660
28.0510,31.3410,29.6360,31.3410
27.9220,31.2110,38.9330,31.2110
11.0930,18.2120,11.0930,18.4850
16.1830,18.2120,16.1830,18.4850
23.3120,18.2120,23.3120,18.4850
28.4930,18.2120,28.4930,18.4200
38.4790,18.2120,38.4790,18.4200
50.7890,18.2120,50.7890,18.4850
28.2460,38.2750,28.2460,48.1050
27.7400,38.2750,29.7910,38.2750
28.3500,37.8980,28.3500,37.5870
28.3500,37.5870,27.7400,37.5870
27.7400,37.5870,27.7400,38.2750
25.8310,41.2480,22.7270,41.2480
22.4680,41.9110,22.4680,44.5860
25.9610,45.9100,25.9610,44.5860
25.7530,39.7940,25.7530,41.1190
25.9610,45.9100,25.8310,45.9100
26.2080,39.7940,25.7530,39.7940
22.7270,41.2480,22.7270,41.9110
22.7270,41.9110,22.4680,41.9110
25.7530,41.1190,24.2080,41.1190
26.2080,39.7940,26.2080,41.0150
26.2080,41.0150,25.9610,41.0150
22.3380,45.1440,22.3380,45.9100
25.8310,45.9100,25.8310,44.7020
22.4680,44.5860,25.9610,44.5860
25.8310,42.4430,25.9610,42.4430
25.9610,42.4430,25.9610,41.0150
25.8310,42.4430,25.8310,41.2480
25.8310,44.7020,22.4680,44.7020
22.4680,44.7020,22.4680,45.9100
22.4680,45.9100,22.3380,45.9100
22.4290,29.4190,22.4290,31.4060
33.4270,26.9780,33.4270,24.9780
58.3070,38.0150,57.5930,38.0150
57.6840,37.9110,58.3070,37.9110
34.4270,18.1090,32.5960,18.1090
31.5570,16.6800,35.4270,16.6800
35.4270,16.6800,35.4270,18.4200
31.5570,16.6800,31.5570,18.4200
17.1440,48.0270,27.8960,48.0660
27.8960,48.0660,27.8960,38.2750
29.7910,37.8980,29.7910,38.2750
0.6915,18.6540,0.6915,37.8980
0.7954,18.4850,0.7954,26.9780
0.3019,18.2120,0.3019,18.6540
0.3019,18.6540,0.1721,18.6540
0.3019,18.2120,1.3148,18.2120
27.7400,38.2750,27.7400,37.8980
38.7770,43.0920,38.7770,44.9230
39.0890,44.9230,39.0890,43.0920
38.7770,46.5850,38.7770,47.4550
39.0890,46.5850,39.0890,47.4550
31.7260,37.8980,31.7260,38.2750
29.7910,37.8980,27.7400,37.8980
31.7260,38.2750,38.7770,38.2750
29.0380,41.5730,29.0380,42.3910
29.0380,42.3910,28.2460,42.3910
28.2460,41.5730,29.0380,41.5730
28.2460,41.4430,29.1680,41.4430
29.1680,41.4430,29.1680,42.5080
29.1680,42.5080,28.2460,42.5080
16.4430,38.2750,16.4430,39.7420
17.0790,39.7420,16.9100,39.7420
16.5720,39.6250,17.0790,39.6250
17.0790,39.6250,17.0790,38.2750
16.9100,39.7420,16.9100,41.1450
16.8060,39.7420,16.8060,41.2480
16.8060,41.2480,17.0790,41.2480
17.0790,41.1450,16.9100,41.1450
16.9100,42.7810,16.9100,45.0270
16.8060,42.6770,16.8060,45.1310
17.0270,42.7810,16.9100,42.7810
17.0270,42.6770,16.8060,42.6770
17.0270,45.1310,16.8060,45.1310
17.0270,45.0270,16.9100,45.0270
8.8592,28.2500,8.8592,31.2500
8.9761,23.0170,8.9761,18.4850
8.9761,33.3660,8.9761,37.8980
8.8592,23.1860,8.8592,18.4850
8.8592,33.1850,8.8592,37.8980
21.6240,26.9780,21.6240,29.4190
1.3667,29.4190,0.7954,29.4190
0.7954,26.9780,1.3667,26.9780
1.3667,26.9780,1.3667,29.4190
0.7954,29.4190,0.7954,37.8980
32.6220,26.9780,32.6220,29.4190
45.3480,26.9780,45.3480,29.4190
45.3480,29.4190,43.6210,29.4190
45.3480,26.9780,43.6210,26.9780
43.6210,26.9780,43.6210,29.4190
28.2720,18.6930,28.2720,19.5370
28.2720,23.0170,29.3890,23.0170
29.3890,23.0170,29.3890,19.6670
28.1420,18.7970,28.1420,23.1470
28.1420,23.1470,29.5190,23.1470
29.5190,23.1470,29.5190,19.6670
46.5420,23.0170,46.0620,23.0170
39.1150,19.5370,28.2720,19.5370
46.0620,18.4850,46.0620,23.0170
46.6720,23.1470,45.9320,23.1470
39.2450,19.6670,29.5190,19.6670
45.9320,18.4850,45.9320,23.1470
28.2720,23.0170,28.2720,19.6670
28.2720,19.6670,29.3890,19.6670
39.1150,18.7970,38.6990,18.7970
38.6990,18.7970,38.6990,18.4200
46.6720,18.4850,46.6720,23.1470
46.5420,18.4850,46.5420,23.0170
39.1150,23.0170,39.1150,19.6670
39.2450,23.0170,39.2450,18.4200
39.1150,19.5370,39.1150,18.7970
16.5720,37.8980,16.5720,37.5610
16.5720,37.5610,18.1310,37.5610
18.1310,37.5610,18.1310,37.9370
16.5850,38.1710,17.0010,38.1710
17.0010,38.1710,17.0010,38.2750
16.5850,38.1710,16.5850,38.2750
16.5850,38.2750,16.1180,38.2750
16.5720,38.2750,16.5720,39.6250
16.8060,39.7420,16.4430,39.7420
22.7010,37.8980,22.7010,37.5870
22.7010,37.5870,22.2860,37.5870
22.2860,37.5870,22.2860,37.8980
22.2860,37.8980,18.2480,37.8980
22.7010,37.8980,26.1430,37.8980
26.1430,37.8980,26.1430,38.3140
26.1430,38.3140,24.2080,38.3140
16.4430,37.8980,11.7030,37.8980
6.2102,37.8980,11.3000,37.8980
5.7947,37.8980,0.7954,37.8980
18.2480,37.8980,18.2480,37.4570
18.2480,37.4570,16.4690,37.4570
16.4690,37.4570,16.4690,37.8980
58.8010,23.1860,58.5930,23.1860
58.8400,23.4460,58.8400,18.4850
58.4890,23.0170,58.4890,18.4850
61.2290,23.5230,61.2290,18.4850
61.2290,18.4850,58.8400,18.4850
61.3200,23.5230,61.3200,25.1340
19.7150,42.6770,17.0270,42.6770
22.5590,41.7940,19.8710,41.7940
30.7390,48.3770,28.0770,48.3770
28.7270,49.6110,30.7390,49.6110
28.0770,48.7670,28.0770,48.3770
27.6230,48.7670,28.7270,48.7670
30.7390,49.6110,30.7390,48.3770
28.7270,49.5720,30.7130,49.5720
30.7130,49.5720,30.7130,48.4420
1.5217,28.2442,2.5161,28.2442
1.5217,28.1199,2.5161,28.1354
5.9348,32.1382,5.9348,28.2956
7.0921,33.5642,3.6518,33.5642
7.1053,33.5509,7.1053,33.9892
7.0788,33.9892,3.6386,33.9892
0.7961,33.3782,3.6120,33.3915
3.6253,33.3782,3.6253,34.0955
3.6253,34.0955,0.8226,34.0822
